observation_id,cohort_key,response_timestamp_x,week_number,total_hours_this_week,avg_daily_study_hours,study_consistency,revision_frequency,group_study_participation,ai_tools_usage,approx_ai_usage_hours,digital_tool_usage_frequency,academic_constraints_raw,productivity_level_x,stress_level_x,had_assessment,assessment_score,comparison_to_last_week,weekly_tools_raw,response_timestamp_y,state,university_type,course_program,year_of_study,cgpa_band,baseline_avg_daily_study_hours,digital_tools_raw,tool_count,total_hours,avg_daily_hours_numeric,num_tools_used_weekly,engagement_index,productivity_level_y,stress_level_y,risk_flag,momentum
2178,e14fc3506630213cf4dbb3dddf035e19aad46cfaf81f1761b7791f1f48a64d67,2025-12-26 07:20:19,Week 1,18,0 – 2 hours,3,1,Often,"ChatGPT / AI tools, College LMS, WhatsApp / Telegram",6 – 10,4,"Poor internet, No quiet study space",3,4,False,70.0,About the same,NaN,2026-02-02 12:45:31,Madhya Pradesh,Central University,B.Tech,3rd Year,8.0 – 9.0,2 – 4 hours,"ChatGPT / AI tools, WhatsApp / Telegram",2,,,,,,,,
2179,bed0f2897fdcff9c379616ea83849b1ca59a967db6315c91cd8fcf4fcf4c7216,2025-12-26 19:16:08,Week 1,0,6+ hours,5,1,Never,NaN,0,1,Poor internet,5,5,False,0.0,Much better,NaN,2026-01-31 18:46:23,Andhra Pradesh,State University,B.Sc,2nd Year,7.0 – 8.0,2 – 4 hours,"YouTube, NPTEL / SWAYAM, WhatsApp / Telegram",3,,,,,,,,
2180,ea6dc2fae8a61411b9d6de51699ca6787330c0036ffedddf4a649648fefe8732,2025-12-27 12:32:17,Week 1,30,6+ hours,5,5,Always,"YouTube, NPTEL / SWAYAM, Coursera / Udemy / edX, ChatGPT / AI tools, Notion / Anki / Obsidian, College LMS, WhatsApp / Telegram, Physical notes only, None",3 – 6,5,No quiet study space,5,5,False,10.0,Much better,NaN,2026-01-31 18:48:18,Andhra Pradesh,Private University,B.Tech,4th Year,7.0 – 8.0,2 – 4 hours,"YouTube, ChatGPT / AI tools, College LMS, WhatsApp / Telegram",4,,,,,,,,
2181,63c23cf4b390284f3ce1175699f5efa501022ba212fe21be99dc9e2d21deebbf,2025-12-27 12:37:17,Week 1,3,0 – 2 hours,3,1,Rarely,"YouTube, ChatGPT / AI tools, Physical notes only",3 – 6,3,"Poor internet, No quiet study space, Health / stress issues",2,1,False,70.0,Slightly worse,NaN,2026-02-02 12:38:59,Rajasthan,State University,B.Sc,2nd Year,7.0 – 8.0,4 – 6 hours,"Coursera / Udemy / edX, ChatGPT / AI tools, Notion / Anki / Obsidian, College LMS, Physical notes",5,,,,,,,,
2182,a0844c331d7454600df29956fea1f640e9035aa0e376172eded377ff472dedbe,2025-12-27 14:54:03,Week 1,10,0 – 2 hours,2,1,Rarely,"Coursera / Udemy / edX, ChatGPT / AI tools, College LMS, WhatsApp / Telegram",3 – 6,4,"Poor internet, Mobile-only access, Health / stress issues",5,5,False,50.0,About the same,NaN,2026-01-31 18:46:52,Karnataka,Central University,B.Sc,1st Year,7.0 – 8.0,2 – 4 hours,"NPTEL / SWAYAM, Coursera / Udemy / edX, ChatGPT / AI tools, College LMS, WhatsApp / Telegram, Physical notes",6,,,,,,,,
2183,384ceb85e96e6aa2ecda396e81a782b00f64a547b8639cec5570f556cec3c71d,2025-12-29 14:24:18,Week 1,42,6+ hours,4,4,Often,"YouTube, Coursera / Udemy / edX, ChatGPT / AI tools, Notion / Anki / Obsidian, College LMS, WhatsApp / Telegram",6 – 10,5,NaN,5,3,False,85.0,Slightly better,NaN,2026-02-23 10:05:39,Kerala,Private University,B.Com,2nd Year,8.0 – 9.0,4 – 6 hours,"NPTEL / SWAYAM, Coursera / Udemy / edX, College LMS, Physical notes",4,,,,,,,,
2184,219d4ac6903fffab5ab1d64d6ed0b331adcc691f0e116fb7f62cefba91f7b0ec,2026-01-12 20:21:27,Week 1,10,0 – 2 hours,3,1,Rarely,"ChatGPT, Google Gemini, Microsoft Copilot, Claude",3 – 6,3,"No quiet study space, Health / stress issues",3,5,False,85.0,About the same,"YouTube, College LMS, WhatsApp / Telegram (for study purposes), Physical Notes",2025-12-26 18:34:24,Andhra Pradesh,Private University,B.Tech,3rd Year,9.0+,0 – 2 hours,ChatGPT / AI tools,1,,,,,,,,
2185,f90ab6deefe14d178606a393182b36cdc645169d692772666b9c29214c2a4e40,2026-01-12 20:23:04,Week 1,4,0 – 2 hours,3,2,Often,"ChatGPT, Google Gemini, Perplexity AI",1 – 3,4,"Poor internet, No quiet study space",3,2,False,77.0,About the same,"YouTube, Coursera / Udemy / edX, WhatsApp / Telegram (for study purposes)",2026-02-05 21:56:57,Telangana,Private University,B.Tech,3rd Year,7.0 – 8.0,0 – 2 hours,"ChatGPT / AI tools, WhatsApp / Telegram",2,,,,,,,,
2186,f5df30de694992a770d857d674587e781574c81ffc40be127f93b6a3d3a95f48,2026-01-12 21:35:58,Week 1,5,2 – 4 hours,2,1,Rarely,"ChatGPT, Google Gemini, Microsoft Copilot, Perplexity AI, GitHub Copilot",3 – 6,3,"Poor internet, Mobile-only access, No quiet study space",3,3,False,50.0,Slightly worse,"YouTube, NPTEL / SWAYAM, WhatsApp / Telegram (for study purposes), Physical Notes",2026-02-23 10:05:11,Andhra Pradesh,State University,B.Sc,3rd Year,Prefer not to say,2 – 4 hours,"YouTube, Coursera / Udemy / edX, Notion / Anki / Obsidian, WhatsApp / Telegram, Physical notes",5,,,,,,,,
2187,266344e1c50b449d6d5dbec5b4b1af3236f13cc0b97871acccf3da3697283f82,2026-01-12 21:44:30,Week 1,3,0 – 2 hours,1,1,Rarely,"ChatGPT, Google Gemini, Microsoft Copilot",1 – 3,3,NaN,2,2,False,,About the same,YouTube,2026-01-16 12:24:26,Tamil Nadu,Private University,B.Tech,3rd Year,9.0+,2 – 4 hours,"YouTube, ChatGPT / AI tools, Notion / Anki / Obsidian, WhatsApp / Telegram",4,,,,,,,,
2188,0e155a1241bd00b2d588262223a52e0f8a911a4000092f096e6968dccae9e61b,2026-01-12 22:33:54,Week 1,5,0 – 2 hours,3,2,Sometimes,"ChatGPT, Perplexity AI, Replit AI",3 – 6,4,Poor internet,3,3,False,,About the same,YouTube,2026-02-03 11:16:29,Tamil Nadu,IIT / NIT,B.Tech,4th Year,8.0 – 9.0,2 – 4 hours,"ChatGPT / AI tools, College LMS",2,,,,,,,,
12,48cdb835c278ac6b10eed195f85632896d3be15d20d75197a0b916b2395939a6,2025-12-26 07:20:19,Week 1,18,0 – 2 hours,3,1,Often,"ChatGPT / AI tools, College LMS, WhatsApp / Telegram",6 – 10,4,"Poor internet, No quiet study space",3,4,False,70.0,About the same,NaN,2026-01-27 00:18:46,Telangana,IIT / NIT,B.Sc,3rd Year,7.0 – 8.0,0 – 2 hours,"YouTube, NPTEL / SWAYAM, ChatGPT / AI tools, WhatsApp / Telegram, Physical notes only",5,,,,,,,,
13,ef4aca4b5a9ddc8cfe1cda04eef5cb540a47e603dac29e3f59b7bdd1a387191d,2025-12-26 19:16:08,Week 1,0,6+ hours,5,1,Never,NaN,0,1,Poor internet,5,5,False,0.0,Much better,NaN,2026-02-02 12:52:17,Maharashtra,Private University,B.Tech,Others,6.0 – 7.0,2 – 4 hours,"YouTube, ChatGPT / AI tools",2,,,,,,,,
14,9f7b57d47f3cd447af0a85a35c1ce5b1287d471159595088cd7493a849b93059,2025-12-27 12:32:17,Week 1,30,6+ hours,5,5,Always,"YouTube, NPTEL / SWAYAM, Coursera / Udemy / edX, ChatGPT / AI tools, Notion / Anki / Obsidian, College LMS, WhatsApp / Telegram, Physical notes only, None",3 – 6,5,No quiet study space,5,5,False,10.0,Much better,NaN,2026-02-02 12:38:26,Punjab,Central University,B.Tech,1st Year,6.0 – 7.0,4 – 6 hours,"YouTube, NPTEL / SWAYAM, Coursera / Udemy / edX, ChatGPT / AI tools, College LMS, WhatsApp / Telegram",6,,,,,,,,
15,f8041b50a2c1379ae1a539104ac8cfff2e7475d9225620826e59c80d286afe76,2025-12-27 12:37:17,Week 1,3,0 – 2 hours,3,1,Rarely,"YouTube, ChatGPT / AI tools, Physical notes only",3 – 6,3,"Poor internet, No quiet study space, Health / stress issues",2,1,False,70.0,Slightly worse,NaN,2026-01-31 18:25:54,Andhra Pradesh,Private University,B.Sc,3rd Year,7.0 – 8.0,0 – 2 hours,"YouTube, NPTEL / SWAYAM, Notion / Anki / Obsidian, College LMS, WhatsApp / Telegram",5,,,,,,,,
16,48cdb835c278ac6b10eed195f85632896d3be15d20d75197a0b916b2395939a6,2025-12-27 14:54:03,Week 1,10,0 – 2 hours,2,1,Rarely,"Coursera / Udemy / edX, ChatGPT / AI tools, College LMS, WhatsApp / Telegram",3 – 6,4,"Poor internet, Mobile-only access, Health / stress issues",5,5,False,50.0,About the same,NaN,2026-01-27 00:18:46,Telangana,IIT / NIT,B.Sc,3rd Year,7.0 – 8.0,0 – 2 hours,"YouTube, NPTEL / SWAYAM, ChatGPT / AI tools, WhatsApp / Telegram, Physical notes only",5,,,,,,,,
17,b319601b117de5d02e9d335f82997ad5d2c20f041b094bdd7a67411b8ad1543b,2025-12-29 14:24:18,Week 1,42,6+ hours,4,4,Often,"YouTube, Coursera / Udemy / edX, ChatGPT / AI tools, Notion / Anki / Obsidian, College LMS, WhatsApp / Telegram",6 – 10,5,NaN,5,3,False,85.0,Slightly better,NaN,2026-01-31 11:34:19,Tamil Nadu,State University,B.Tech,4th Year,8.0 – 9.0,0 – 2 hours,"YouTube, ChatGPT / AI tools, WhatsApp / Telegram",3,,,,,,,,
18,9f7b57d47f3cd447af0a85a35c1ce5b1287d471159595088cd7493a849b93059,2026-01-12 20:21:27,Week 1,10,0 – 2 hours,3,1,Rarely,"ChatGPT, Google Gemini, Microsoft Copilot, Claude",3 – 6,3,"No quiet study space, Health / stress issues",3,5,False,85.0,About the same,"YouTube, College LMS, WhatsApp / Telegram (for study purposes), Physical Notes",2026-02-02 12:38:26,Punjab,Central University,B.Tech,1st Year,6.0 – 7.0,4 – 6 hours,"YouTube, NPTEL / SWAYAM, Coursera / Udemy / edX, ChatGPT / AI tools, College LMS, WhatsApp / Telegram",6,,,,,,,,
19,63c23cf4b390284f3ce1175699f5efa501022ba212fe21be99dc9e2d21deebbf,2026-01-12 20:23:04,Week 1,4,0 – 2 hours,3,2,Often,"ChatGPT, Google Gemini, Perplexity AI",1 – 3,4,"Poor internet, No quiet study space",3,2,False,77.0,About the same,"YouTube, Coursera / Udemy / edX, WhatsApp / Telegram (for study purposes)",2026-02-02 12:38:59,Rajasthan,State University,B.Sc,2nd Year,7.0 – 8.0,4 – 6 hours,"Coursera / Udemy / edX, ChatGPT / AI tools, Notion / Anki / Obsidian, College LMS, Physical notes",5,,,,,,,,
20,794e3ecad2e18d7bce8d1013a9e08fe529cc63443905f9864cedec22f7a9459b,2026-01-12 21:35:58,Week 1,5,2 – 4 hours,2,1,Rarely,"ChatGPT, Google Gemini, Microsoft Copilot, Perplexity AI, GitHub Copilot",3 – 6,3,"Poor internet, Mobile-only access, No quiet study space",3,3,False,50.0,Slightly worse,"YouTube, NPTEL / SWAYAM, WhatsApp / Telegram (for study purposes), Physical Notes",2025-12-27 12:35:23,Tamil Nadu,Deemed University,B.Tech,3rd Year,6.0 – 7.0,0 – 2 hours,"YouTube, ChatGPT / AI tools",2,,,,,,,,
21,2b17d11e7d9c1af7a7fed72e60e90a5ee797f0b6e0cc8645592f6fdc2ad13cd2,2026-01-12 21:44:30,Week 1,3,0 – 2 hours,1,1,Rarely,"ChatGPT, Google Gemini, Microsoft Copilot",1 – 3,3,NaN,2,2,False,,About the same,YouTube,2026-01-31 18:51:00,Tamil Nadu,State University,B.Tech,1st Year,6.0 – 7.0,2 – 4 hours,"YouTube, Coursera / Udemy / edX, ChatGPT / AI tools, Notion / Anki / Obsidian, WhatsApp / Telegram",5,,,,,,,,
22,48cdb835c278ac6b10eed195f85632896d3be15d20d75197a0b916b2395939a6,2026-01-12 22:33:54,Week 1,5,0 – 2 hours,3,2,Sometimes,"ChatGPT, Perplexity AI, Replit AI",3 – 6,4,Poor internet,3,3,False,,About the same,YouTube,2026-01-27 00:18:46,Telangana,IIT / NIT,B.Sc,3rd Year,7.0 – 8.0,0 – 2 hours,"YouTube, NPTEL / SWAYAM, ChatGPT / AI tools, WhatsApp / Telegram, Physical notes only",5,,,,,,,,
23,0e155a1241bd00b2d588262223a52e0f8a911a4000092f096e6968dccae9e61b,2026-01-12 23:15:31,Week 1,2,0 – 2 hours,1,1,Never,"ChatGPT, Google Gemini",1 – 3,1,"Poor internet, No quiet study space",1,1,False,,Slightly worse,"YouTube, WhatsApp / Telegram (for study purposes), Physical Notes",2026-02-03 11:16:29,Tamil Nadu,IIT / NIT,B.Tech,4th Year,8.0 – 9.0,2 – 4 hours,"ChatGPT / AI tools, College LMS",2,,,,,,,,
24,384ceb85e96e6aa2ecda396e81a782b00f64a547b8639cec5570f556cec3c71d,2026-01-13 19:46:14,Week 2,3,2 – 4 hours,3,3,Rarely,"ChatGPT, Perplexity AI",1 – 3,3,"No quiet study space, Health / stress issues",3,3,False,,About the same,"YouTube, College LMS, Notion / Anki / Obsidian",2026-02-23 10:05:39,Kerala,Private University,B.Com,2nd Year,8.0 – 9.0,4 – 6 hours,"NPTEL / SWAYAM, Coursera / Udemy / edX, College LMS, Physical notes",4,,,,,,,,
25,f8041b50a2c1379ae1a539104ac8cfff2e7475d9225620826e59c80d286afe76,2026-01-16 12:27:49,Week 1,14,2 – 4 hours,2,2,Rarely,"ChatGPT, Perplexity AI",3 – 6,4,"Mobile-only access, No quiet study space",2,4,False,,Much worse,"YouTube, Notion / Anki / Obsidian, WhatsApp / Telegram (for study purposes)",2026-01-31 18:25:54,Andhra Pradesh,Private University,B.Sc,3rd Year,7.0 – 8.0,0 – 2 hours,"YouTube, NPTEL / SWAYAM, Notion / Anki / Obsidian, College LMS, WhatsApp / Telegram",5,,,,,,,,
26,26234105c87439e0dc4fb999632d3a5406775cc0728c26840e4a6b26d071341b,2026-01-31 11:32:52,Week 1,5,0 – 2 hours,4,4,Often,"ChatGPT, Google Gemini, Claude, Perplexity AI, Notion AI, Replit AI, Canva AI, DALL·E",3 – 6,4,Health / stress issues,4,4,False,80.0,Slightly better,"YouTube, WhatsApp / Telegram (for study purposes)",2026-01-12 20:18:58,Tamil Nadu,Private University,B.Tech,2nd Year,6.0 – 7.0,0 – 2 hours,"YouTube, ChatGPT / AI tools, College LMS",3,,,,,,,,
27,132137538b93be89ed6c9815b322a7a0f58530b8c229d1809265140f5cb8c398,2026-01-31 14:55:23,Week 1,60,4 – 6 hours,4,3,Sometimes,"ChatGPT, Microsoft Copilot, GitHub Copilot, Replit AI",3 – 6,3,"Poor internet, No quiet study space",3,3,False,,Slightly better,"YouTube, WhatsApp / Telegram (for study purposes), Physical Notes",2026-01-13 19:44:22,Tamil Nadu,Deemed University,B.Tech,3rd Year,7.0 – 8.0,2 – 4 hours,"YouTube, ChatGPT / AI tools",2,,,,,,,,
28,6cdee50dedfbbd1a46317cf81321165ab42071b577d2f1514daac32cb4160095,2026-01-31 16:07:51,Week 1,20,0 – 2 hours,3,1,Never,Google Gemini,3 – 6,5,"Poor internet, No quiet study space",2,5,False,75.0,Slightly worse,"YouTube, Notion / Anki / Obsidian",2026-02-02 12:39:28,Gujarat,Private University,B.Tech,3rd Year,8.0 – 9.0,6+ hours,NaN,1,,,,,,,,
29,86b1b7c8fd97ac6aa33f3f67e3c3652ee35ae2226cc4798385726481eea05f57,2026-01-31 16:39:48,Week 1,20,4 – 6 hours,3,3,Sometimes,"ChatGPT, Google Gemini",1 – 3,3,Health / stress issues,3,2,False,,Slightly worse,"YouTube, NPTEL / SWAYAM, WhatsApp / Telegram (for study purposes), Physical Notes",2026-01-31 18:50:27,Tamil Nadu,Central University,B.Tech,1st Year,7.0 – 8.0,0 – 2 hours,"YouTube, ChatGPT / AI tools, College LMS, WhatsApp / Telegram",4,,,,,,,,
30,c4fc9686cc1b927682fbf989fe97901e479c7d5a214ce073d7cc6062f4682ed6,2026-01-31 17:56:30,Week 1,4,2 – 4 hours,1,1,Never,ChatGPT,1 – 3,3,Poor internet,1,1,False,,Much worse,Physical Notes,2026-02-23 10:06:40,Andhra Pradesh,Private University,B.Com,3rd Year,6.0 – 7.0,0 – 2 hours,"Coursera / Udemy / edX, ChatGPT / AI tools, Notion / Anki / Obsidian, WhatsApp / Telegram",4,,,,,,,,
31,266344e1c50b449d6d5dbec5b4b1af3236f13cc0b97871acccf3da3697283f82,2026-01-31 18:23:25,Week 1,13,0 – 2 hours,1,1,Never,"ChatGPT, Google Gemini, Perplexity AI, Canva AI",6 – 10,3,"Poor internet, Mobile-only access, Health / stress issues",2,3,False,50.0,Slightly worse,"YouTube, College LMS, WhatsApp / Telegram (for study purposes), Physical Notes",2026-01-16 12:24:26,Tamil Nadu,Private University,B.Tech,3rd Year,9.0+,2 – 4 hours,"YouTube, ChatGPT / AI tools, Notion / Anki / Obsidian, WhatsApp / Telegram",4,,,,,,,,
32,2b17d11e7d9c1af7a7fed72e60e90a5ee797f0b6e0cc8645592f6fdc2ad13cd2,2026-01-31 18:55:41,Week 1,14,0 – 2 hours,1,1,Never,"ChatGPT, Google Gemini, Microsoft Copilot, Perplexity AI",3 – 6,3,"Poor internet, Mobile-only access",2,4,False,,Slightly worse,"YouTube, Coursera / Udemy / edX, College LMS, Physical Notes",2026-01-31 18:51:00,Tamil Nadu,State University,B.Tech,1st Year,6.0 – 7.0,2 – 4 hours,"YouTube, Coursera / Udemy / edX, ChatGPT / AI tools, Notion / Anki / Obsidian, WhatsApp / Telegram",5,,,,,,,,
33,f5df30de694992a770d857d674587e781574c81ffc40be127f93b6a3d3a95f48,2026-01-31 18:57:01,Week 1,23,2 – 4 hours,3,3,Sometimes,"ChatGPT, Google Gemini, Microsoft Copilot, Claude, Perplexity AI, Grammarly, QuillBot, GitHub Copilot, Canva AI, Khanmigo (Khan Academy AI)",6 – 10,4,No quiet study space,3,3,False,70.0,About the same,"YouTube, NPTEL / SWAYAM, Coursera / Udemy / edX, College LMS, WhatsApp / Telegram (for study purposes), Physical Notes",2026-02-23 10:05:11,Andhra Pradesh,State University,B.Sc,3rd Year,Prefer not to say,2 – 4 hours,"YouTube, Coursera / Udemy / edX, Notion / Anki / Obsidian, WhatsApp / Telegram, Physical notes",5,,,,,,,,
34,3a16c6fa9dbc26f91e12cdd112bec4f2953a34f47097d3424e3f551bb022a684,2026-01-31 19:00:49,Week 1,26,2 – 4 hours,2,2,Sometimes,"ChatGPT, Google Gemini, Microsoft Copilot, Claude, Perplexity AI, Grammarly, Notion AI, GitHub Copilot, Codeium, Canva AI, DALL·E",3 – 6,3,"Poor internet, Mobile-only access",2,4,False,70.0,Slightly worse,"YouTube, NPTEL / SWAYAM, Coursera / Udemy / edX, College LMS, WhatsApp / Telegram (for study purposes), Physical Notes",2026-01-31 18:44:48,Tamil Nadu,Private University,BBA,1st Year,6.0 – 7.0,0 – 2 hours,"YouTube, Coursera / Udemy / edX, ChatGPT / AI tools, College LMS, WhatsApp / Telegram, Physical notes",6,,,,,,,,
35,794e3ecad2e18d7bce8d1013a9e08fe529cc63443905f9864cedec22f7a9459b,2026-01-31 19:02:01,Week 1,22,2 – 4 hours,3,2,Rarely,"ChatGPT, Google Gemini, Microsoft Copilot, Claude, Perplexity AI, Grammarly, GitHub Copilot, Codeium, Replit AI, Tabnine, Canva AI",6 – 10,4,NaN,3,3,False,80.0,About the same,"YouTube, NPTEL / SWAYAM, Coursera / Udemy / edX, College LMS, WhatsApp / Telegram (for study purposes), Physical Notes",2025-12-27 12:35:23,Tamil Nadu,Deemed University,B.Tech,3rd Year,6.0 – 7.0,0 – 2 hours,"YouTube, ChatGPT / AI tools",2,,,,,,,,
36,63c23cf4b390284f3ce1175699f5efa501022ba212fe21be99dc9e2d21deebbf,2026-01-31 19:04:48,Week 1,30,2 – 4 hours,3,3,Sometimes,"ChatGPT, Google Gemini, Microsoft Copilot, Claude, QuillBot, Notion AI, GitHub Copilot, Midjourney, Adobe Firefly, Khanmigo (Khan Academy AI)",6 – 10,4,"Poor internet, Health / stress issues",3,5,False,,Slightly worse,"YouTube, NPTEL / SWAYAM, Coursera / Udemy / edX, College LMS, WhatsApp / Telegram (for study purposes), Physical Notes",2026-02-02 12:38:59,Rajasthan,State University,B.Sc,2nd Year,7.0 – 8.0,4 – 6 hours,"Coursera / Udemy / edX, ChatGPT / AI tools, Notion / Anki / Obsidian, College LMS, Physical notes",5,,,,,,,,
37,a0844c331d7454600df29956fea1f640e9035aa0e376172eded377ff472dedbe,2026-01-31 19:05:17,Week 1,60,4 – 6 hours,4,3,Rarely,"ChatGPT, Google Gemini",6 – 10,4,"No quiet study space, Health / stress issues",3,4,False,0.0,About the same,"YouTube, Physical Notes",2026-01-31 18:46:52,Karnataka,Central University,B.Sc,1st Year,7.0 – 8.0,2 – 4 hours,"NPTEL / SWAYAM, Coursera / Udemy / edX, ChatGPT / AI tools, College LMS, WhatsApp / Telegram, Physical notes",6,,,,,,,,
38,a0844c331d7454600df29956fea1f640e9035aa0e376172eded377ff472dedbe,2026-01-31 19:06:54,Week 1,50,4 – 6 hours,3,3,Often,"ChatGPT, Google Gemini, Microsoft Copilot, Claude, Perplexity AI, GitHub Copilot",6 – 10,5,"Poor internet, No quiet study space",2,5,False,75.0,About the same,"YouTube, College LMS, WhatsApp / Telegram (for study purposes), Physical Notes",2026-01-31 18:46:52,Karnataka,Central University,B.Sc,1st Year,7.0 – 8.0,2 – 4 hours,"NPTEL / SWAYAM, Coursera / Udemy / edX, ChatGPT / AI tools, College LMS, WhatsApp / Telegram, Physical notes",6,,,,,,,,
39,3a16c6fa9dbc26f91e12cdd112bec4f2953a34f47097d3424e3f551bb022a684,2026-01-31 19:10:39,Week 1,40,4 – 6 hours,4,4,Sometimes,"ChatGPT, Google Gemini, Microsoft Copilot, Claude, Perplexity AI, Grammarly, Jasper AI, GitHub Copilot, Replit AI, Canva AI, Adobe Firefly, Khanmigo (Khan Academy AI)",6 – 10,5,NaN,3,3,False,80.0,Slightly better,"YouTube, NPTEL / SWAYAM, College LMS, WhatsApp / Telegram (for study purposes), Physical Notes",2026-01-31 18:44:48,Tamil Nadu,Private University,BBA,1st Year,6.0 – 7.0,0 – 2 hours,"YouTube, Coursera / Udemy / edX, ChatGPT / AI tools, College LMS, WhatsApp / Telegram, Physical notes",6,,,,,,,,
40,d2db0cecaf1edf2f34e8fcb492052acd27453600c6cc493e25700d9c3b289761,2026-01-31 19:13:43,Week 1,50,6+ hours,3,2,Often,"ChatGPT, Google Gemini, Microsoft Copilot, Claude, Perplexity AI, Grammarly",3 – 6,4,No quiet study space,3,5,False,60.0,About the same,"YouTube, NPTEL / SWAYAM, Coursera / Udemy / edX, College LMS, WhatsApp / Telegram (for study purposes), Physical Notes",2026-02-02 12:56:07,Uttar Pradesh,IIT / NIT,Other,2nd Year,Prefer not to say,2 – 4 hours,"YouTube, Coursera / Udemy / edX",2,,,,,,,,
41,f8ecea41f5799921e46e5d82b8d41d92dba1fca7a66ca63506cc3c0aab382672,2026-01-31 19:15:02,Week 1,45,4 – 6 hours,2,2,Rarely,"ChatGPT, Google Gemini, Microsoft Copilot, Claude, Perplexity AI, Grammarly, Codeium, Replit AI, Tabnine, Canva AI",10+,5,NaN,2,4,False,70.0,Slightly worse,"YouTube, Coursera / Udemy / edX, WhatsApp / Telegram (for study purposes), Physical Notes",2026-01-27 17:56:30,Uttar Pradesh,Central University,B.Tech,4th Year,7.0 – 8.0,4 – 6 hours,"YouTube, NPTEL / SWAYAM, Coursera / Udemy / edX, ChatGPT / AI tools, Notion / Anki / Obsidian",5,,,,,,,,
42,ea6dc2fae8a61411b9d6de51699ca6787330c0036ffedddf4a649648fefe8732,2026-01-31 19:16:03,Week 1,35,2 – 4 hours,2,1,Never,"ChatGPT, Google Gemini",3 – 6,3,"Poor internet, No quiet study space, Health / stress issues",2,5,False,50.0,Slightly worse,"YouTube, WhatsApp / Telegram (for study purposes), Physical Notes",2026-01-31 18:48:18,Andhra Pradesh,Private University,B.Tech,4th Year,7.0 – 8.0,2 – 4 hours,"YouTube, ChatGPT / AI tools, College LMS, WhatsApp / Telegram",4,,,,,,,,
43,f8ecea41f5799921e46e5d82b8d41d92dba1fca7a66ca63506cc3c0aab382672,2026-01-31 19:17:08,Week 1,49,6+ hours,3,2,Always,"ChatGPT, Google Gemini, Microsoft Copilot, Claude, Perplexity AI, Grammarly, Jasper AI",6 – 10,5,"Poor internet, No quiet study space, Health / stress issues",3,5,False,80.0,About the same,"YouTube, NPTEL / SWAYAM, WhatsApp / Telegram (for study purposes), Physical Notes",2026-01-27 17:56:30,Uttar Pradesh,Central University,B.Tech,4th Year,7.0 – 8.0,4 – 6 hours,"YouTube, NPTEL / SWAYAM, Coursera / Udemy / edX, ChatGPT / AI tools, Notion / Anki / Obsidian",5,,,,,,,,
44,d2db0cecaf1edf2f34e8fcb492052acd27453600c6cc493e25700d9c3b289761,2026-01-31 19:18:01,Week 1,60,6+ hours,4,2,Sometimes,"ChatGPT, Google Gemini, Microsoft Copilot, Claude, Perplexity AI, Grammarly, GitHub Copilot",6 – 10,5,No quiet study space,3,3,False,75.0,About the same,"YouTube, Coursera / Udemy / edX, College LMS, WhatsApp / Telegram (for study purposes), Physical Notes",2026-02-02 12:56:07,Uttar Pradesh,IIT / NIT,Other,2nd Year,Prefer not to say,2 – 4 hours,"YouTube, Coursera / Udemy / edX",2,,,,,,,,
45,a091d9857e1b26dac9ad43d43de3cfab7f19df9cadb73e095b0b4a74a5e9bc3d,2026-01-31 19:38:23,Week 1,30,2 – 4 hours,3,1,Sometimes,"ChatGPT, Microsoft Copilot, Claude, Perplexity AI, Notion AI",3 – 6,4,"Poor internet, No quiet study space, Health / stress issues",3,5,False,90.0,Slightly worse,"YouTube, WhatsApp / Telegram (for study purposes), Physical Notes",2026-01-27 19:47:23,Tamil Nadu,Deemed University,B.Tech,4th Year,9.0+,0 – 2 hours,"YouTube, ChatGPT / AI tools, WhatsApp / Telegram",3,,,,,,,,
46,86b1b7c8fd97ac6aa33f3f67e3c3652ee35ae2226cc4798385726481eea05f57,2026-01-31 21:34:43,Week 1,2,0 – 2 hours,3,1,Sometimes,"ChatGPT, Google Gemini, Claude, Perplexity AI, Notion AI",1 – 3,4,"Poor internet, Mobile-only access, No quiet study space, Health / stress issues",3,5,False,80.0,Slightly worse,"YouTube, Notion / Anki / Obsidian, Physical Notes",2026-01-31 18:50:27,Tamil Nadu,Central University,B.Tech,1st Year,7.0 – 8.0,0 – 2 hours,"YouTube, ChatGPT / AI tools, College LMS, WhatsApp / Telegram",4,,,,,,,,
47,32b68dc8923730efba7e69129bcc4d5555495cc9359174e99e3d50570ce6de44,2026-01-31 21:35:59,Week 1,22,2 – 4 hours,4,4,Sometimes,"ChatGPT, Google Gemini, Perplexity AI",6 – 10,5,"Poor internet, Mobile-only access, Health / stress issues",4,5,False,,Much better,"YouTube, College LMS, Notion / Anki / Obsidian, WhatsApp / Telegram (for study purposes), Physical Notes",2026-01-31 14:55:58,Kerala,State University,B.Sc,1st Year,7.0 – 8.0,0 – 2 hours,"YouTube, ChatGPT / AI tools, College LMS, WhatsApp / Telegram",4,,,,,,,,
48,97b26b3698560201c1218be1d50871d93f4ae1f4a79deeb268b0ba686e43fdeb,2026-02-01 20:06:39,Week 1,6,0 – 2 hours,4,1,Never,"ChatGPT, Google Gemini",3 – 6,5,Health / stress issues,5,4,False,80.0,About the same,"YouTube, WhatsApp / Telegram (for study purposes), Physical Notes",2025-12-26 07:18:01,Tamil Nadu,Deemed University,B.Tech,3rd Year,8.0 – 9.0,0 – 2 hours,"ChatGPT / AI tools, College LMS, WhatsApp / Telegram",3,,,,,,,,
49,32b68dc8923730efba7e69129bcc4d5555495cc9359174e99e3d50570ce6de44,2026-02-02 00:28:33,Week 1,3,0 – 2 hours,1,1,Rarely,"ChatGPT, Google Gemini, Microsoft Copilot, Claude, Perplexity AI, Grammarly",1 – 3,4,"No quiet study space, Health / stress issues",1,4,False,,About the same,"YouTube, College LMS, WhatsApp / Telegram (for study purposes), Physical Notes",2026-01-31 14:55:58,Kerala,State University,B.Sc,1st Year,7.0 – 8.0,0 – 2 hours,"YouTube, ChatGPT / AI tools, College LMS, WhatsApp / Telegram",4,,,,,,,,
50,5e849a6892d6df48c1362529cab706d619efa96a172b3f715bc1f5ccd5ca61ec,2026-02-02 21:55:05,Week 1,12,2 – 4 hours,3,3,Rarely,"ChatGPT, Google Gemini, Claude, Canva AI",3 – 6,3,Mobile-only access,3,3,False,,About the same,"YouTube, Coursera / Udemy / edX",2026-02-02 13:01:28,Uttar Pradesh,IIT / NIT,BA,Others,8.0 – 9.0,2 – 4 hours,"YouTube, ChatGPT / AI tools",2,,,,,,,,
51,0e155a1241bd00b2d588262223a52e0f8a911a4000092f096e6968dccae9e61b,2026-02-03 10:30:21,Week 1,20,2 – 4 hours,3,1,Often,"ChatGPT, Google Gemini",10+,5,Health / stress issues,3,4,False,,About the same,YouTube,2026-02-03 11:16:29,Tamil Nadu,IIT / NIT,B.Tech,4th Year,8.0 – 9.0,2 – 4 hours,"ChatGPT / AI tools, College LMS",2,,,,,,,,
52,cf47f395a464caa7ab1da1745c2d650002296d75e8eac41561b430a83f4382f8,2026-02-03 10:38:09,Week 2,16,0 – 2 hours,5,5,Always,"ChatGPT, Google Gemini, Claude, Perplexity AI, GitHub Copilot",1 – 3,4,No quiet study space,4,4,False,85.0,Much better,"YouTube, Coursera / Udemy / edX, Physical Notes",2026-01-31 18:49:58,Tamil Nadu,Central University,B.Sc,3rd Year,7.0 – 8.0,2 – 4 hours,"YouTube, NPTEL / SWAYAM, Coursera / Udemy / edX, ChatGPT / AI tools, Notion / Anki / Obsidian",5,,,,,,,,
53,384ceb85e96e6aa2ecda396e81a782b00f64a547b8639cec5570f556cec3c71d,2026-02-03 11:15:07,Week 2,9,0 – 2 hours,3,3,Sometimes,"Claude, Perplexity AI, Grammarly, QuillBot, GitHub Copilot",1 – 3,3,"Poor internet, Mobile-only access",3,3,False,,About the same,"Coursera / Udemy / edX, Notion / Anki / Obsidian",2026-02-23 10:05:39,Kerala,Private University,B.Com,2nd Year,8.0 – 9.0,4 – 6 hours,"NPTEL / SWAYAM, Coursera / Udemy / edX, College LMS, Physical notes",4,,,,,,,,
54,caf626adf6b1139006e560ca8cc80b33ca449dfd93d89557b2b5dca8a09ea07f,2026-02-03 11:16:33,Week 2,5,2 – 4 hours,3,2,Sometimes,"ChatGPT, Google Gemini",6 – 10,3,"Poor internet, Mobile-only access, No quiet study space, Health / stress issues",2,4,False,50.0,Slightly worse,"YouTube, WhatsApp / Telegram (for study purposes)",2026-02-23 10:06:05,Karnataka,Private University,BA,3rd Year,7.0 – 8.0,2 – 4 hours,"YouTube, NPTEL / SWAYAM, Coursera / Udemy / edX, ChatGPT / AI tools, Notion / Anki / Obsidian, WhatsApp / Telegram",6,,,,,,,,
55,b9c03c59028b4485073ac377b7c14dfe728898b0dccd931ebc2eea5d5b1d746a,2026-02-03 11:57:11,Week 1,50,6+ hours,5,5,Often,"ChatGPT, Google Gemini, Perplexity AI, Midjourney, None",10+,5,Health / stress issues,5,5,False,,Slightly better,"YouTube, College LMS, WhatsApp / Telegram (for study purposes)",2025-12-27 14:52:29,Tamil Nadu,Central University,B.Tech,3rd Year,8.0 – 9.0,2 – 4 hours,"ChatGPT / AI tools, College LMS, WhatsApp / Telegram",3,,,,,,,,
56,d2db0cecaf1edf2f34e8fcb492052acd27453600c6cc493e25700d9c3b289761,2026-02-03 11:58:01,Week 2,20,2 – 4 hours,3,3,Rarely,"ChatGPT, Google Gemini, Perplexity AI, Jasper AI",3 – 6,3,Mobile-only access,3,3,False,80.0,Slightly worse,"YouTube, College LMS, WhatsApp / Telegram (for study purposes)",2026-02-02 12:56:07,Uttar Pradesh,IIT / NIT,Other,2nd Year,Prefer not to say,2 – 4 hours,"YouTube, Coursera / Udemy / edX",2,,,,,,,,
57,32b68dc8923730efba7e69129bcc4d5555495cc9359174e99e3d50570ce6de44,2026-02-03 12:00:28,Week 1,42,4 – 6 hours,4,4,Sometimes,"ChatGPT, Perplexity AI, Tabnine, Canva AI",1 – 3,4,NaN,4,4,False,,About the same,"YouTube, NPTEL / SWAYAM, Notion / Anki / Obsidian, Physical Notes",2026-01-31 14:55:58,Kerala,State University,B.Sc,1st Year,7.0 – 8.0,0 – 2 hours,"YouTube, ChatGPT / AI tools, College LMS, WhatsApp / Telegram",4,,,,,,,,
58,6cdee50dedfbbd1a46317cf81321165ab42071b577d2f1514daac32cb4160095,2026-02-03 12:05:44,Week 1,38,2 – 4 hours,3,2,Always,"Google Gemini, Perplexity AI, QuillBot, Codeium, Replit AI, Canva AI, Khanmigo (Khan Academy AI)",10+,4,"No quiet study space, None",3,3,False,,Much better,"YouTube, Coursera / Udemy / edX",2026-02-02 12:39:28,Gujarat,Private University,B.Tech,3rd Year,8.0 – 9.0,6+ hours,NaN,1,,,,,,,,
59,9f7b57d47f3cd447af0a85a35c1ce5b1287d471159595088cd7493a849b93059,2026-02-03 12:20:13,Week 1,13,0 – 2 hours,3,4,Always,"ChatGPT, Microsoft Copilot, Claude, Grammarly, Notion AI, GitHub Copilot",3 – 6,3,Poor internet,2,3,False,70.0,About the same,"YouTube, NPTEL / SWAYAM, College LMS, WhatsApp / Telegram (for study purposes), Physical Notes",2026-02-02 12:38:26,Punjab,Central University,B.Tech,1st Year,6.0 – 7.0,4 – 6 hours,"YouTube, NPTEL / SWAYAM, Coursera / Udemy / edX, ChatGPT / AI tools, College LMS, WhatsApp / Telegram",6,,,,,,,,
60,63c23cf4b390284f3ce1175699f5efa501022ba212fe21be99dc9e2d21deebbf,2026-02-03 12:28:44,Week 1,20,0 – 2 hours,3,4,Always,"ChatGPT, Google Gemini, Microsoft Copilot, Claude, Perplexity AI, QuillBot, Canva AI",3 – 6,3,"Poor internet, Mobile-only access, No quiet study space",2,4,False,50.0,Slightly worse,"Coursera / Udemy / edX, WhatsApp / Telegram (for study purposes), Physical Notes",2026-02-02 12:38:59,Rajasthan,State University,B.Sc,2nd Year,7.0 – 8.0,4 – 6 hours,"Coursera / Udemy / edX, ChatGPT / AI tools, Notion / Anki / Obsidian, College LMS, Physical notes",5,,,,,,,,
61,0e155a1241bd00b2d588262223a52e0f8a911a4000092f096e6968dccae9e61b,2026-02-03 12:29:41,Week 1,60,6+ hours,3,3,Rarely,"ChatGPT, Google Gemini, Microsoft Copilot, Claude, Perplexity AI, Grammarly, QuillBot, Replit AI, Tabnine, Canva AI, DALL·E, Midjourney",6 – 10,3,"Poor internet, Health / stress issues",3,5,False,90.0,Slightly better,"YouTube, NPTEL / SWAYAM, Coursera / Udemy / edX, College LMS",2026-02-03 11:16:29,Tamil Nadu,IIT / NIT,B.Tech,4th Year,8.0 – 9.0,2 – 4 hours,"ChatGPT / AI tools, College LMS",2,,,,,,,,
62,e9f047d3c2da21e5de56f3abab5c156cedf45843e25e1cc9c00e542a0848fb89,2026-02-03 12:42:02,Week 1,25,4 – 6 hours,4,3,Sometimes,"ChatGPT, Google Gemini, Perplexity AI",3 – 6,4,NaN,4,3,False,85.0,Slightly better,"YouTube, Coursera / Udemy / edX, Notion / Anki / Obsidian",2026-02-23 10:04:41,Andhra Pradesh,Central University,B.Tech,2nd Year,7.0 – 8.0,0 – 2 hours,"YouTube, NPTEL / SWAYAM, Coursera / Udemy / edX, Notion / Anki / Obsidian, WhatsApp / Telegram",5,,,,,,,,
63,49c29b44c0f2dba949371e3de5aaea4ace47ef333c771bda5ab86551a01e7a7d,2026-02-03 12:43:56,Week 1,20,2 – 4 hours,2,2,Rarely,"Claude, Grammarly",1 – 3,2,Poor internet,2,4,False,75.0,Much worse,College LMS,2026-02-02 12:49:39,Uttar Pradesh,Central University,B.Tech,Others,8.0 – 9.0,2 – 4 hours,"YouTube, ChatGPT / AI tools",2,,,,,,,,
64,cf47f395a464caa7ab1da1745c2d650002296d75e8eac41561b430a83f4382f8,2026-02-03 12:46:15,Week 1,15,2 – 4 hours,2,2,Never,"ChatGPT, Microsoft Copilot",0,3,Health / stress issues,3,5,False,,About the same,YouTube,2026-01-31 18:49:58,Tamil Nadu,Central University,B.Sc,3rd Year,7.0 – 8.0,2 – 4 hours,"YouTube, NPTEL / SWAYAM, Coursera / Udemy / edX, ChatGPT / AI tools, Notion / Anki / Obsidian",5,,,,,,,,
65,32b68dc8923730efba7e69129bcc4d5555495cc9359174e99e3d50570ce6de44,2026-02-03 12:51:53,Week 1,35,6+ hours,5,4,Sometimes,"ChatGPT, Claude",6 – 10,5,"Mobile-only access, Health / stress issues",4,2,False,85.0,Slightly better,YouTube,2026-01-31 14:55:58,Kerala,State University,B.Sc,1st Year,7.0 – 8.0,0 – 2 hours,"YouTube, ChatGPT / AI tools, College LMS, WhatsApp / Telegram",4,,,,,,,,
66,e14fc3506630213cf4dbb3dddf035e19aad46cfaf81f1761b7791f1f48a64d67,2026-02-03 12:53:19,Week 1,15,0 – 2 hours,2,1,Never,NaN,0,1,Poor internet,2,4,False,,About the same,"YouTube, Physical Notes",2026-02-02 12:45:31,Madhya Pradesh,Central University,B.Tech,3rd Year,8.0 – 9.0,2 – 4 hours,"ChatGPT / AI tools, WhatsApp / Telegram",2,,,,,,,,
67,b9c03c59028b4485073ac377b7c14dfe728898b0dccd931ebc2eea5d5b1d746a,2026-02-03 12:55:32,Week 1,25,2 – 4 hours,3,3,Often,ChatGPT,3 – 6,3,NaN,3,3,False,78.0,Slightly better,"YouTube, Coursera / Udemy / edX, College LMS",2025-12-27 14:52:29,Tamil Nadu,Central University,B.Tech,3rd Year,8.0 – 9.0,2 – 4 hours,"ChatGPT / AI tools, College LMS, WhatsApp / Telegram",3,,,,,,,,
68,f5df30de694992a770d857d674587e781574c81ffc40be127f93b6a3d3a95f48,2026-02-03 17:14:22,Week 3,30,2 – 4 hours,3,2,Often,"ChatGPT, Google Gemini, GitHub Copilot",10+,5,Health / stress issues,4,5,False,,Slightly better,"YouTube, College LMS",2026-02-23 10:05:11,Andhra Pradesh,State University,B.Sc,3rd Year,Prefer not to say,2 – 4 hours,"YouTube, Coursera / Udemy / edX, Notion / Anki / Obsidian, WhatsApp / Telegram, Physical notes",5,,,,,,,,
69,e9f047d3c2da21e5de56f3abab5c156cedf45843e25e1cc9c00e542a0848fb89,2026-02-05 21:45:35,Week 1,0,4 – 6 hours,3,3,Sometimes,"ChatGPT, Google Gemini, Claude, Perplexity AI, Canva AI",1 – 3,3,NaN,3,3,False,,About the same,"YouTube, NPTEL / SWAYAM, Coursera / Udemy / edX, College LMS, WhatsApp / Telegram (for study purposes)",2026-02-23 10:04:41,Andhra Pradesh,Central University,B.Tech,2nd Year,7.0 – 8.0,0 – 2 hours,"YouTube, NPTEL / SWAYAM, Coursera / Udemy / edX, Notion / Anki / Obsidian, WhatsApp / Telegram",5,,,,,,,,
70,bed0f2897fdcff9c379616ea83849b1ca59a967db6315c91cd8fcf4fcf4c7216,2026-02-05 21:49:41,Week 1,10,0 – 2 hours,5,3,Sometimes,"ChatGPT, Google Gemini, Microsoft Copilot, Perplexity AI, GitHub Copilot, Canva AI, Khanmigo (Khan Academy AI)",1 – 3,3,"Poor internet, Mobile-only access, No quiet study space",3,5,False,94.0,Much better,"YouTube, NPTEL / SWAYAM, Coursera / Udemy / edX, College LMS, Notion / Anki / Obsidian, WhatsApp / Telegram (for study purposes), Physical Notes",2026-01-31 18:46:23,Andhra Pradesh,State University,B.Sc,2nd Year,7.0 – 8.0,2 – 4 hours,"YouTube, NPTEL / SWAYAM, WhatsApp / Telegram",3,,,,,,,,
71,1ad669ada84e5263e09135c0723aae8e30fcb58819e440892efde165dd587a5e,2026-02-05 21:53:36,Week 1,70,2 – 4 hours,1,1,Sometimes,ChatGPT,10+,3,NaN,2,1,False,,Slightly better,"YouTube, WhatsApp / Telegram (for study purposes)",2026-02-03 11:18:21,Karnataka,State University,BBA,3rd Year,7.0 – 8.0,2 – 4 hours,"YouTube, Coursera / Udemy / edX",2,,,,,,,,
72,caf626adf6b1139006e560ca8cc80b33ca449dfd93d89557b2b5dca8a09ea07f,2026-02-05 22:29:26,Week 1,0,0 – 2 hours,1,1,Never,"ChatGPT, Google Gemini, Microsoft Copilot",1 – 3,3,"Poor internet, Mobile-only access, No quiet study space, Health / stress issues",1,4,False,70.0,About the same,YouTube,2026-02-23 10:06:05,Karnataka,Private University,BA,3rd Year,7.0 – 8.0,2 – 4 hours,"YouTube, NPTEL / SWAYAM, Coursera / Udemy / edX, ChatGPT / AI tools, Notion / Anki / Obsidian, WhatsApp / Telegram",6,,,,,,,,
117,ace8e293cc91c35e822f9101bc4e97d2ad904d1e130b4402fd6a6642f245665e,2026-02-26 00:18:16,Week 4,2,0 – 2 hours,2,2,Rarely,NaN,0,1,NaN,1,1,False,,Much worse,NaN,2026-02-23 10:12:43,Kerala,State University,B.Tech,2nd Year,6.0 – 7.0,0 – 2 hours,"NPTEL / SWAYAM, Notion / Anki / Obsidian",2,,,,,,,,
73,ea6dc2fae8a61411b9d6de51699ca6787330c0036ffedddf4a649648fefe8732,2026-02-08 10:09:09,Week 2,1,0 – 2 hours,4,1,Never,"ChatGPT, Google Gemini",3 – 6,5,NaN,5,5,False,,About the same,WhatsApp / Telegram (for study purposes),2026-01-31 18:48:18,Andhra Pradesh,Private University,B.Tech,4th Year,7.0 – 8.0,2 – 4 hours,"YouTube, ChatGPT / AI tools, College LMS, WhatsApp / Telegram",4,,,,,,,,
74,27d91473394ea1f8f97a8f1740492902f4ab1abbfe0b003e4536904eaba6dca0,2026-02-16 08:39:48,Week 3,4,0 – 2 hours,3,1,Never,ChatGPT,6 – 10,4,NaN,4,3,False,,About the same,"YouTube, WhatsApp / Telegram (for study purposes)",2026-01-31 18:43:28,Tamil Nadu,IIT / NIT,B.Tech,3rd Year,7.0 – 8.0,2 – 4 hours,"YouTube, NPTEL / SWAYAM, Coursera / Udemy / edX, ChatGPT / AI tools, Notion / Anki / Obsidian, College LMS, WhatsApp / Telegram, Physical notes",8,,,,,,,,
75,97b26b3698560201c1218be1d50871d93f4ae1f4a79deeb268b0ba686e43fdeb,2026-02-19 09:15:03,Week 2,6,0 – 2 hours,3,3,Rarely,"ChatGPT, Google Gemini, Claude",1 – 3,4,"Poor internet, No quiet study space",4,4,False,80.0,Slightly better,"YouTube, WhatsApp / Telegram (for study purposes), Physical Notes",2025-12-26 07:18:01,Tamil Nadu,Deemed University,B.Tech,3rd Year,8.0 – 9.0,0 – 2 hours,"ChatGPT / AI tools, College LMS, WhatsApp / Telegram",3,,,,,,,,
76,81ddebb1fc0e6b009a5655dea87854093d1374914f03d128e615c955c9007504,2026-02-19 09:18:05,Week 3,5,0 – 2 hours,2,2,Rarely,"ChatGPT, Google Gemini",1 – 3,2,"Poor internet, No quiet study space, Health / stress issues",2,4,False,60.0,Slightly worse,"NPTEL / SWAYAM, WhatsApp / Telegram (for study purposes), Physical Notes",2026-01-12 20:20:23,Tamil Nadu,Private University,B.Tech,3rd Year,7.0 – 8.0,2 – 4 hours,"YouTube, ChatGPT / AI tools, WhatsApp / Telegram, Physical notes only",4,,,,,,,,
77,c4fc9686cc1b927682fbf989fe97901e479c7d5a214ce073d7cc6062f4682ed6,2026-02-19 09:19:09,Week 3,6,0 – 2 hours,3,3,Never,"ChatGPT, Google Gemini, Claude, Perplexity AI, GitHub Copilot",3 – 6,3,"Poor internet, No quiet study space",3,3,False,,About the same,"YouTube, Notion / Anki / Obsidian, WhatsApp / Telegram (for study purposes), Physical Notes",2026-02-23 10:06:40,Andhra Pradesh,Private University,B.Com,3rd Year,6.0 – 7.0,0 – 2 hours,"Coursera / Udemy / edX, ChatGPT / AI tools, Notion / Anki / Obsidian, WhatsApp / Telegram",4,,,,,,,,
78,f8041b50a2c1379ae1a539104ac8cfff2e7475d9225620826e59c80d286afe76,2026-02-19 09:20:04,Week 4,7,2 – 4 hours,3,4,Never,"ChatGPT, Google Gemini, Microsoft Copilot, Claude, Perplexity AI",1 – 3,3,Poor internet,3,4,False,,About the same,"YouTube, WhatsApp / Telegram (for study purposes), Physical Notes",2026-01-31 18:25:54,Andhra Pradesh,Private University,B.Sc,3rd Year,7.0 – 8.0,0 – 2 hours,"YouTube, NPTEL / SWAYAM, Notion / Anki / Obsidian, College LMS, WhatsApp / Telegram",5,,,,,,,,
79,81ddebb1fc0e6b009a5655dea87854093d1374914f03d128e615c955c9007504,2026-02-19 09:21:21,Week 4,7,2 – 4 hours,3,3,Never,"ChatGPT, Google Gemini, GitHub Copilot",1 – 3,2,Health / stress issues,2,3,False,70.0,About the same,"YouTube, WhatsApp / Telegram (for study purposes), Physical Notes",2026-01-12 20:20:23,Tamil Nadu,Private University,B.Tech,3rd Year,7.0 – 8.0,2 – 4 hours,"YouTube, ChatGPT / AI tools, WhatsApp / Telegram, Physical notes only",4,,,,,,,,
80,c4fc9686cc1b927682fbf989fe97901e479c7d5a214ce073d7cc6062f4682ed6,2026-02-19 09:22:29,Week 4,5,0 – 2 hours,1,1,Never,ChatGPT,1 – 3,2,Poor internet,2,2,False,,Slightly worse,YouTube,2026-02-23 10:06:40,Andhra Pradesh,Private University,B.Com,3rd Year,6.0 – 7.0,0 – 2 hours,"Coursera / Udemy / edX, ChatGPT / AI tools, Notion / Anki / Obsidian, WhatsApp / Telegram",4,,,,,,,,
81,27d91473394ea1f8f97a8f1740492902f4ab1abbfe0b003e4536904eaba6dca0,2026-02-19 09:23:22,Week 4,8,2 – 4 hours,4,4,Never,"ChatGPT, Google Gemini, Microsoft Copilot, Claude, GitHub Copilot",3 – 6,4,Poor internet,4,4,False,60.0,Slightly better,"YouTube, WhatsApp / Telegram (for study purposes), Physical Notes",2026-01-31 18:43:28,Tamil Nadu,IIT / NIT,B.Tech,3rd Year,7.0 – 8.0,2 – 4 hours,"YouTube, NPTEL / SWAYAM, Coursera / Udemy / edX, ChatGPT / AI tools, Notion / Anki / Obsidian, College LMS, WhatsApp / Telegram, Physical notes",8,,,,,,,,
82,f5df30de694992a770d857d674587e781574c81ffc40be127f93b6a3d3a95f48,2026-02-22 21:39:27,Week 4,6,0 – 2 hours,5,1,Never,ChatGPT,3 – 6,4,Health / stress issues,3,3,False,80.0,Slightly worse,"WhatsApp / Telegram (for study purposes), Physical Notes",2026-02-23 10:05:11,Andhra Pradesh,State University,B.Sc,3rd Year,Prefer not to say,2 – 4 hours,"YouTube, Coursera / Udemy / edX, Notion / Anki / Obsidian, WhatsApp / Telegram, Physical notes",5,,,,,,,,
83,8773494ab4b07b7f7350b8d37e960ba5d05e7caf5ffbb75a943c63465a604b7f,2026-02-23 10:18:52,Week 1,20,2 – 4 hours,3,3,Sometimes,"ChatGPT, Google Gemini, Microsoft Copilot, Claude, Perplexity AI, Grammarly, GitHub Copilot",3 – 6,4,"Poor internet, Mobile-only access, No quiet study space, Health / stress issues",2,2,False,,About the same,"YouTube, NPTEL / SWAYAM, Coursera / Udemy / edX, College LMS, WhatsApp / Telegram (for study purposes)",2026-01-31 18:47:34,Tamil Nadu,IIT / NIT,B.Tech,2nd Year,9.0+,4 – 6 hours,"YouTube, NPTEL / SWAYAM, Coursera / Udemy / edX, ChatGPT / AI tools, College LMS, WhatsApp / Telegram, Physical notes",7,,,,,,,,
84,5e849a6892d6df48c1362529cab706d619efa96a172b3f715bc1f5ccd5ca61ec,2026-02-23 10:19:54,Week 1,30,2 – 4 hours,3,3,Often,"ChatGPT, Microsoft Copilot, Perplexity AI, Grammarly, QuillBot, Codeium, Tabnine",3 – 6,4,"Poor internet, No quiet study space, Health / stress issues, None",5,4,False,50.0,About the same,"NPTEL / SWAYAM, College LMS, Notion / Anki / Obsidian",2026-02-02 13:01:28,Uttar Pradesh,IIT / NIT,BA,Others,8.0 – 9.0,2 – 4 hours,"YouTube, ChatGPT / AI tools",2,,,,,,,,
85,219d4ac6903fffab5ab1d64d6ed0b331adcc691f0e116fb7f62cefba91f7b0ec,2026-02-23 10:20:56,Week 1,35,4 – 6 hours,4,4,Often,"ChatGPT, Google Gemini, Microsoft Copilot, Perplexity AI, Grammarly, QuillBot",6 – 10,4,"Poor internet, No quiet study space, Health / stress issues",3,4,False,75.0,Slightly better,"YouTube, NPTEL / SWAYAM, Coursera / Udemy / edX, College LMS, Physical Notes",2025-12-26 18:34:24,Andhra Pradesh,Private University,B.Tech,3rd Year,9.0+,0 – 2 hours,ChatGPT / AI tools,1,,,,,,,,
86,219d4ac6903fffab5ab1d64d6ed0b331adcc691f0e116fb7f62cefba91f7b0ec,2026-02-23 10:22:44,Week 1,30,4 – 6 hours,3,3,Sometimes,"ChatGPT, Google Gemini, Microsoft Copilot, Claude, Notion AI, GitHub Copilot, Codeium",3 – 6,4,"Mobile-only access, No quiet study space",2,3,False,,About the same,"NPTEL / SWAYAM, College LMS, Notion / Anki / Obsidian, WhatsApp / Telegram (for study purposes)",2025-12-26 18:34:24,Andhra Pradesh,Private University,B.Tech,3rd Year,9.0+,0 – 2 hours,ChatGPT / AI tools,1,,,,,,,,
87,9c37b8db9c39e670e8422cf5afe252221762450c6f3d1f72c8ef3cdfe0a584e6,2026-02-23 10:23:43,Week 1,40,4 – 6 hours,2,2,Never,"ChatGPT, Google Gemini, Microsoft Copilot, Claude, Perplexity AI, Grammarly, QuillBot, Notion AI, Jasper AI, GitHub Copilot, Codeium, Replit AI, Tabnine",3 – 6,3,No quiet study space,3,4,False,59.0,Slightly worse,"YouTube, NPTEL / SWAYAM, College LMS, Notion / Anki / Obsidian, WhatsApp / Telegram (for study purposes)",2026-02-23 10:10:44,Tamil Nadu,State University,B.Sc,2nd Year,7.0 – 8.0,2 – 4 hours,"YouTube, NPTEL / SWAYAM, Coursera / Udemy / edX, ChatGPT / AI tools, College LMS",5,,,,,,,,
88,e8386eec4c2f671d625ec0a877e0c9af57a196443df6751cfd908bc4bb188c51,2026-02-23 10:35:09,Week 2,45,4 – 6 hours,4,2,Rarely,"ChatGPT, Google Gemini, Microsoft Copilot, Claude, Perplexity AI, Grammarly, Jasper AI, Tabnine, Canva AI, Adobe Firefly",6 – 10,4,Mobile-only access,4,4,False,80.0,Slightly better,"YouTube, Coursera / Udemy / edX, Notion / Anki / Obsidian, Physical Notes",2026-01-31 18:42:45,Kerala,State University,B.Com,2nd Year,Prefer not to say,2 – 4 hours,"YouTube, NPTEL / SWAYAM, Coursera / Udemy / edX, Notion / Anki / Obsidian, Physical notes",5,,,,,,,,
89,e8386eec4c2f671d625ec0a877e0c9af57a196443df6751cfd908bc4bb188c51,2026-02-23 10:35:57,Week 2,50,4 – 6 hours,2,2,Rarely,"ChatGPT, Google Gemini, Microsoft Copilot, Claude, Grammarly, Jasper AI, Codeium, Replit AI, DALL·E, Adobe Firefly, Khanmigo (Khan Academy AI)",6 – 10,4,NaN,4,3,False,90.0,Slightly better,"YouTube, NPTEL / SWAYAM, Coursera / Udemy / edX, College LMS, Notion / Anki / Obsidian",2026-01-31 18:42:45,Kerala,State University,B.Com,2nd Year,Prefer not to say,2 – 4 hours,"YouTube, NPTEL / SWAYAM, Coursera / Udemy / edX, Notion / Anki / Obsidian, Physical notes",5,,,,,,,,
90,b7c45e43b3e4defcfa15c66053995acfb95306f516892ea504b4a561e64a85b9,2026-02-23 10:36:55,Week 2,60,6+ hours,3,3,Sometimes,"ChatGPT, Google Gemini, Microsoft Copilot, Claude, Grammarly, QuillBot, Jasper AI, Codeium, Tabnine, Canva AI, Adobe Firefly",10+,5,Health / stress issues,5,5,False,80.0,Slightly better,"YouTube, NPTEL / SWAYAM, Coursera / Udemy / edX, College LMS, Notion / Anki / Obsidian, WhatsApp / Telegram (for study purposes), Physical Notes",2026-01-31 18:40:13,Tamil Nadu,IIT / NIT,B.Sc,2nd Year,6.0 – 7.0,0 – 2 hours,"YouTube, NPTEL / SWAYAM, ChatGPT / AI tools",3,,,,,,,,
91,97b26b3698560201c1218be1d50871d93f4ae1f4a79deeb268b0ba686e43fdeb,2026-02-23 10:37:44,Week 2,70,6+ hours,3,3,Sometimes,"ChatGPT, Google Gemini, Microsoft Copilot, Claude, Perplexity AI, Grammarly, QuillBot, Notion AI, Codeium, Replit AI, Canva AI, DALL·E, Midjourney, Adobe Firefly",6 – 10,4,"Poor internet, No quiet study space, Health / stress issues",5,4,False,,About the same,"YouTube, NPTEL / SWAYAM, Coursera / Udemy / edX, College LMS, Notion / Anki / Obsidian, WhatsApp / Telegram (for study purposes), Physical Notes",2025-12-26 07:18:01,Tamil Nadu,Deemed University,B.Tech,3rd Year,8.0 – 9.0,0 – 2 hours,"ChatGPT / AI tools, College LMS, WhatsApp / Telegram",3,,,,,,,,
92,74d72de1f5b196019d5bbe209db2b90401f5ea949cebbdda60ac6b0f71acb482,2026-02-23 10:38:39,Week 2,60,6+ hours,3,3,Often,"ChatGPT, Google Gemini, Microsoft Copilot, Claude, Perplexity AI, Grammarly, Jasper AI, GitHub Copilot, Canva AI",6 – 10,3,NaN,4,4,False,75.0,Much better,"YouTube, NPTEL / SWAYAM, Coursera / Udemy / edX, College LMS, Notion / Anki / Obsidian, WhatsApp / Telegram (for study purposes), Physical Notes",2026-02-02 12:43:28,Madhya Pradesh,Central University,B.Tech,2nd Year,6.0 – 7.0,2 – 4 hours,"YouTube, ChatGPT / AI tools",2,,,,,,,,
93,26234105c87439e0dc4fb999632d3a5406775cc0728c26840e4a6b26d071341b,2026-02-23 10:40:54,Week 2,70,6+ hours,4,1,Often,"ChatGPT, Google Gemini, Microsoft Copilot, Claude, Perplexity AI, Grammarly, QuillBot, Notion AI, GitHub Copilot, DALL·E",10+,4,Health / stress issues,4,4,False,85.0,About the same,"YouTube, NPTEL / SWAYAM, Coursera / Udemy / edX, College LMS, Notion / Anki / Obsidian, WhatsApp / Telegram (for study purposes), Physical Notes",2026-01-12 20:18:58,Tamil Nadu,Private University,B.Tech,2nd Year,6.0 – 7.0,0 – 2 hours,"YouTube, ChatGPT / AI tools, College LMS",3,,,,,,,,
94,e9f047d3c2da21e5de56f3abab5c156cedf45843e25e1cc9c00e542a0848fb89,2026-02-23 10:42:01,Week 2,65,6+ hours,4,2,Sometimes,"ChatGPT, Google Gemini, Microsoft Copilot, Claude, Perplexity AI, Grammarly, QuillBot, Notion AI, Codeium",6 – 10,4,Health / stress issues,3,3,False,70.0,Much better,"YouTube, NPTEL / SWAYAM, Coursera / Udemy / edX, College LMS, Notion / Anki / Obsidian, WhatsApp / Telegram (for study purposes), Physical Notes",2026-02-23 10:04:41,Andhra Pradesh,Central University,B.Tech,2nd Year,7.0 – 8.0,0 – 2 hours,"YouTube, NPTEL / SWAYAM, Coursera / Udemy / edX, Notion / Anki / Obsidian, WhatsApp / Telegram",5,,,,,,,,
95,794e3ecad2e18d7bce8d1013a9e08fe529cc63443905f9864cedec22f7a9459b,2026-02-23 10:42:59,Week 2,55,6+ hours,5,5,Always,"ChatGPT, Google Gemini, Microsoft Copilot, Claude, Perplexity AI, Grammarly, QuillBot, Jasper AI, GitHub Copilot, Replit AI",10+,5,No quiet study space,5,5,False,80.0,Slightly better,"YouTube, NPTEL / SWAYAM, Coursera / Udemy / edX, College LMS, WhatsApp / Telegram (for study purposes)",2025-12-27 12:35:23,Tamil Nadu,Deemed University,B.Tech,3rd Year,6.0 – 7.0,0 – 2 hours,"YouTube, ChatGPT / AI tools",2,,,,,,,,
96,ad04e596e1af01ab238040c91de85cefe7f49fb2aabec57135e928a5ee02305e,2026-02-23 10:44:12,Week 2,50,6+ hours,5,2,Sometimes,"ChatGPT, Google Gemini, Microsoft Copilot, Claude, Perplexity AI, Grammarly, Notion AI, Codeium, Tabnine, Canva AI",10+,5,Mobile-only access,5,4,False,66.0,Slightly worse,"YouTube, NPTEL / SWAYAM, Coursera / Udemy / edX, College LMS, Notion / Anki / Obsidian, WhatsApp / Telegram (for study purposes), Physical Notes",2026-02-02 13:10:08,Karnataka,IIT / NIT,BBA,Others,7.0 – 8.0,2 – 4 hours,"YouTube, NPTEL / SWAYAM",2,,,,,,,,
97,81ddebb1fc0e6b009a5655dea87854093d1374914f03d128e615c955c9007504,2026-02-23 10:45:06,Week 2,60,6+ hours,5,3,Sometimes,"ChatGPT, Google Gemini, Microsoft Copilot, Claude, Perplexity AI, Grammarly, QuillBot, Notion AI, GitHub Copilot, Replit AI, Canva AI, Adobe Firefly",6 – 10,4,"Poor internet, No quiet study space",5,4,False,56.0,Much worse,"YouTube, NPTEL / SWAYAM, Coursera / Udemy / edX, College LMS, Notion / Anki / Obsidian, WhatsApp / Telegram (for study purposes), Physical Notes",2026-01-12 20:20:23,Tamil Nadu,Private University,B.Tech,3rd Year,7.0 – 8.0,2 – 4 hours,"YouTube, ChatGPT / AI tools, WhatsApp / Telegram, Physical notes only",4,,,,,,,,
98,c4fc9686cc1b927682fbf989fe97901e479c7d5a214ce073d7cc6062f4682ed6,2026-02-23 10:46:14,Week 2,56,6+ hours,5,2,Sometimes,"ChatGPT, Google Gemini, Microsoft Copilot, Claude, Perplexity AI, Grammarly, QuillBot, Notion AI",10+,4,"Poor internet, Mobile-only access",3,3,False,60.0,Slightly worse,"YouTube, NPTEL / SWAYAM, Coursera / Udemy / edX, College LMS, Notion / Anki / Obsidian, WhatsApp / Telegram (for study purposes), Physical Notes",2026-02-23 10:06:40,Andhra Pradesh,Private University,B.Com,3rd Year,6.0 – 7.0,0 – 2 hours,"Coursera / Udemy / edX, ChatGPT / AI tools, Notion / Anki / Obsidian, WhatsApp / Telegram",4,,,,,,,,
99,0e155a1241bd00b2d588262223a52e0f8a911a4000092f096e6968dccae9e61b,2026-02-23 10:47:04,Week 2,60,4 – 6 hours,4,5,Sometimes,"ChatGPT, Google Gemini, Microsoft Copilot, Claude, Perplexity AI, Grammarly, QuillBot, Notion AI, Jasper AI",10+,5,Poor internet,5,5,False,75.0,About the same,"YouTube, College LMS, WhatsApp / Telegram (for study purposes), Physical Notes",2026-02-03 11:16:29,Tamil Nadu,IIT / NIT,B.Tech,4th Year,8.0 – 9.0,2 – 4 hours,"ChatGPT / AI tools, College LMS",2,,,,,,,,
100,3d83828233d057f5e1e37a4c9e784850077d6638768e69b0f6b5d4e5e2dfc994,2026-02-23 10:48:16,Week 2,45,4 – 6 hours,5,3,Often,"ChatGPT, Google Gemini, Claude, Perplexity AI, Grammarly",6 – 10,4,Poor internet,5,4,False,90.0,Slightly better,"YouTube, NPTEL / SWAYAM, College LMS, WhatsApp / Telegram (for study purposes)",2026-01-12 21:41:37,Tamil Nadu,Private University,B.Tech,3rd Year,8.0 – 9.0,0 – 2 hours,"YouTube, ChatGPT / AI tools",2,,,,,,,,
101,81ddebb1fc0e6b009a5655dea87854093d1374914f03d128e615c955c9007504,2026-02-23 10:49:33,Week 3,20,2 – 4 hours,2,2,Rarely,"ChatGPT, Google Gemini",3 – 6,3,Poor internet,2,2,False,,Slightly worse,"YouTube, WhatsApp / Telegram (for study purposes)",2026-01-12 20:20:23,Tamil Nadu,Private University,B.Tech,3rd Year,7.0 – 8.0,2 – 4 hours,"YouTube, ChatGPT / AI tools, WhatsApp / Telegram, Physical notes only",4,,,,,,,,
102,ad04e596e1af01ab238040c91de85cefe7f49fb2aabec57135e928a5ee02305e,2026-02-23 11:07:02,Week 3,40,4 – 6 hours,3,3,Sometimes,"ChatGPT, Google Gemini, Microsoft Copilot, Claude, Perplexity AI, Grammarly",3 – 6,2,NaN,3,3,False,,Slightly worse,"YouTube, College LMS, Notion / Anki / Obsidian",2026-02-02 13:10:08,Karnataka,IIT / NIT,BBA,Others,7.0 – 8.0,2 – 4 hours,"YouTube, NPTEL / SWAYAM",2,,,,,,,,
103,384ceb85e96e6aa2ecda396e81a782b00f64a547b8639cec5570f556cec3c71d,2026-02-23 11:07:50,Week 3,30,2 – 4 hours,2,2,Rarely,"ChatGPT, Google Gemini, Perplexity AI, Grammarly",1 – 3,2,NaN,3,3,False,,Slightly worse,"YouTube, NPTEL / SWAYAM, Coursera / Udemy / edX, College LMS",2026-02-23 10:05:39,Kerala,Private University,B.Com,2nd Year,8.0 – 9.0,4 – 6 hours,"NPTEL / SWAYAM, Coursera / Udemy / edX, College LMS, Physical notes",4,,,,,,,,
104,d2db0cecaf1edf2f34e8fcb492052acd27453600c6cc493e25700d9c3b289761,2026-02-23 11:08:32,Week 3,30,4 – 6 hours,2,2,Sometimes,"ChatGPT, Google Gemini, Microsoft Copilot, Claude, Perplexity AI",1 – 3,2,Poor internet,2,2,False,,Much worse,"YouTube, NPTEL / SWAYAM, Coursera / Udemy / edX, College LMS",2026-02-02 12:56:07,Uttar Pradesh,IIT / NIT,Other,2nd Year,Prefer not to say,2 – 4 hours,"YouTube, Coursera / Udemy / edX",2,,,,,,,,
105,e8386eec4c2f671d625ec0a877e0c9af57a196443df6751cfd908bc4bb188c51,2026-02-23 11:09:19,Week 3,30,2 – 4 hours,3,3,Sometimes,"ChatGPT, Google Gemini, Microsoft Copilot, Claude, Perplexity AI, QuillBot",1 – 3,3,NaN,3,3,False,,About the same,"YouTube, NPTEL / SWAYAM, Coursera / Udemy / edX, College LMS",2026-01-31 18:42:45,Kerala,State University,B.Com,2nd Year,Prefer not to say,2 – 4 hours,"YouTube, NPTEL / SWAYAM, Coursera / Udemy / edX, Notion / Anki / Obsidian, Physical notes",5,,,,,,,,
106,b9c03c59028b4485073ac377b7c14dfe728898b0dccd931ebc2eea5d5b1d746a,2026-02-23 11:12:41,Week 3,20,2 – 4 hours,3,3,Sometimes,"ChatGPT, Google Gemini, Microsoft Copilot, Claude, Perplexity AI, Grammarly, QuillBot",1 – 3,3,Health / stress issues,2,2,False,,Slightly worse,"YouTube, NPTEL / SWAYAM, Coursera / Udemy / edX, College LMS, Notion / Anki / Obsidian",2025-12-27 14:52:29,Tamil Nadu,Central University,B.Tech,3rd Year,8.0 – 9.0,2 – 4 hours,"ChatGPT / AI tools, College LMS, WhatsApp / Telegram",3,,,,,,,,
107,32b68dc8923730efba7e69129bcc4d5555495cc9359174e99e3d50570ce6de44,2026-02-23 11:13:20,Week 3,20,2 – 4 hours,2,2,Rarely,"ChatGPT, Google Gemini, Microsoft Copilot, Claude",1 – 3,2,NaN,3,2,False,,About the same,"YouTube, Coursera / Udemy / edX, Notion / Anki / Obsidian",2026-01-31 14:55:58,Kerala,State University,B.Sc,1st Year,7.0 – 8.0,0 – 2 hours,"YouTube, ChatGPT / AI tools, College LMS, WhatsApp / Telegram",4,,,,,,,,
108,2b17d11e7d9c1af7a7fed72e60e90a5ee797f0b6e0cc8645592f6fdc2ad13cd2,2026-02-23 11:14:00,Week 4,10,0 – 2 hours,1,1,Never,"ChatGPT, Google Gemini",1 – 3,2,Poor internet,1,1,False,,Much worse,"YouTube, Coursera / Udemy / edX",2026-01-31 18:51:00,Tamil Nadu,State University,B.Tech,1st Year,6.0 – 7.0,2 – 4 hours,"YouTube, Coursera / Udemy / edX, ChatGPT / AI tools, Notion / Anki / Obsidian, WhatsApp / Telegram",5,,,,,,,,
109,794e3ecad2e18d7bce8d1013a9e08fe529cc63443905f9864cedec22f7a9459b,2026-02-24 12:14:09,Week 2,50,6+ hours,4,4,Sometimes,"ChatGPT, Google Gemini, Microsoft Copilot, Claude, Grammarly, QuillBot, Notion AI, Midjourney, Adobe Firefly, Khanmigo (Khan Academy AI)",6 – 10,5,"Poor internet, Mobile-only access, Health / stress issues",3,3,False,60.0,About the same,"YouTube, NPTEL / SWAYAM, Coursera / Udemy / edX, College LMS, Notion / Anki / Obsidian, WhatsApp / Telegram (for study purposes)",2025-12-27 12:35:23,Tamil Nadu,Deemed University,B.Tech,3rd Year,6.0 – 7.0,0 – 2 hours,"YouTube, ChatGPT / AI tools",2,,,,,,,,
110,49c29b44c0f2dba949371e3de5aaea4ace47ef333c771bda5ab86551a01e7a7d,2026-02-24 12:16:26,Week 2,40,4 – 6 hours,3,3,Sometimes,"ChatGPT, Google Gemini, Microsoft Copilot, Claude, Perplexity AI, Grammarly, QuillBot, GitHub Copilot, Codeium",6 – 10,4,"Poor internet, Mobile-only access, No quiet study space",3,3,False,70.0,Slightly better,"YouTube, NPTEL / SWAYAM, Coursera / Udemy / edX, College LMS, Notion / Anki / Obsidian, Physical Notes",2026-02-02 12:49:39,Uttar Pradesh,Central University,B.Tech,Others,8.0 – 9.0,2 – 4 hours,"YouTube, ChatGPT / AI tools",2,,,,,,,,
111,ad04e596e1af01ab238040c91de85cefe7f49fb2aabec57135e928a5ee02305e,2026-02-25 23:11:19,Week 3,4,2 – 4 hours,3,3,Sometimes,"ChatGPT, Microsoft Copilot, QuillBot",1 – 3,3,No quiet study space,3,3,False,,Slightly worse,YouTube,2026-02-02 13:10:08,Karnataka,IIT / NIT,BBA,Others,7.0 – 8.0,2 – 4 hours,"YouTube, NPTEL / SWAYAM",2,,,,,,,,
112,7b5c4bd7d59556f437489bc9729a8c19655b90085e45e8dff621cf66913fc521,2026-02-26 00:09:17,Week 3,2,0 – 2 hours,2,2,Rarely,ChatGPT,1 – 3,2,Poor internet,2,2,False,,Slightly worse,NaN,2026-02-23 10:13:22,Kerala,State University,B.Tech,3rd Year,Prefer not to say,2 – 4 hours,"YouTube, NPTEL / SWAYAM, Coursera / Udemy / edX, ChatGPT / AI tools, Notion / Anki / Obsidian, College LMS, WhatsApp / Telegram, Physical notes",8,,,,,,,,
113,f8041b50a2c1379ae1a539104ac8cfff2e7475d9225620826e59c80d286afe76,2026-02-26 00:14:22,Week 2,9,6+ hours,5,5,Often,"ChatGPT, Google Gemini, Claude",3 – 6,4,NaN,4,5,False,,Much better,"YouTube, WhatsApp / Telegram (for study purposes), Physical Notes",2026-01-31 18:25:54,Andhra Pradesh,Private University,B.Sc,3rd Year,7.0 – 8.0,0 – 2 hours,"YouTube, NPTEL / SWAYAM, Notion / Anki / Obsidian, College LMS, WhatsApp / Telegram",5,,,,,,,,
114,ef4aca4b5a9ddc8cfe1cda04eef5cb540a47e603dac29e3f59b7bdd1a387191d,2026-02-26 00:14:46,Week 1,68,4 – 6 hours,4,4,Often,"ChatGPT, Google Gemini, Microsoft Copilot, Claude, Perplexity AI",10+,5,NaN,4,4,False,,Slightly better,YouTube,2026-02-02 12:52:17,Maharashtra,Private University,B.Tech,Others,6.0 – 7.0,2 – 4 hours,"YouTube, ChatGPT / AI tools",2,,,,,,,,
115,9c37b8db9c39e670e8422cf5afe252221762450c6f3d1f72c8ef3cdfe0a584e6,2026-02-26 00:16:28,Week 2,68,6+ hours,5,5,Always,"ChatGPT, Google Gemini, Microsoft Copilot, Claude, Perplexity AI",10+,5,NaN,5,5,False,80.0,Much better,"YouTube, College LMS, WhatsApp / Telegram (for study purposes), Physical Notes",2026-02-23 10:10:44,Tamil Nadu,State University,B.Sc,2nd Year,7.0 – 8.0,2 – 4 hours,"YouTube, NPTEL / SWAYAM, Coursera / Udemy / edX, ChatGPT / AI tools, College LMS",5,,,,,,,,
116,a0844c331d7454600df29956fea1f640e9035aa0e376172eded377ff472dedbe,2026-02-26 00:17:35,Week 3,50,4 – 6 hours,3,3,Sometimes,ChatGPT,3 – 6,4,NaN,2,2,False,,Slightly worse,YouTube,2026-01-31 18:46:52,Karnataka,Central University,B.Sc,1st Year,7.0 – 8.0,2 – 4 hours,"NPTEL / SWAYAM, Coursera / Udemy / edX, ChatGPT / AI tools, College LMS, WhatsApp / Telegram, Physical notes",6,,,,,,,,
118,b9c03c59028b4485073ac377b7c14dfe728898b0dccd931ebc2eea5d5b1d746a,2026-02-26 00:18:30,Week 4,40,2 – 4 hours,3,3,Never,ChatGPT,1 – 3,3,NaN,3,1,False,,Much worse,YouTube,2025-12-27 14:52:29,Tamil Nadu,Central University,B.Tech,3rd Year,8.0 – 9.0,2 – 4 hours,"ChatGPT / AI tools, College LMS, WhatsApp / Telegram",3,,,,,,,,
119,3a16c6fa9dbc26f91e12cdd112bec4f2953a34f47097d3424e3f551bb022a684,2026-02-26 09:56:15,Week 1,67,6+ hours,4,4,Often,"ChatGPT, Google Gemini, Microsoft Copilot, Claude, Perplexity AI",6 – 10,4,NaN,4,4,False,,Slightly better,"YouTube, College LMS, WhatsApp / Telegram (for study purposes), Physical Notes",2026-01-31 18:44:48,Tamil Nadu,Private University,BBA,1st Year,6.0 – 7.0,0 – 2 hours,"YouTube, Coursera / Udemy / edX, ChatGPT / AI tools, College LMS, WhatsApp / Telegram, Physical notes",6,,,,,,,,
120,384ceb85e96e6aa2ecda396e81a782b00f64a547b8639cec5570f556cec3c71d,2026-02-26 09:57:57,Week 2,69,6+ hours,5,5,Always,"ChatGPT, Google Gemini, Microsoft Copilot, Claude, Perplexity AI, Canva AI",10+,5,NaN,5,5,False,80.0,Much better,"YouTube, College LMS, WhatsApp / Telegram (for study purposes), Physical Notes",2026-02-23 10:05:39,Kerala,Private University,B.Com,2nd Year,8.0 – 9.0,4 – 6 hours,"NPTEL / SWAYAM, Coursera / Udemy / edX, College LMS, Physical notes",4,,,,,,,,
121,cf47f395a464caa7ab1da1745c2d650002296d75e8eac41561b430a83f4382f8,2026-02-26 10:04:30,Week 3,46,4 – 6 hours,3,3,Sometimes,"ChatGPT, Microsoft Copilot",3 – 6,2,NaN,3,2,False,,Slightly worse,"YouTube, College LMS, WhatsApp / Telegram (for study purposes), Physical Notes",2026-01-31 18:49:58,Tamil Nadu,Central University,B.Sc,3rd Year,7.0 – 8.0,2 – 4 hours,"YouTube, NPTEL / SWAYAM, Coursera / Udemy / edX, ChatGPT / AI tools, Notion / Anki / Obsidian",5,,,,,,,,
122,b9c03c59028b4485073ac377b7c14dfe728898b0dccd931ebc2eea5d5b1d746a,2026-02-26 10:05:56,Week 3,20,2 – 4 hours,2,2,Never,"ChatGPT, Google Gemini",1 – 3,2,NaN,2,1,False,,Slightly better,YouTube,2025-12-27 14:52:29,Tamil Nadu,Central University,B.Tech,3rd Year,8.0 – 9.0,2 – 4 hours,"ChatGPT / AI tools, College LMS, WhatsApp / Telegram",3,,,,,,,,
123,3d83828233d057f5e1e37a4c9e784850077d6638768e69b0f6b5d4e5e2dfc994,2026-02-26 10:07:56,Week 3,10,0 – 2 hours,1,1,Never,"ChatGPT, Google Gemini",1 – 3,2,NaN,1,1,False,,Much worse,"YouTube, College LMS",2026-01-12 21:41:37,Tamil Nadu,Private University,B.Tech,3rd Year,8.0 – 9.0,0 – 2 hours,"YouTube, ChatGPT / AI tools",2,,,,,,,,
124,3a16c6fa9dbc26f91e12cdd112bec4f2953a34f47097d3424e3f551bb022a684,2026-02-26 10:07:59,Week 3,17,6+ hours,3,3,Sometimes,"ChatGPT, Perplexity AI",6 – 10,4,NaN,4,3,False,,About the same,"YouTube, WhatsApp / Telegram (for study purposes), Physical Notes",2026-01-31 18:44:48,Tamil Nadu,Private University,BBA,1st Year,6.0 – 7.0,0 – 2 hours,"YouTube, Coursera / Udemy / edX, ChatGPT / AI tools, College LMS, WhatsApp / Telegram, Physical notes",6,,,,,,,,
125,caf626adf6b1139006e560ca8cc80b33ca449dfd93d89557b2b5dca8a09ea07f,2026-02-26 10:09:09,Week 3,15,0 – 2 hours,1,1,Never,"ChatGPT, Google Gemini",1 – 3,2,NaN,1,1,False,,Slightly worse,"YouTube, College LMS, Physical Notes",2026-02-23 10:06:05,Karnataka,Private University,BA,3rd Year,7.0 – 8.0,2 – 4 hours,"YouTube, NPTEL / SWAYAM, Coursera / Udemy / edX, ChatGPT / AI tools, Notion / Anki / Obsidian, WhatsApp / Telegram",6,,,,,,,,
126,26234105c87439e0dc4fb999632d3a5406775cc0728c26840e4a6b26d071341b,2026-02-26 10:10:18,Week 3,10,0 – 2 hours,1,1,Never,ChatGPT,1 – 3,2,NaN,1,1,False,,Much worse,YouTube,2026-01-12 20:18:58,Tamil Nadu,Private University,B.Tech,2nd Year,6.0 – 7.0,0 – 2 hours,"YouTube, ChatGPT / AI tools, College LMS",3,,,,,,,,
127,522e39ae01bce33e97b085b9517a3680984adf0d38e718487e3314eb74127ab2,2026-02-26 10:11:24,Week 3,10,0 – 2 hours,2,2,Never,"ChatGPT, Google Gemini",1 – 3,1,NaN,2,1,False,,Much worse,YouTube,2026-01-31 18:48:52,Tamil Nadu,State University,B.Tech,2nd Year,Below 6.0,0 – 2 hours,"YouTube, ChatGPT / AI tools, WhatsApp / Telegram",3,,,,,,,,
128,16a56bf3b362259b32e3bc7d18a95d94213241560809ad3c4d5ddba644365acb,2026-02-26 10:12:20,Week 3,10,2 – 4 hours,1,1,Never,ChatGPT,1 – 3,1,NaN,1,2,False,,Slightly worse,YouTube,2026-02-19 13:19:58,Tamil Nadu,State University,B.Sc,2nd Year,8.0 – 9.0,2 – 4 hours,"YouTube, NPTEL / SWAYAM, Coursera / Udemy / edX, ChatGPT / AI tools, Notion / Anki / Obsidian",5,,,,,,,,
129,8bfc27000534160835a23ec100f95667b3894c6b3e90a6027721d3322ad782dc,2026-02-26 10:13:20,Week 3,10,2 – 4 hours,1,1,Never,"ChatGPT, Google Gemini",1 – 3,2,NaN,2,1,False,,Slightly worse,YouTube,2026-02-05 21:46:59,Telangana,Private University,B.Tech,3rd Year,9.0+,0 – 2 hours,"YouTube, ChatGPT / AI tools, Physical notes",3,,,,,,,,
130,cf47f395a464caa7ab1da1745c2d650002296d75e8eac41561b430a83f4382f8,2026-02-26 10:14:20,Week 3,10,0 – 2 hours,1,1,Never,ChatGPT,1 – 3,2,NaN,2,1,False,,Much worse,YouTube,2026-01-31 18:49:58,Tamil Nadu,Central University,B.Sc,3rd Year,7.0 – 8.0,2 – 4 hours,"YouTube, NPTEL / SWAYAM, Coursera / Udemy / edX, ChatGPT / AI tools, Notion / Anki / Obsidian",5,,,,,,,,
131,8bfc27000534160835a23ec100f95667b3894c6b3e90a6027721d3322ad782dc,2026-02-26 10:14:42,Week 4,10,6+ hours,2,2,Sometimes,"ChatGPT, Google Gemini",3 – 6,4,No quiet study space,3,3,False,,About the same,"YouTube, Coursera / Udemy / edX",2026-02-05 21:46:59,Telangana,Private University,B.Tech,3rd Year,9.0+,0 – 2 hours,"YouTube, ChatGPT / AI tools, Physical notes",3,,,,,,,,
132,266344e1c50b449d6d5dbec5b4b1af3236f13cc0b97871acccf3da3697283f82,2026-02-26 10:15:38,Week 3,8,2 – 4 hours,1,1,Never,Google Gemini,1 – 3,1,NaN,1,1,False,,Slightly worse,YouTube,2026-01-16 12:24:26,Tamil Nadu,Private University,B.Tech,3rd Year,9.0+,2 – 4 hours,"YouTube, ChatGPT / AI tools, Notion / Anki / Obsidian, WhatsApp / Telegram",4,,,,,,,,
133,97b26b3698560201c1218be1d50871d93f4ae1f4a79deeb268b0ba686e43fdeb,2026-02-26 10:17:37,Week 3,9,0 – 2 hours,1,2,Never,ChatGPT,1 – 3,1,NaN,1,1,False,,Slightly worse,YouTube,2025-12-26 07:18:01,Tamil Nadu,Deemed University,B.Tech,3rd Year,8.0 – 9.0,0 – 2 hours,"ChatGPT / AI tools, College LMS, WhatsApp / Telegram",3,,,,,,,,
134,b319601b117de5d02e9d335f82997ad5d2c20f041b094bdd7a67411b8ad1543b,2026-02-26 10:18:30,Week 3,6,0 – 2 hours,1,1,Never,ChatGPT,1 – 3,1,NaN,1,1,False,,Much worse,YouTube,2026-01-31 11:34:19,Tamil Nadu,State University,B.Tech,4th Year,8.0 – 9.0,0 – 2 hours,"YouTube, ChatGPT / AI tools, WhatsApp / Telegram",3,,,,,,,,
135,27d91473394ea1f8f97a8f1740492902f4ab1abbfe0b003e4536904eaba6dca0,2026-02-26 10:19:45,Week 3,8,0 – 2 hours,1,1,Never,ChatGPT,0,1,NaN,1,1,False,,Much worse,YouTube,2026-01-31 18:43:28,Tamil Nadu,IIT / NIT,B.Tech,3rd Year,7.0 – 8.0,2 – 4 hours,"YouTube, NPTEL / SWAYAM, Coursera / Udemy / edX, ChatGPT / AI tools, Notion / Anki / Obsidian, College LMS, WhatsApp / Telegram, Physical notes",8,,,,,,,,
136,f8041b50a2c1379ae1a539104ac8cfff2e7475d9225620826e59c80d286afe76,2026-02-26 10:21:01,Week 3,35,2 – 4 hours,2,2,Rarely,Google Gemini,1 – 3,1,NaN,1,2,False,,Slightly worse,YouTube,2026-01-31 18:25:54,Andhra Pradesh,Private University,B.Sc,3rd Year,7.0 – 8.0,0 – 2 hours,"YouTube, NPTEL / SWAYAM, Notion / Anki / Obsidian, College LMS, WhatsApp / Telegram",5,,,,,,,,
137,63c23cf4b390284f3ce1175699f5efa501022ba212fe21be99dc9e2d21deebbf,2026-02-26 10:21:57,Week 3,5,0 – 2 hours,1,1,Never,ChatGPT,0,1,NaN,1,1,False,,Much worse,YouTube,2026-02-02 12:38:59,Rajasthan,State University,B.Sc,2nd Year,7.0 – 8.0,4 – 6 hours,"Coursera / Udemy / edX, ChatGPT / AI tools, Notion / Anki / Obsidian, College LMS, Physical notes",5,,,,,,,,
138,bed0f2897fdcff9c379616ea83849b1ca59a967db6315c91cd8fcf4fcf4c7216,2026-02-26 10:22:53,Week 3,5,0 – 2 hours,1,1,Never,ChatGPT,1 – 3,2,NaN,1,1,False,,Much worse,YouTube,2026-01-31 18:46:23,Andhra Pradesh,State University,B.Sc,2nd Year,7.0 – 8.0,2 – 4 hours,"YouTube, NPTEL / SWAYAM, WhatsApp / Telegram",3,,,,,,,,
139,f90ab6deefe14d178606a393182b36cdc645169d692772666b9c29214c2a4e40,2026-02-26 10:23:52,Week 3,6,0 – 2 hours,1,1,Never,Google Gemini,0,1,NaN,1,1,False,,Much worse,YouTube,2026-02-05 21:56:57,Telangana,Private University,B.Tech,3rd Year,7.0 – 8.0,0 – 2 hours,"ChatGPT / AI tools, WhatsApp / Telegram",2,,,,,,,,
140,caf626adf6b1139006e560ca8cc80b33ca449dfd93d89557b2b5dca8a09ea07f,2026-02-26 10:25:56,Week 3,2,0 – 2 hours,1,1,Never,ChatGPT,1 – 3,1,NaN,1,1,False,,Slightly worse,YouTube,2026-02-23 10:06:05,Karnataka,Private University,BA,3rd Year,7.0 – 8.0,2 – 4 hours,"YouTube, NPTEL / SWAYAM, Coursera / Udemy / edX, ChatGPT / AI tools, Notion / Anki / Obsidian, WhatsApp / Telegram",6,,,,,,,,
141,81ddebb1fc0e6b009a5655dea87854093d1374914f03d128e615c955c9007504,2026-02-26 10:27:04,Week 3,4,0 – 2 hours,1,1,Never,"Claude, GitHub Copilot",1 – 3,1,NaN,1,1,False,,Much worse,YouTube,2026-01-12 20:20:23,Tamil Nadu,Private University,B.Tech,3rd Year,7.0 – 8.0,2 – 4 hours,"YouTube, ChatGPT / AI tools, WhatsApp / Telegram, Physical notes only",4,,,,,,,,
142,f8ecea41f5799921e46e5d82b8d41d92dba1fca7a66ca63506cc3c0aab382672,2026-02-26 10:28:22,Week 3,4,0 – 2 hours,1,1,Never,ChatGPT,0,1,NaN,1,1,False,,Much worse,YouTube,2026-01-27 17:56:30,Uttar Pradesh,Central University,B.Tech,4th Year,7.0 – 8.0,4 – 6 hours,"YouTube, NPTEL / SWAYAM, Coursera / Udemy / edX, ChatGPT / AI tools, Notion / Anki / Obsidian",5,,,,,,,,
143,c4fc9686cc1b927682fbf989fe97901e479c7d5a214ce073d7cc6062f4682ed6,2026-02-26 10:29:45,Week 3,6,0 – 2 hours,1,1,Never,Claude,1 – 3,1,NaN,2,1,False,,Much worse,YouTube,2026-02-23 10:06:40,Andhra Pradesh,Private University,B.Com,3rd Year,6.0 – 7.0,0 – 2 hours,"Coursera / Udemy / edX, ChatGPT / AI tools, Notion / Anki / Obsidian, WhatsApp / Telegram",4,,,,,,,,
144,bed0f2897fdcff9c379616ea83849b1ca59a967db6315c91cd8fcf4fcf4c7216,2026-02-26 10:30:56,Week 3,10,0 – 2 hours,1,1,Never,NaN,0,1,NaN,1,1,False,,Much worse,NaN,2026-01-31 18:46:23,Andhra Pradesh,State University,B.Sc,2nd Year,7.0 – 8.0,2 – 4 hours,"YouTube, NPTEL / SWAYAM, WhatsApp / Telegram",3,,,,,,,,
145,132137538b93be89ed6c9815b322a7a0f58530b8c229d1809265140f5cb8c398,2026-02-26 10:32:20,Week 3,8,0 – 2 hours,1,1,Never,Google Gemini,1 – 3,1,NaN,1,1,False,,Much worse,YouTube,2026-01-13 19:44:22,Tamil Nadu,Deemed University,B.Tech,3rd Year,7.0 – 8.0,2 – 4 hours,"YouTube, ChatGPT / AI tools",2,,,,,,,,
146,219d4ac6903fffab5ab1d64d6ed0b331adcc691f0e116fb7f62cefba91f7b0ec,2026-02-26 10:33:22,Week 3,9,0 – 2 hours,1,1,Never,ChatGPT,0,1,NaN,1,1,False,,Much worse,YouTube,2025-12-26 18:34:24,Andhra Pradesh,Private University,B.Tech,3rd Year,9.0+,0 – 2 hours,ChatGPT / AI tools,1,,,,,,,,
147,794e3ecad2e18d7bce8d1013a9e08fe529cc63443905f9864cedec22f7a9459b,2026-02-26 10:35:00,Week 3,10,0 – 2 hours,1,1,Never,ChatGPT,0,1,NaN,1,1,False,,Much worse,YouTube,2025-12-27 12:35:23,Tamil Nadu,Deemed University,B.Tech,3rd Year,6.0 – 7.0,0 – 2 hours,"YouTube, ChatGPT / AI tools",2,,,,,,,,
148,b7c45e43b3e4defcfa15c66053995acfb95306f516892ea504b4a561e64a85b9,2026-02-26 10:36:24,Week 3,3,0 – 2 hours,1,1,Never,Google Gemini,1 – 3,1,NaN,1,1,False,,Much worse,YouTube,2026-01-31 18:40:13,Tamil Nadu,IIT / NIT,B.Sc,2nd Year,6.0 – 7.0,0 – 2 hours,"YouTube, NPTEL / SWAYAM, ChatGPT / AI tools",3,,,,,,,,
149,c4fc9686cc1b927682fbf989fe97901e479c7d5a214ce073d7cc6062f4682ed6,2026-02-26 10:37:39,Week 3,20,2 – 4 hours,2,2,Rarely,Google Gemini,1 – 3,2,NaN,2,2,False,,Much worse,NaN,2026-02-23 10:06:40,Andhra Pradesh,Private University,B.Com,3rd Year,6.0 – 7.0,0 – 2 hours,"Coursera / Udemy / edX, ChatGPT / AI tools, Notion / Anki / Obsidian, WhatsApp / Telegram",4,,,,,,,,
150,b319601b117de5d02e9d335f82997ad5d2c20f041b094bdd7a67411b8ad1543b,2026-02-26 10:39:41,Week 3,22,4 – 6 hours,1,2,Rarely,ChatGPT,1 – 3,2,NaN,2,1,False,,Much worse,YouTube,2026-01-31 11:34:19,Tamil Nadu,State University,B.Tech,4th Year,8.0 – 9.0,0 – 2 hours,"YouTube, ChatGPT / AI tools, WhatsApp / Telegram",3,,,,,,,,
151,132137538b93be89ed6c9815b322a7a0f58530b8c229d1809265140f5cb8c398,2026-02-26 10:41:38,Week 3,15,2 – 4 hours,2,3,Rarely,ChatGPT,3 – 6,3,NaN,2,3,False,80.0,Slightly worse,"College LMS, WhatsApp / Telegram (for study purposes)",2026-01-13 19:44:22,Tamil Nadu,Deemed University,B.Tech,3rd Year,7.0 – 8.0,2 – 4 hours,"YouTube, ChatGPT / AI tools",2,,,,,,,,
152,3a16c6fa9dbc26f91e12cdd112bec4f2953a34f47097d3424e3f551bb022a684,2026-02-26 10:43:58,Week 3,30,4 – 6 hours,1,2,Rarely,Microsoft Copilot,0,1,NaN,2,1,False,,Slightly worse,YouTube,2026-01-31 18:44:48,Tamil Nadu,Private University,BBA,1st Year,6.0 – 7.0,0 – 2 hours,"YouTube, Coursera / Udemy / edX, ChatGPT / AI tools, College LMS, WhatsApp / Telegram, Physical notes",6,,,,,,,,
153,f90ab6deefe14d178606a393182b36cdc645169d692772666b9c29214c2a4e40,2026-02-26 10:45:14,Week 3,10,2 – 4 hours,2,2,Never,Google Gemini,1 – 3,2,Poor internet,2,2,False,,Slightly worse,YouTube,2026-02-05 21:56:57,Telangana,Private University,B.Tech,3rd Year,7.0 – 8.0,0 – 2 hours,"ChatGPT / AI tools, WhatsApp / Telegram",2,,,,,,,,
154,e8386eec4c2f671d625ec0a877e0c9af57a196443df6751cfd908bc4bb188c51,2026-02-26 10:47:11,Week 3,10,2 – 4 hours,1,2,Never,ChatGPT,1 – 3,2,Poor internet,1,1,False,,Slightly worse,YouTube,2026-01-31 18:42:45,Kerala,State University,B.Com,2nd Year,Prefer not to say,2 – 4 hours,"YouTube, NPTEL / SWAYAM, Coursera / Udemy / edX, Notion / Anki / Obsidian, Physical notes",5,,,,,,,,
155,cf47f395a464caa7ab1da1745c2d650002296d75e8eac41561b430a83f4382f8,2026-02-26 10:47:57,Week 3,10,2 – 4 hours,2,1,Never,Google Gemini,0,1,Mobile-only access,2,1,False,,Slightly worse,YouTube,2026-01-31 18:49:58,Tamil Nadu,Central University,B.Sc,3rd Year,7.0 – 8.0,2 – 4 hours,"YouTube, NPTEL / SWAYAM, Coursera / Udemy / edX, ChatGPT / AI tools, Notion / Anki / Obsidian",5,,,,,,,,
156,219d4ac6903fffab5ab1d64d6ed0b331adcc691f0e116fb7f62cefba91f7b0ec,2026-02-26 10:48:51,Week 3,39,4 – 6 hours,2,2,Sometimes,Google Gemini,6 – 10,3,Health / stress issues,2,2,False,,Slightly worse,YouTube,2025-12-26 18:34:24,Andhra Pradesh,Private University,B.Tech,3rd Year,9.0+,0 – 2 hours,ChatGPT / AI tools,1,,,,,,,,
157,81ddebb1fc0e6b009a5655dea87854093d1374914f03d128e615c955c9007504,2026-02-26 10:50:06,Week 3,10,0 – 2 hours,2,1,Rarely,ChatGPT,1 – 3,1,No quiet study space,2,2,False,,Much worse,YouTube,2026-01-12 20:20:23,Tamil Nadu,Private University,B.Tech,3rd Year,7.0 – 8.0,2 – 4 hours,"YouTube, ChatGPT / AI tools, WhatsApp / Telegram, Physical notes only",4,,,,,,,,
158,a091d9857e1b26dac9ad43d43de3cfab7f19df9cadb73e095b0b4a74a5e9bc3d,2026-02-26 10:51:30,Week 3,20,4 – 6 hours,2,2,Rarely,Google Gemini,1 – 3,2,Mobile-only access,2,2,False,,Slightly worse,YouTube,2026-01-27 19:47:23,Tamil Nadu,Deemed University,B.Tech,4th Year,9.0+,0 – 2 hours,"YouTube, ChatGPT / AI tools, WhatsApp / Telegram",3,,,,,,,,
159,ace8e293cc91c35e822f9101bc4e97d2ad904d1e130b4402fd6a6642f245665e,2026-02-26 10:52:28,Week 3,30,4 – 6 hours,1,2,Rarely,"ChatGPT, Google Gemini, Microsoft Copilot, Claude",6 – 10,2,NaN,3,3,False,,Slightly worse,"YouTube, College LMS",2026-02-23 10:12:43,Kerala,State University,B.Tech,2nd Year,6.0 – 7.0,0 – 2 hours,"NPTEL / SWAYAM, Notion / Anki / Obsidian",2,,,,,,,,
160,9c37b8db9c39e670e8422cf5afe252221762450c6f3d1f72c8ef3cdfe0a584e6,2026-02-26 10:53:22,Week 3,20,2 – 4 hours,2,3,Rarely,"ChatGPT, Google Gemini",1 – 3,3,NaN,2,2,False,,Slightly worse,YouTube,2026-02-23 10:10:44,Tamil Nadu,State University,B.Sc,2nd Year,7.0 – 8.0,2 – 4 hours,"YouTube, NPTEL / SWAYAM, Coursera / Udemy / edX, ChatGPT / AI tools, College LMS",5,,,,,,,,
161,f8041b50a2c1379ae1a539104ac8cfff2e7475d9225620826e59c80d286afe76,2026-02-26 10:54:35,Week 3,20,2 – 4 hours,1,1,Never,ChatGPT,1 – 3,2,NaN,2,2,False,,Much worse,YouTube,2026-01-31 18:25:54,Andhra Pradesh,Private University,B.Sc,3rd Year,7.0 – 8.0,0 – 2 hours,"YouTube, NPTEL / SWAYAM, Notion / Anki / Obsidian, College LMS, WhatsApp / Telegram",5,,,,,,,,
162,63c23cf4b390284f3ce1175699f5efa501022ba212fe21be99dc9e2d21deebbf,2026-02-26 10:56:13,Week 3,10,0 – 2 hours,1,1,Never,NaN,0,1,NaN,1,1,False,,Much worse,NaN,2026-02-02 12:38:59,Rajasthan,State University,B.Sc,2nd Year,7.0 – 8.0,4 – 6 hours,"Coursera / Udemy / edX, ChatGPT / AI tools, Notion / Anki / Obsidian, College LMS, Physical notes",5,,,,,,,,
163,0e155a1241bd00b2d588262223a52e0f8a911a4000092f096e6968dccae9e61b,2026-02-26 10:56:57,Week 3,8,2 – 4 hours,1,1,Never,ChatGPT,1 – 3,2,Poor internet,2,2,False,,Much worse,NPTEL / SWAYAM,2026-02-03 11:16:29,Tamil Nadu,IIT / NIT,B.Tech,4th Year,8.0 – 9.0,2 – 4 hours,"ChatGPT / AI tools, College LMS",2,,,,,,,,
164,9c37b8db9c39e670e8422cf5afe252221762450c6f3d1f72c8ef3cdfe0a584e6,2026-02-26 10:57:55,Week 3,19,2 – 4 hours,2,2,Rarely,Google Gemini,0,1,Mobile-only access,2,1,False,,Slightly worse,YouTube,2026-02-23 10:10:44,Tamil Nadu,State University,B.Sc,2nd Year,7.0 – 8.0,2 – 4 hours,"YouTube, NPTEL / SWAYAM, Coursera / Udemy / edX, ChatGPT / AI tools, College LMS",5,,,,,,,,
165,16a56bf3b362259b32e3bc7d18a95d94213241560809ad3c4d5ddba644365acb,2026-02-26 10:58:59,Week 3,10,2 – 4 hours,1,2,Rarely,Google Gemini,3 – 6,1,Poor internet,1,2,False,,Much worse,YouTube,2026-02-19 13:19:58,Tamil Nadu,State University,B.Sc,2nd Year,8.0 – 9.0,2 – 4 hours,"YouTube, NPTEL / SWAYAM, Coursera / Udemy / edX, ChatGPT / AI tools, Notion / Anki / Obsidian",5,,,,,,,,
166,f8041b50a2c1379ae1a539104ac8cfff2e7475d9225620826e59c80d286afe76,2026-02-26 10:59:46,Week 3,20,2 – 4 hours,3,2,Rarely,Google Gemini,0,2,Poor internet,1,2,False,,Much worse,YouTube,2026-01-31 18:25:54,Andhra Pradesh,Private University,B.Sc,3rd Year,7.0 – 8.0,0 – 2 hours,"YouTube, NPTEL / SWAYAM, Notion / Anki / Obsidian, College LMS, WhatsApp / Telegram",5,,,,,,,,
167,1dd2975d45d1e27948cae456e3827e3b50778c013fecee985fb0422f4a492ba2,2026-02-26 11:01:22,Week 3,10,0 – 2 hours,2,1,Rarely,ChatGPT,1 – 3,3,NaN,2,2,False,,Slightly worse,YouTube,2026-02-19 13:17:59,Andhra Pradesh,State University,B.Tech,2nd Year,7.0 – 8.0,6+ hours,"YouTube, NPTEL / SWAYAM, Coursera / Udemy / edX, ChatGPT / AI tools, Notion / Anki / Obsidian, College LMS, WhatsApp / Telegram, Physical notes",8,,,,,,,,
168,6cdee50dedfbbd1a46317cf81321165ab42071b577d2f1514daac32cb4160095,2026-02-26 11:02:50,Week 3,6,0 – 2 hours,1,1,Never,ChatGPT,1 – 3,1,Poor internet,2,1,False,,Much worse,YouTube,2026-02-02 12:39:28,Gujarat,Private University,B.Tech,3rd Year,8.0 – 9.0,6+ hours,NaN,1,,,,,,,,
169,3d83828233d057f5e1e37a4c9e784850077d6638768e69b0f6b5d4e5e2dfc994,2026-02-26 11:03:53,Week 3,10,2 – 4 hours,1,1,Never,ChatGPT,1 – 3,2,NaN,1,2,False,,Much worse,YouTube,2026-01-12 21:41:37,Tamil Nadu,Private University,B.Tech,3rd Year,8.0 – 9.0,0 – 2 hours,"YouTube, ChatGPT / AI tools",2,,,,,,,,
170,a091d9857e1b26dac9ad43d43de3cfab7f19df9cadb73e095b0b4a74a5e9bc3d,2026-02-26 11:05:33,Week 3,10,0 – 2 hours,1,1,Rarely,ChatGPT,1 – 3,1,NaN,2,1,False,,Much worse,YouTube,2026-01-27 19:47:23,Tamil Nadu,Deemed University,B.Tech,4th Year,9.0+,0 – 2 hours,"YouTube, ChatGPT / AI tools, WhatsApp / Telegram",3,,,,,,,,
171,d2db0cecaf1edf2f34e8fcb492052acd27453600c6cc493e25700d9c3b289761,2026-02-26 11:06:33,Week 3,10,2 – 4 hours,2,1,Rarely,Microsoft Copilot,1 – 3,2,Poor internet,2,2,False,,Much worse,YouTube,2026-02-02 12:56:07,Uttar Pradesh,IIT / NIT,Other,2nd Year,Prefer not to say,2 – 4 hours,"YouTube, Coursera / Udemy / edX",2,,,,,,,,
172,16a56bf3b362259b32e3bc7d18a95d94213241560809ad3c4d5ddba644365acb,2026-02-26 11:07:47,Week 4,30,2 – 4 hours,2,3,Sometimes,"ChatGPT, Google Gemini, Microsoft Copilot",3 – 6,3,No quiet study space,3,2,False,,Slightly worse,"YouTube, College LMS",2026-02-19 13:19:58,Tamil Nadu,State University,B.Sc,2nd Year,8.0 – 9.0,2 – 4 hours,"YouTube, NPTEL / SWAYAM, Coursera / Udemy / edX, ChatGPT / AI tools, Notion / Anki / Obsidian",5,,,,,,,,
173,c4fc9686cc1b927682fbf989fe97901e479c7d5a214ce073d7cc6062f4682ed6,2026-02-26 11:08:33,Week 4,35,2 – 4 hours,3,3,Sometimes,"ChatGPT, Google Gemini, Microsoft Copilot, Claude",3 – 6,3,NaN,3,2,False,,Slightly better,"YouTube, Physical Notes",2026-02-23 10:06:40,Andhra Pradesh,Private University,B.Com,3rd Year,6.0 – 7.0,0 – 2 hours,"Coursera / Udemy / edX, ChatGPT / AI tools, Notion / Anki / Obsidian, WhatsApp / Telegram",4,,,,,,,,
174,781a9f368166d71405348c3b65fa0645e7cab12d017be1e369eb8d7a5cd5fb1d,2026-02-26 11:09:51,Week 4,43,4 – 6 hours,3,3,Sometimes,"ChatGPT, Google Gemini, Microsoft Copilot",3 – 6,2,NaN,3,2,False,,Slightly better,"YouTube, WhatsApp / Telegram (for study purposes)",2026-02-02 12:40:04,Maharashtra,IIT / NIT,B.Com,4th Year,7.0 – 8.0,2 – 4 hours,"YouTube, NPTEL / SWAYAM, Coursera / Udemy / edX, ChatGPT / AI tools, Notion / Anki / Obsidian, College LMS, WhatsApp / Telegram, Physical notes",8,,,,,,,,
175,c4fc9686cc1b927682fbf989fe97901e479c7d5a214ce073d7cc6062f4682ed6,2026-02-26 11:10:57,Week 4,40,4 – 6 hours,3,3,Sometimes,"ChatGPT, Google Gemini, Microsoft Copilot, Claude",6 – 10,3,NaN,2,3,False,,Slightly better,"YouTube, WhatsApp / Telegram (for study purposes), Physical Notes",2026-02-23 10:06:40,Andhra Pradesh,Private University,B.Com,3rd Year,6.0 – 7.0,0 – 2 hours,"Coursera / Udemy / edX, ChatGPT / AI tools, Notion / Anki / Obsidian, WhatsApp / Telegram",4,,,,,,,,
176,7b5c4bd7d59556f437489bc9729a8c19655b90085e45e8dff621cf66913fc521,2026-02-26 11:12:09,Week 4,30,4 – 6 hours,3,2,Often,"ChatGPT, Google Gemini, Microsoft Copilot, Claude, Perplexity AI",3 – 6,3,NaN,3,2,False,,Slightly better,"YouTube, College LMS",2026-02-23 10:13:22,Kerala,State University,B.Tech,3rd Year,Prefer not to say,2 – 4 hours,"YouTube, NPTEL / SWAYAM, Coursera / Udemy / edX, ChatGPT / AI tools, Notion / Anki / Obsidian, College LMS, WhatsApp / Telegram, Physical notes",8,,,,,,,,
177,86b1b7c8fd97ac6aa33f3f67e3c3652ee35ae2226cc4798385726481eea05f57,2026-02-26 11:13:04,Week 4,45,4 – 6 hours,3,3,Sometimes,"ChatGPT, Google Gemini, Microsoft Copilot",3 – 6,3,NaN,2,3,False,,Slightly better,"YouTube, WhatsApp / Telegram (for study purposes)",2026-01-31 18:50:27,Tamil Nadu,Central University,B.Tech,1st Year,7.0 – 8.0,0 – 2 hours,"YouTube, ChatGPT / AI tools, College LMS, WhatsApp / Telegram",4,,,,,,,,
178,f90ab6deefe14d178606a393182b36cdc645169d692772666b9c29214c2a4e40,2026-02-26 11:13:57,Week 4,40,4 – 6 hours,4,3,Sometimes,"ChatGPT, Google Gemini, Microsoft Copilot",3 – 6,2,NaN,4,3,False,,Slightly better,YouTube,2026-02-05 21:56:57,Telangana,Private University,B.Tech,3rd Year,7.0 – 8.0,0 – 2 hours,"ChatGPT / AI tools, WhatsApp / Telegram",2,,,,,,,,
179,266344e1c50b449d6d5dbec5b4b1af3236f13cc0b97871acccf3da3697283f82,2026-02-26 11:14:45,Week 4,30,4 – 6 hours,2,4,Sometimes,"ChatGPT, Google Gemini, Microsoft Copilot",3 – 6,3,NaN,3,2,False,,Slightly better,"YouTube, Physical Notes",2026-01-16 12:24:26,Tamil Nadu,Private University,B.Tech,3rd Year,9.0+,2 – 4 hours,"YouTube, ChatGPT / AI tools, Notion / Anki / Obsidian, WhatsApp / Telegram",4,,,,,,,,
180,6cdee50dedfbbd1a46317cf81321165ab42071b577d2f1514daac32cb4160095,2026-02-26 11:16:21,Week 4,20,2 – 4 hours,3,4,Sometimes,"ChatGPT, Google Gemini, Microsoft Copilot",3 – 6,3,NaN,2,3,False,,Slightly better,"YouTube, WhatsApp / Telegram (for study purposes)",2026-02-02 12:39:28,Gujarat,Private University,B.Tech,3rd Year,8.0 – 9.0,6+ hours,NaN,1,,,,,,,,
181,d2db0cecaf1edf2f34e8fcb492052acd27453600c6cc493e25700d9c3b289761,2026-02-26 11:17:11,Week 4,43,4 – 6 hours,3,3,Rarely,"ChatGPT, Google Gemini, Microsoft Copilot, Claude",3 – 6,2,NaN,3,3,False,,Slightly better,"NPTEL / SWAYAM, Physical Notes",2026-02-02 12:56:07,Uttar Pradesh,IIT / NIT,Other,2nd Year,Prefer not to say,2 – 4 hours,"YouTube, Coursera / Udemy / edX",2,,,,,,,,
182,32b68dc8923730efba7e69129bcc4d5555495cc9359174e99e3d50570ce6de44,2026-02-26 11:18:19,Week 4,45,4 – 6 hours,4,3,Rarely,"ChatGPT, Google Gemini, Microsoft Copilot",3 – 6,3,NaN,2,3,False,,Slightly better,YouTube,2026-01-31 14:55:58,Kerala,State University,B.Sc,1st Year,7.0 – 8.0,0 – 2 hours,"YouTube, ChatGPT / AI tools, College LMS, WhatsApp / Telegram",4,,,,,,,,
183,e9f047d3c2da21e5de56f3abab5c156cedf45843e25e1cc9c00e542a0848fb89,2026-02-26 11:19:46,Week 4,42,4 – 6 hours,3,3,Sometimes,"ChatGPT, Google Gemini, Microsoft Copilot",6 – 10,2,NaN,3,3,False,,Slightly better,"YouTube, Physical Notes",2026-02-23 10:04:41,Andhra Pradesh,Central University,B.Tech,2nd Year,7.0 – 8.0,0 – 2 hours,"YouTube, NPTEL / SWAYAM, Coursera / Udemy / edX, Notion / Anki / Obsidian, WhatsApp / Telegram",5,,,,,,,,
184,b7c45e43b3e4defcfa15c66053995acfb95306f516892ea504b4a561e64a85b9,2026-02-26 11:20:45,Week 4,41,4 – 6 hours,3,2,Sometimes,"ChatGPT, Google Gemini, Microsoft Copilot, Claude",3 – 6,3,NaN,4,3,False,,Slightly better,"YouTube, Physical Notes",2026-01-31 18:40:13,Tamil Nadu,IIT / NIT,B.Sc,2nd Year,6.0 – 7.0,0 – 2 hours,"YouTube, NPTEL / SWAYAM, ChatGPT / AI tools",3,,,,,,,,
185,cf47f395a464caa7ab1da1745c2d650002296d75e8eac41561b430a83f4382f8,2026-02-26 11:21:36,Week 4,46,4 – 6 hours,3,3,Sometimes,"ChatGPT, Google Gemini, Microsoft Copilot",6 – 10,3,NaN,3,3,False,,Slightly better,"YouTube, Physical Notes",2026-01-31 18:49:58,Tamil Nadu,Central University,B.Sc,3rd Year,7.0 – 8.0,2 – 4 hours,"YouTube, NPTEL / SWAYAM, Coursera / Udemy / edX, ChatGPT / AI tools, Notion / Anki / Obsidian",5,,,,,,,,
186,f8ecea41f5799921e46e5d82b8d41d92dba1fca7a66ca63506cc3c0aab382672,2026-02-26 11:22:26,Week 4,35,4 – 6 hours,3,3,Rarely,"ChatGPT, Google Gemini, Microsoft Copilot, Claude",3 – 6,3,NaN,2,3,False,,Slightly better,College LMS,2026-01-27 17:56:30,Uttar Pradesh,Central University,B.Tech,4th Year,7.0 – 8.0,4 – 6 hours,"YouTube, NPTEL / SWAYAM, Coursera / Udemy / edX, ChatGPT / AI tools, Notion / Anki / Obsidian",5,,,,,,,,
187,86b1b7c8fd97ac6aa33f3f67e3c3652ee35ae2226cc4798385726481eea05f57,2026-02-26 11:23:50,Week 4,43,4 – 6 hours,3,2,Sometimes,"ChatGPT, Google Gemini, Microsoft Copilot, Claude",3 – 6,2,NaN,4,4,False,,Slightly better,"YouTube, Physical Notes",2026-01-31 18:50:27,Tamil Nadu,Central University,B.Tech,1st Year,7.0 – 8.0,0 – 2 hours,"YouTube, ChatGPT / AI tools, College LMS, WhatsApp / Telegram",4,,,,,,,,
188,32b68dc8923730efba7e69129bcc4d5555495cc9359174e99e3d50570ce6de44,2026-02-26 11:24:37,Week 4,35,4 – 6 hours,2,3,Rarely,"ChatGPT, Google Gemini, Microsoft Copilot",1 – 3,2,NaN,3,4,False,,Slightly worse,"YouTube, Physical Notes",2026-01-31 14:55:58,Kerala,State University,B.Sc,1st Year,7.0 – 8.0,0 – 2 hours,"YouTube, ChatGPT / AI tools, College LMS, WhatsApp / Telegram",4,,,,,,,,
189,27d91473394ea1f8f97a8f1740492902f4ab1abbfe0b003e4536904eaba6dca0,2026-02-26 11:26:41,Week 4,34,2 – 4 hours,2,3,Sometimes,"ChatGPT, Google Gemini, Microsoft Copilot, Claude, Perplexity AI",3 – 6,3,NaN,3,3,False,,Slightly better,"YouTube, Physical Notes",2026-01-31 18:43:28,Tamil Nadu,IIT / NIT,B.Tech,3rd Year,7.0 – 8.0,2 – 4 hours,"YouTube, NPTEL / SWAYAM, Coursera / Udemy / edX, ChatGPT / AI tools, Notion / Anki / Obsidian, College LMS, WhatsApp / Telegram, Physical notes",8,,,,,,,,
190,32b68dc8923730efba7e69129bcc4d5555495cc9359174e99e3d50570ce6de44,2026-02-26 11:27:38,Week 4,35,4 – 6 hours,3,3,Sometimes,"ChatGPT, Google Gemini, Microsoft Copilot",3 – 6,3,NaN,2,2,False,,Slightly better,"YouTube, Physical Notes",2026-01-31 14:55:58,Kerala,State University,B.Sc,1st Year,7.0 – 8.0,0 – 2 hours,"YouTube, ChatGPT / AI tools, College LMS, WhatsApp / Telegram",4,,,,,,,,
191,32b68dc8923730efba7e69129bcc4d5555495cc9359174e99e3d50570ce6de44,2026-02-26 11:28:27,Week 4,34,2 – 4 hours,2,2,Sometimes,"ChatGPT, Google Gemini, Microsoft Copilot",6 – 10,3,NaN,3,3,False,,Slightly worse,"YouTube, WhatsApp / Telegram (for study purposes)",2026-01-31 14:55:58,Kerala,State University,B.Sc,1st Year,7.0 – 8.0,0 – 2 hours,"YouTube, ChatGPT / AI tools, College LMS, WhatsApp / Telegram",4,,,,,,,,
192,3a16c6fa9dbc26f91e12cdd112bec4f2953a34f47097d3424e3f551bb022a684,2026-02-26 11:29:18,Week 4,35,4 – 6 hours,3,3,Rarely,"ChatGPT, Google Gemini, Microsoft Copilot, Claude",3 – 6,2,NaN,2,3,False,,Slightly better,"YouTube, Physical Notes",2026-01-31 18:44:48,Tamil Nadu,Private University,BBA,1st Year,6.0 – 7.0,0 – 2 hours,"YouTube, Coursera / Udemy / edX, ChatGPT / AI tools, College LMS, WhatsApp / Telegram, Physical notes",6,,,,,,,,
193,e8386eec4c2f671d625ec0a877e0c9af57a196443df6751cfd908bc4bb188c51,2026-02-26 11:30:03,Week 4,45,4 – 6 hours,3,2,Sometimes,"ChatGPT, Google Gemini, Microsoft Copilot",3 – 6,3,NaN,2,3,False,,Slightly worse,"YouTube, WhatsApp / Telegram (for study purposes)",2026-01-31 18:42:45,Kerala,State University,B.Com,2nd Year,Prefer not to say,2 – 4 hours,"YouTube, NPTEL / SWAYAM, Coursera / Udemy / edX, Notion / Anki / Obsidian, Physical notes",5,,,,,,,,
194,97b26b3698560201c1218be1d50871d93f4ae1f4a79deeb268b0ba686e43fdeb,2026-02-26 11:30:50,Week 4,45,4 – 6 hours,3,2,Sometimes,"ChatGPT, Google Gemini, Microsoft Copilot",6 – 10,2,NaN,2,3,False,,Slightly better,"YouTube, Physical Notes",2025-12-26 07:18:01,Tamil Nadu,Deemed University,B.Tech,3rd Year,8.0 – 9.0,0 – 2 hours,"ChatGPT / AI tools, College LMS, WhatsApp / Telegram",3,,,,,,,,
195,2b17d11e7d9c1af7a7fed72e60e90a5ee797f0b6e0cc8645592f6fdc2ad13cd2,2026-02-26 11:31:43,Week 4,34,4 – 6 hours,3,3,Sometimes,"ChatGPT, Google Gemini, Microsoft Copilot, Claude, Perplexity AI",3 – 6,4,NaN,3,2,False,,Slightly better,"YouTube, Physical Notes",2026-01-31 18:51:00,Tamil Nadu,State University,B.Tech,1st Year,6.0 – 7.0,2 – 4 hours,"YouTube, Coursera / Udemy / edX, ChatGPT / AI tools, Notion / Anki / Obsidian, WhatsApp / Telegram",5,,,,,,,,
196,8773494ab4b07b7f7350b8d37e960ba5d05e7caf5ffbb75a943c63465a604b7f,2026-02-26 11:32:30,Week 4,45,4 – 6 hours,4,2,Sometimes,"ChatGPT, Google Gemini, Microsoft Copilot",3 – 6,3,NaN,2,3,False,,Slightly better,"YouTube, Physical Notes",2026-01-31 18:47:34,Tamil Nadu,IIT / NIT,B.Tech,2nd Year,9.0+,4 – 6 hours,"YouTube, NPTEL / SWAYAM, Coursera / Udemy / edX, ChatGPT / AI tools, College LMS, WhatsApp / Telegram, Physical notes",7,,,,,,,,
197,f8ecea41f5799921e46e5d82b8d41d92dba1fca7a66ca63506cc3c0aab382672,2026-02-26 11:33:22,Week 4,46,4 – 6 hours,3,2,Sometimes,"ChatGPT, Google Gemini, Microsoft Copilot, QuillBot",3 – 6,3,NaN,2,2,False,,Slightly better,"YouTube, College LMS",2026-01-27 17:56:30,Uttar Pradesh,Central University,B.Tech,4th Year,7.0 – 8.0,4 – 6 hours,"YouTube, NPTEL / SWAYAM, Coursera / Udemy / edX, ChatGPT / AI tools, Notion / Anki / Obsidian",5,,,,,,,,
198,48cdb835c278ac6b10eed195f85632896d3be15d20d75197a0b916b2395939a6,2026-02-26 11:34:07,Week 4,33,2 – 4 hours,3,2,Sometimes,"ChatGPT, Google Gemini, Microsoft Copilot, Grammarly, QuillBot",3 – 6,3,NaN,3,3,False,,Slightly better,"YouTube, College LMS",2026-01-27 00:18:46,Telangana,IIT / NIT,B.Sc,3rd Year,7.0 – 8.0,0 – 2 hours,"YouTube, NPTEL / SWAYAM, ChatGPT / AI tools, WhatsApp / Telegram, Physical notes only",5,,,,,,,,
199,9c37b8db9c39e670e8422cf5afe252221762450c6f3d1f72c8ef3cdfe0a584e6,2026-02-26 11:34:51,Week 4,43,4 – 6 hours,3,2,Sometimes,"ChatGPT, Google Gemini, Grammarly, QuillBot",3 – 6,2,NaN,3,3,False,,Slightly better,"YouTube, WhatsApp / Telegram (for study purposes)",2026-02-23 10:10:44,Tamil Nadu,State University,B.Sc,2nd Year,7.0 – 8.0,2 – 4 hours,"YouTube, NPTEL / SWAYAM, Coursera / Udemy / edX, ChatGPT / AI tools, College LMS",5,,,,,,,,
200,16a56bf3b362259b32e3bc7d18a95d94213241560809ad3c4d5ddba644365acb,2026-02-26 11:35:36,Week 4,42,4 – 6 hours,3,3,Often,"ChatGPT, Google Gemini, GitHub Copilot",6 – 10,3,NaN,2,3,False,,Slightly better,"YouTube, WhatsApp / Telegram (for study purposes)",2026-02-19 13:19:58,Tamil Nadu,State University,B.Sc,2nd Year,8.0 – 9.0,2 – 4 hours,"YouTube, NPTEL / SWAYAM, Coursera / Udemy / edX, ChatGPT / AI tools, Notion / Anki / Obsidian",5,,,,,,,,
201,132137538b93be89ed6c9815b322a7a0f58530b8c229d1809265140f5cb8c398,2026-02-26 11:36:40,Week 4,46,4 – 6 hours,3,3,Rarely,"ChatGPT, Google Gemini, Microsoft Copilot, Claude, Perplexity AI, QuillBot, GitHub Copilot",3 – 6,3,NaN,3,3,False,,Slightly better,"YouTube, College LMS",2026-01-13 19:44:22,Tamil Nadu,Deemed University,B.Tech,3rd Year,7.0 – 8.0,2 – 4 hours,"YouTube, ChatGPT / AI tools",2,,,,,,,,
202,8ded4921661c4a18e633a572258dbd0f9a2c004f4aa3e9e2057a670d47566de6,2026-02-26 11:37:27,Week 4,44,4 – 6 hours,3,3,Sometimes,"ChatGPT, Google Gemini, Microsoft Copilot",3 – 6,2,NaN,3,3,False,,Slightly better,"YouTube, WhatsApp / Telegram (for study purposes), Physical Notes",2026-02-03 11:19:03,Kerala,Private University,B.Sc,3rd Year,Prefer not to say,2 – 4 hours,"NPTEL / SWAYAM, WhatsApp / Telegram, Physical notes",3,,,,,,,,
203,b9c03c59028b4485073ac377b7c14dfe728898b0dccd931ebc2eea5d5b1d746a,2026-02-26 11:38:16,Week 4,32,4 – 6 hours,2,2,Sometimes,"ChatGPT, Google Gemini, Microsoft Copilot",3 – 6,3,NaN,3,1,False,,Slightly better,"YouTube, Physical Notes",2025-12-27 14:52:29,Tamil Nadu,Central University,B.Tech,3rd Year,8.0 – 9.0,2 – 4 hours,"ChatGPT / AI tools, College LMS, WhatsApp / Telegram",3,,,,,,,,
204,9f7b57d47f3cd447af0a85a35c1ce5b1287d471159595088cd7493a849b93059,2026-02-26 11:39:09,Week 4,43,4 – 6 hours,3,2,Sometimes,"ChatGPT, Google Gemini, Microsoft Copilot",1 – 3,2,NaN,2,2,False,,Slightly better,"YouTube, WhatsApp / Telegram (for study purposes)",2026-02-02 12:38:26,Punjab,Central University,B.Tech,1st Year,6.0 – 7.0,4 – 6 hours,"YouTube, NPTEL / SWAYAM, Coursera / Udemy / edX, ChatGPT / AI tools, College LMS, WhatsApp / Telegram",6,,,,,,,,
205,cf47f395a464caa7ab1da1745c2d650002296d75e8eac41561b430a83f4382f8,2026-02-26 11:39:55,Week 4,44,4 – 6 hours,3,3,Rarely,"ChatGPT, Google Gemini, Microsoft Copilot",3 – 6,4,NaN,3,3,False,,Slightly better,"YouTube, WhatsApp / Telegram (for study purposes)",2026-01-31 18:49:58,Tamil Nadu,Central University,B.Sc,3rd Year,7.0 – 8.0,2 – 4 hours,"YouTube, NPTEL / SWAYAM, Coursera / Udemy / edX, ChatGPT / AI tools, Notion / Anki / Obsidian",5,,,,,,,,
206,81ddebb1fc0e6b009a5655dea87854093d1374914f03d128e615c955c9007504,2026-02-26 11:40:43,Week 4,44,4 – 6 hours,3,3,Sometimes,"ChatGPT, Google Gemini, Microsoft Copilot",3 – 6,3,NaN,3,2,False,,Slightly better,"YouTube, WhatsApp / Telegram (for study purposes)",2026-01-12 20:20:23,Tamil Nadu,Private University,B.Tech,3rd Year,7.0 – 8.0,2 – 4 hours,"YouTube, ChatGPT / AI tools, WhatsApp / Telegram, Physical notes only",4,,,,,,,,
207,cf47f395a464caa7ab1da1745c2d650002296d75e8eac41561b430a83f4382f8,2026-02-26 11:41:27,Week 4,33,2 – 4 hours,3,2,Sometimes,"ChatGPT, Google Gemini, Microsoft Copilot",3 – 6,2,NaN,4,1,False,,Slightly better,"YouTube, WhatsApp / Telegram (for study purposes)",2026-01-31 18:49:58,Tamil Nadu,Central University,B.Sc,3rd Year,7.0 – 8.0,2 – 4 hours,"YouTube, NPTEL / SWAYAM, Coursera / Udemy / edX, ChatGPT / AI tools, Notion / Anki / Obsidian",5,,,,,,,,
208,e9f047d3c2da21e5de56f3abab5c156cedf45843e25e1cc9c00e542a0848fb89,2026-02-26 11:42:25,Week 4,47,4 – 6 hours,3,3,Rarely,"ChatGPT, Google Gemini, Microsoft Copilot",3 – 6,2,NaN,3,3,False,,Slightly better,"YouTube, WhatsApp / Telegram (for study purposes)",2026-02-23 10:04:41,Andhra Pradesh,Central University,B.Tech,2nd Year,7.0 – 8.0,0 – 2 hours,"YouTube, NPTEL / SWAYAM, Coursera / Udemy / edX, Notion / Anki / Obsidian, WhatsApp / Telegram",5,,,,,,,,
209,f72f420debc36def28125c58c71822ce49043914a9406e73923965f87c8cb669,2026-02-26 11:43:07,Week 4,55,4 – 6 hours,3,4,Rarely,"ChatGPT, Google Gemini, Microsoft Copilot, Claude",6 – 10,3,NaN,3,3,False,,Slightly better,"YouTube, WhatsApp / Telegram (for study purposes)",2026-01-12 23:37:58,Karnataka,Private University,BA,3rd Year,8.0 – 9.0,0 – 2 hours,"YouTube, ChatGPT / AI tools, WhatsApp / Telegram, Physical notes only",4,,,,,,,,
210,1ad669ada84e5263e09135c0723aae8e30fcb58819e440892efde165dd587a5e,2026-02-26 11:44:03,Week 4,54,4 – 6 hours,3,3,Rarely,"ChatGPT, Google Gemini, Microsoft Copilot",1 – 3,4,NaN,3,3,False,,Slightly better,"YouTube, WhatsApp / Telegram (for study purposes)",2026-02-03 11:18:21,Karnataka,State University,BBA,3rd Year,7.0 – 8.0,2 – 4 hours,"YouTube, Coursera / Udemy / edX",2,,,,,,,,
211,794e3ecad2e18d7bce8d1013a9e08fe529cc63443905f9864cedec22f7a9459b,2026-02-26 11:45:19,Week 4,50,4 – 6 hours,3,3,Rarely,"ChatGPT, Google Gemini, Microsoft Copilot, Claude, Perplexity AI",1 – 3,2,NaN,3,4,False,,Slightly better,"YouTube, WhatsApp / Telegram (for study purposes), Physical Notes",2025-12-27 12:35:23,Tamil Nadu,Deemed University,B.Tech,3rd Year,6.0 – 7.0,0 – 2 hours,"YouTube, ChatGPT / AI tools",2,,,,,,,,
212,e9f047d3c2da21e5de56f3abab5c156cedf45843e25e1cc9c00e542a0848fb89,2026-02-26 11:46:12,Week 4,33,2 – 4 hours,2,3,Sometimes,"ChatGPT, Google Gemini, Microsoft Copilot",3 – 6,2,NaN,4,3,False,,Slightly better,"YouTube, WhatsApp / Telegram (for study purposes), Physical Notes",2026-02-23 10:04:41,Andhra Pradesh,Central University,B.Tech,2nd Year,7.0 – 8.0,0 – 2 hours,"YouTube, NPTEL / SWAYAM, Coursera / Udemy / edX, Notion / Anki / Obsidian, WhatsApp / Telegram",5,,,,,,,,
213,132137538b93be89ed6c9815b322a7a0f58530b8c229d1809265140f5cb8c398,2026-02-26 11:47:09,Week 4,44,4 – 6 hours,2,3,Rarely,"ChatGPT, Google Gemini, Microsoft Copilot, Claude",3 – 6,3,NaN,3,2,False,,Slightly better,"YouTube, Physical Notes",2026-01-13 19:44:22,Tamil Nadu,Deemed University,B.Tech,3rd Year,7.0 – 8.0,2 – 4 hours,"YouTube, ChatGPT / AI tools",2,,,,,,,,
214,3a16c6fa9dbc26f91e12cdd112bec4f2953a34f47097d3424e3f551bb022a684,2026-02-26 11:47:59,Week 4,44,4 – 6 hours,3,3,Often,"ChatGPT, Google Gemini, Microsoft Copilot, Claude",3 – 6,3,NaN,3,3,False,,Slightly better,"YouTube, WhatsApp / Telegram (for study purposes)",2026-01-31 18:44:48,Tamil Nadu,Private University,BBA,1st Year,6.0 – 7.0,0 – 2 hours,"YouTube, Coursera / Udemy / edX, ChatGPT / AI tools, College LMS, WhatsApp / Telegram, Physical notes",6,,,,,,,,
215,ace8e293cc91c35e822f9101bc4e97d2ad904d1e130b4402fd6a6642f245665e,2026-02-26 11:48:57,Week 4,41,4 – 6 hours,3,2,Sometimes,"ChatGPT, Google Gemini, Microsoft Copilot, Claude",3 – 6,3,NaN,4,3,False,,Slightly better,"YouTube, WhatsApp / Telegram (for study purposes)",2026-02-23 10:12:43,Kerala,State University,B.Tech,2nd Year,6.0 – 7.0,0 – 2 hours,"NPTEL / SWAYAM, Notion / Anki / Obsidian",2,,,,,,,,
216,74d72de1f5b196019d5bbe209db2b90401f5ea949cebbdda60ac6b0f71acb482,2026-02-26 11:50:14,Week 4,33,2 – 4 hours,2,3,Rarely,"ChatGPT, Google Gemini, Microsoft Copilot",3 – 6,1,NaN,2,2,False,,Slightly better,"YouTube, College LMS",2026-02-02 12:43:28,Madhya Pradesh,Central University,B.Tech,2nd Year,6.0 – 7.0,2 – 4 hours,"YouTube, ChatGPT / AI tools",2,,,,,,,,
217,0e155a1241bd00b2d588262223a52e0f8a911a4000092f096e6968dccae9e61b,2026-02-26 11:51:05,Week 4,44,4 – 6 hours,2,3,Sometimes,"ChatGPT, Google Gemini, Microsoft Copilot",3 – 6,3,NaN,2,2,False,,Slightly better,"YouTube, College LMS, WhatsApp / Telegram (for study purposes)",2026-02-03 11:16:29,Tamil Nadu,IIT / NIT,B.Tech,4th Year,8.0 – 9.0,2 – 4 hours,"ChatGPT / AI tools, College LMS",2,,,,,,,,
218,b9c03c59028b4485073ac377b7c14dfe728898b0dccd931ebc2eea5d5b1d746a,2026-02-26 11:51:53,Week 4,43,4 – 6 hours,3,2,Sometimes,"ChatGPT, Google Gemini, Microsoft Copilot",3 – 6,2,NaN,3,2,False,,Slightly better,"YouTube, WhatsApp / Telegram (for study purposes)",2025-12-27 14:52:29,Tamil Nadu,Central University,B.Tech,3rd Year,8.0 – 9.0,2 – 4 hours,"ChatGPT / AI tools, College LMS, WhatsApp / Telegram",3,,,,,,,,
219,5e849a6892d6df48c1362529cab706d619efa96a172b3f715bc1f5ccd5ca61ec,2026-02-26 11:52:52,Week 4,45,4 – 6 hours,2,2,Sometimes,"ChatGPT, QuillBot",3 – 6,3,NaN,3,3,False,,Slightly better,"YouTube, College LMS",2026-02-02 13:01:28,Uttar Pradesh,IIT / NIT,BA,Others,8.0 – 9.0,2 – 4 hours,"YouTube, ChatGPT / AI tools",2,,,,,,,,
220,49c29b44c0f2dba949371e3de5aaea4ace47ef333c771bda5ab86551a01e7a7d,2026-02-26 11:53:38,Week 4,44,2 – 4 hours,3,3,Rarely,"ChatGPT, Google Gemini, Microsoft Copilot, Claude",3 – 6,3,NaN,3,2,False,,Slightly better,"YouTube, WhatsApp / Telegram (for study purposes)",2026-02-02 12:49:39,Uttar Pradesh,Central University,B.Tech,Others,8.0 – 9.0,2 – 4 hours,"YouTube, ChatGPT / AI tools",2,,,,,,,,
221,e9f047d3c2da21e5de56f3abab5c156cedf45843e25e1cc9c00e542a0848fb89,2026-02-26 16:28:05,Week 1,0,0 – 2 hours,1,1,Never,"ChatGPT, Google Gemini, Microsoft Copilot",1 – 3,4,Health / stress issues,1,2,False,,About the same,YouTube,2026-02-23 10:04:41,Andhra Pradesh,Central University,B.Tech,2nd Year,7.0 – 8.0,0 – 2 hours,"YouTube, NPTEL / SWAYAM, Coursera / Udemy / edX, Notion / Anki / Obsidian, WhatsApp / Telegram",5,,,,,,,,
222,5e849a6892d6df48c1362529cab706d619efa96a172b3f715bc1f5ccd5ca61ec,2026-03-01 20:17:48,Week 6,5,0 – 2 hours,4,1,Never,ChatGPT,3 – 6,4,NaN,4,4,False,,About the same,WhatsApp / Telegram (for study purposes),2026-02-02 13:01:28,Uttar Pradesh,IIT / NIT,BA,Others,8.0 – 9.0,2 – 4 hours,"YouTube, ChatGPT / AI tools",2,,,,,,,,
223,74d72de1f5b196019d5bbe209db2b90401f5ea949cebbdda60ac6b0f71acb482,2026-03-05 16:57:48,Week 1,7,2 – 4 hours,2,2,Never,"ChatGPT, Google Gemini, Claude, QuillBot",3 – 6,2,"No quiet study space, Health / stress issues",2,2,False,70.0,Much worse,NaN,2026-02-02 12:43:28,Madhya Pradesh,Central University,B.Tech,2nd Year,6.0 – 7.0,2 – 4 hours,"YouTube, ChatGPT / AI tools",2,,,,,,,,
224,219d4ac6903fffab5ab1d64d6ed0b331adcc691f0e116fb7f62cefba91f7b0ec,2026-03-05 16:58:48,Week 1,4,2 – 4 hours,3,3,Sometimes,"ChatGPT, Google Gemini",3 – 6,3,Mobile-only access,2,2,False,,Slightly worse,College LMS,2025-12-26 18:34:24,Andhra Pradesh,Private University,B.Tech,3rd Year,9.0+,0 – 2 hours,ChatGPT / AI tools,1,,,,,,,,
225,e8386eec4c2f671d625ec0a877e0c9af57a196443df6751cfd908bc4bb188c51,2026-03-05 16:59:42,Week 1,4,2 – 4 hours,3,2,Rarely,"ChatGPT, Google Gemini",1 – 3,2,"Poor internet, Mobile-only access",2,2,False,,Slightly worse,"NPTEL / SWAYAM, College LMS",2026-01-31 18:42:45,Kerala,State University,B.Com,2nd Year,Prefer not to say,2 – 4 hours,"YouTube, NPTEL / SWAYAM, Coursera / Udemy / edX, Notion / Anki / Obsidian, Physical notes",5,,,,,,,,
226,49c29b44c0f2dba949371e3de5aaea4ace47ef333c771bda5ab86551a01e7a7d,2026-03-05 17:00:39,Week 1,3,2 – 4 hours,2,3,Rarely,"ChatGPT, Google Gemini",3 – 6,2,"Mobile-only access, No quiet study space",2,2,False,,Slightly worse,"YouTube, NPTEL / SWAYAM, Coursera / Udemy / edX",2026-02-02 12:49:39,Uttar Pradesh,Central University,B.Tech,Others,8.0 – 9.0,2 – 4 hours,"YouTube, ChatGPT / AI tools",2,,,,,,,,
227,e9f047d3c2da21e5de56f3abab5c156cedf45843e25e1cc9c00e542a0848fb89,2026-03-05 17:01:25,Week 1,3,2 – 4 hours,2,2,Rarely,"ChatGPT, Google Gemini",1 – 3,2,"Poor internet, Mobile-only access",2,2,False,,Slightly worse,"YouTube, NPTEL / SWAYAM, Coursera / Udemy / edX",2026-02-23 10:04:41,Andhra Pradesh,Central University,B.Tech,2nd Year,7.0 – 8.0,0 – 2 hours,"YouTube, NPTEL / SWAYAM, Coursera / Udemy / edX, Notion / Anki / Obsidian, WhatsApp / Telegram",5,,,,,,,,
228,8ded4921661c4a18e633a572258dbd0f9a2c004f4aa3e9e2057a670d47566de6,2026-03-05 17:03:10,Week 2,6,2 – 4 hours,2,2,Sometimes,"ChatGPT, Google Gemini, Claude",3 – 6,3,"Poor internet, Mobile-only access, No quiet study space",3,3,False,,About the same,"YouTube, NPTEL / SWAYAM, College LMS",2026-02-03 11:19:03,Kerala,Private University,B.Sc,3rd Year,Prefer not to say,2 – 4 hours,"NPTEL / SWAYAM, WhatsApp / Telegram, Physical notes",3,,,,,,,,
229,49c29b44c0f2dba949371e3de5aaea4ace47ef333c771bda5ab86551a01e7a7d,2026-03-05 17:04:26,Week 2,13,2 – 4 hours,3,4,Often,"ChatGPT, Google Gemini",6 – 10,5,"No quiet study space, Health / stress issues, None",5,5,False,,Slightly better,"YouTube, NPTEL / SWAYAM",2026-02-02 12:49:39,Uttar Pradesh,Central University,B.Tech,Others,8.0 – 9.0,2 – 4 hours,"YouTube, ChatGPT / AI tools",2,,,,,,,,
230,e9f047d3c2da21e5de56f3abab5c156cedf45843e25e1cc9c00e542a0848fb89,2026-03-05 17:05:29,Week 1,30,4 – 6 hours,4,4,Always,"ChatGPT, Claude, Canva AI",6 – 10,3,Health / stress issues,3,3,False,80.0,Slightly worse,YouTube,2026-02-23 10:04:41,Andhra Pradesh,Central University,B.Tech,2nd Year,7.0 – 8.0,0 – 2 hours,"YouTube, NPTEL / SWAYAM, Coursera / Udemy / edX, Notion / Anki / Obsidian, WhatsApp / Telegram",5,,,,,,,,
231,781a9f368166d71405348c3b65fa0645e7cab12d017be1e369eb8d7a5cd5fb1d,2026-03-05 17:06:14,Week 2,20,6+ hours,5,5,Often,"ChatGPT, Google Gemini",6 – 10,4,"Poor internet, Mobile-only access",4,4,False,,Slightly better,"YouTube, NPTEL / SWAYAM, Coursera / Udemy / edX",2026-02-02 12:40:04,Maharashtra,IIT / NIT,B.Com,4th Year,7.0 – 8.0,2 – 4 hours,"YouTube, NPTEL / SWAYAM, Coursera / Udemy / edX, ChatGPT / AI tools, Notion / Anki / Obsidian, College LMS, WhatsApp / Telegram, Physical notes",8,,,,,,,,
232,27d91473394ea1f8f97a8f1740492902f4ab1abbfe0b003e4536904eaba6dca0,2026-03-05 17:07:04,Week 2,20,6+ hours,5,5,Sometimes,"ChatGPT, Google Gemini, Microsoft Copilot, Claude",6 – 10,4,"Poor internet, Mobile-only access",5,5,False,,About the same,"YouTube, College LMS",2026-01-31 18:43:28,Tamil Nadu,IIT / NIT,B.Tech,3rd Year,7.0 – 8.0,2 – 4 hours,"YouTube, NPTEL / SWAYAM, Coursera / Udemy / edX, ChatGPT / AI tools, Notion / Anki / Obsidian, College LMS, WhatsApp / Telegram, Physical notes",8,,,,,,,,
233,266344e1c50b449d6d5dbec5b4b1af3236f13cc0b97871acccf3da3697283f82,2026-03-05 17:07:50,Week 3,3,0 – 2 hours,2,1,Never,"ChatGPT, Google Gemini",1 – 3,1,Poor internet,1,1,False,,Much worse,College LMS,2026-01-16 12:24:26,Tamil Nadu,Private University,B.Tech,3rd Year,9.0+,2 – 4 hours,"YouTube, ChatGPT / AI tools, Notion / Anki / Obsidian, WhatsApp / Telegram",4,,,,,,,,
234,1dd2975d45d1e27948cae456e3827e3b50778c013fecee985fb0422f4a492ba2,2026-03-05 17:08:35,Week 3,2,0 – 2 hours,2,2,Rarely,Google Gemini,1 – 3,2,"Mobile-only access, No quiet study space",2,1,False,,Slightly worse,Coursera / Udemy / edX,2026-02-19 13:17:59,Andhra Pradesh,State University,B.Tech,2nd Year,7.0 – 8.0,6+ hours,"YouTube, NPTEL / SWAYAM, Coursera / Udemy / edX, ChatGPT / AI tools, Notion / Anki / Obsidian, College LMS, WhatsApp / Telegram, Physical notes",8,,,,,,,,
235,81ddebb1fc0e6b009a5655dea87854093d1374914f03d128e615c955c9007504,2026-03-05 17:08:36,Week 1,39,4 – 6 hours,4,3,Sometimes,"ChatGPT, Claude",6 – 10,4,Poor internet,4,4,False,,Slightly better,"YouTube, College LMS",2026-01-12 20:20:23,Tamil Nadu,Private University,B.Tech,3rd Year,7.0 – 8.0,2 – 4 hours,"YouTube, ChatGPT / AI tools, WhatsApp / Telegram, Physical notes only",4,,,,,,,,
236,74d72de1f5b196019d5bbe209db2b90401f5ea949cebbdda60ac6b0f71acb482,2026-03-05 17:09:59,Week 3,5,0 – 2 hours,2,2,Rarely,Google Gemini,1 – 3,2,Poor internet,2,3,False,,Much worse,NPTEL / SWAYAM,2026-02-02 12:43:28,Madhya Pradesh,Central University,B.Tech,2nd Year,6.0 – 7.0,2 – 4 hours,"YouTube, ChatGPT / AI tools",2,,,,,,,,
237,16a56bf3b362259b32e3bc7d18a95d94213241560809ad3c4d5ddba644365acb,2026-03-05 17:10:05,Week 1,22,4 – 6 hours,4,4,Never,"ChatGPT, Google Gemini",6 – 10,4,Poor internet,4,3,False,66.0,About the same,NPTEL / SWAYAM,2026-02-19 13:19:58,Tamil Nadu,State University,B.Sc,2nd Year,8.0 – 9.0,2 – 4 hours,"YouTube, NPTEL / SWAYAM, Coursera / Udemy / edX, ChatGPT / AI tools, Notion / Anki / Obsidian",5,,,,,,,,
238,266344e1c50b449d6d5dbec5b4b1af3236f13cc0b97871acccf3da3697283f82,2026-03-05 17:11:27,Week 3,3,2 – 4 hours,1,2,Rarely,"Claude, QuillBot",1 – 3,3,"Poor internet, Mobile-only access, No quiet study space, Health / stress issues, None",2,2,False,,Slightly worse,"Notion / Anki / Obsidian, Physical Notes",2026-01-16 12:24:26,Tamil Nadu,Private University,B.Tech,3rd Year,9.0+,2 – 4 hours,"YouTube, ChatGPT / AI tools, Notion / Anki / Obsidian, WhatsApp / Telegram",4,,,,,,,,
239,26234105c87439e0dc4fb999632d3a5406775cc0728c26840e4a6b26d071341b,2026-03-05 17:11:45,Week 2,35,4 – 6 hours,4,4,Often,"ChatGPT, Perplexity AI",6 – 10,4,Mobile-only access,4,4,False,75.0,About the same,"YouTube, NPTEL / SWAYAM",2026-01-12 20:18:58,Tamil Nadu,Private University,B.Tech,2nd Year,6.0 – 7.0,0 – 2 hours,"YouTube, ChatGPT / AI tools, College LMS",3,,,,,,,,
240,97b26b3698560201c1218be1d50871d93f4ae1f4a79deeb268b0ba686e43fdeb,2026-03-05 17:13:19,Week 3,8,2 – 4 hours,2,3,Never,"ChatGPT, Google Gemini, Microsoft Copilot, Claude, Perplexity AI, Grammarly, QuillBot, Notion AI, Jasper AI, GitHub Copilot, Codeium, Replit AI, Tabnine, Canva AI, DALL·E, Midjourney, Adobe Firefly, Khanmigo (Khan Academy AI)",1 – 3,1,"Poor internet, Mobile-only access, No quiet study space, Health / stress issues",1,1,False,,Much worse,"YouTube, NPTEL / SWAYAM, Coursera / Udemy / edX, College LMS, Notion / Anki / Obsidian, WhatsApp / Telegram (for study purposes), Physical Notes",2025-12-26 07:18:01,Tamil Nadu,Deemed University,B.Tech,3rd Year,8.0 – 9.0,0 – 2 hours,"ChatGPT / AI tools, College LMS, WhatsApp / Telegram",3,,,,,,,,
241,7b5c4bd7d59556f437489bc9729a8c19655b90085e45e8dff621cf66913fc521,2026-03-05 17:14:13,Week 2,49,4 – 6 hours,5,4,Often,"ChatGPT, Google Gemini",6 – 10,4,"Poor internet, Health / stress issues",4,5,False,70.0,Much better,"YouTube, NPTEL / SWAYAM",2026-02-23 10:13:22,Kerala,State University,B.Tech,3rd Year,Prefer not to say,2 – 4 hours,"YouTube, NPTEL / SWAYAM, Coursera / Udemy / edX, ChatGPT / AI tools, Notion / Anki / Obsidian, College LMS, WhatsApp / Telegram, Physical notes",8,,,,,,,,
242,c4fc9686cc1b927682fbf989fe97901e479c7d5a214ce073d7cc6062f4682ed6,2026-03-05 17:14:43,Week 4,0,0 – 2 hours,4,1,Rarely,"ChatGPT, Google Gemini, Claude, Perplexity AI",3 – 6,3,"Poor internet, Mobile-only access, No quiet study space, Health / stress issues",2,1,False,,Much worse,"College LMS, Notion / Anki / Obsidian",2026-02-23 10:06:40,Andhra Pradesh,Private University,B.Com,3rd Year,6.0 – 7.0,0 – 2 hours,"Coursera / Udemy / edX, ChatGPT / AI tools, Notion / Anki / Obsidian, WhatsApp / Telegram",4,,,,,,,,
243,3d83828233d057f5e1e37a4c9e784850077d6638768e69b0f6b5d4e5e2dfc994,2026-03-05 17:15:01,Week 2,55,4 – 6 hours,5,5,Always,"ChatGPT, Google Gemini",6 – 10,4,"Mobile-only access, No quiet study space",5,5,False,88.0,Much better,"YouTube, NPTEL / SWAYAM",2026-01-12 21:41:37,Tamil Nadu,Private University,B.Tech,3rd Year,8.0 – 9.0,0 – 2 hours,"YouTube, ChatGPT / AI tools",2,,,,,,,,
244,219d4ac6903fffab5ab1d64d6ed0b331adcc691f0e116fb7f62cefba91f7b0ec,2026-03-05 17:15:53,Week 4,8,0 – 2 hours,3,2,Rarely,"ChatGPT, Claude",1 – 3,3,"Mobile-only access, No quiet study space",3,2,False,,Much worse,"YouTube, NPTEL / SWAYAM, Coursera / Udemy / edX, College LMS",2025-12-26 18:34:24,Andhra Pradesh,Private University,B.Tech,3rd Year,9.0+,0 – 2 hours,ChatGPT / AI tools,1,,,,,,,,
245,8773494ab4b07b7f7350b8d37e960ba5d05e7caf5ffbb75a943c63465a604b7f,2026-03-05 17:17:21,Week 4,14,0 – 2 hours,2,2,Rarely,"ChatGPT, Google Gemini",1 – 3,2,"Poor internet, Mobile-only access",2,2,False,,Much worse,"NPTEL / SWAYAM, Coursera / Udemy / edX, WhatsApp / Telegram (for study purposes)",2026-01-31 18:47:34,Tamil Nadu,IIT / NIT,B.Tech,2nd Year,9.0+,4 – 6 hours,"YouTube, NPTEL / SWAYAM, Coursera / Udemy / edX, ChatGPT / AI tools, College LMS, WhatsApp / Telegram, Physical notes",7,,,,,,,,
246,74d72de1f5b196019d5bbe209db2b90401f5ea949cebbdda60ac6b0f71acb482,2026-03-05 17:18:14,Week 4,4,2 – 4 hours,2,2,Sometimes,"ChatGPT, Google Gemini, Microsoft Copilot",3 – 6,2,"Poor internet, Mobile-only access, No quiet study space",3,3,False,,Slightly worse,"YouTube, College LMS",2026-02-02 12:43:28,Madhya Pradesh,Central University,B.Tech,2nd Year,6.0 – 7.0,2 – 4 hours,"YouTube, ChatGPT / AI tools",2,,,,,,,,
247,27d91473394ea1f8f97a8f1740492902f4ab1abbfe0b003e4536904eaba6dca0,2026-03-05 17:19:01,Week 4,10,2 – 4 hours,3,2,Never,"ChatGPT, Google Gemini, Microsoft Copilot, Claude",3 – 6,2,"Poor internet, Mobile-only access, No quiet study space, Health / stress issues",2,3,False,,Slightly worse,NaN,2026-01-31 18:43:28,Tamil Nadu,IIT / NIT,B.Tech,3rd Year,7.0 – 8.0,2 – 4 hours,"YouTube, NPTEL / SWAYAM, Coursera / Udemy / edX, ChatGPT / AI tools, Notion / Anki / Obsidian, College LMS, WhatsApp / Telegram, Physical notes",8,,,,,,,,
248,794e3ecad2e18d7bce8d1013a9e08fe529cc63443905f9864cedec22f7a9459b,2026-03-05 17:19:53,Week 3,70,6+ hours,5,5,Always,"ChatGPT, Google Gemini",10+,5,NaN,5,3,False,77.0,Slightly better,YouTube,2025-12-27 12:35:23,Tamil Nadu,Deemed University,B.Tech,3rd Year,6.0 – 7.0,0 – 2 hours,"YouTube, ChatGPT / AI tools",2,,,,,,,,
249,b9c03c59028b4485073ac377b7c14dfe728898b0dccd931ebc2eea5d5b1d746a,2026-03-05 17:20:52,Week 4,59,6+ hours,5,5,Always,"ChatGPT, Google Gemini",10+,5,Health / stress issues,5,5,False,78.0,Much better,"YouTube, NPTEL / SWAYAM",2025-12-27 14:52:29,Tamil Nadu,Central University,B.Tech,3rd Year,8.0 – 9.0,2 – 4 hours,"ChatGPT / AI tools, College LMS, WhatsApp / Telegram",3,,,,,,,,
250,86b1b7c8fd97ac6aa33f3f67e3c3652ee35ae2226cc4798385726481eea05f57,2026-03-05 17:21:43,Week 4,50,6+ hours,5,5,Sometimes,"ChatGPT, Google Gemini",10+,5,Poor internet,5,5,False,50.0,Slightly worse,YouTube,2026-01-31 18:50:27,Tamil Nadu,Central University,B.Tech,1st Year,7.0 – 8.0,0 – 2 hours,"YouTube, ChatGPT / AI tools, College LMS, WhatsApp / Telegram",4,,,,,,,,
251,74d72de1f5b196019d5bbe209db2b90401f5ea949cebbdda60ac6b0f71acb482,2026-03-05 17:22:39,Week 4,3,0 – 2 hours,1,1,Never,ChatGPT,1 – 3,2,Poor internet,1,1,False,34.0,Much worse,YouTube,2026-02-02 12:43:28,Madhya Pradesh,Central University,B.Tech,2nd Year,6.0 – 7.0,2 – 4 hours,"YouTube, ChatGPT / AI tools",2,,,,,,,,
252,132137538b93be89ed6c9815b322a7a0f58530b8c229d1809265140f5cb8c398,2025-12-26 07:20:19,Week 1,18,0 – 2 hours,3,1,Often,"ChatGPT / AI tools, College LMS, WhatsApp / Telegram",6 – 10,4,"Poor internet, No quiet study space",3,4,False,70.0,About the same,NaN,2026-01-13 19:44:22,Tamil Nadu,Deemed University,B.Tech,3rd Year,7.0 – 8.0,2 – 4 hours,"YouTube, ChatGPT / AI tools",2,,,,,,,,
253,27d91473394ea1f8f97a8f1740492902f4ab1abbfe0b003e4536904eaba6dca0,2025-12-26 19:16:08,Week 1,0,6+ hours,5,1,Never,NaN,0,1,Poor internet,5,5,False,0.0,Much better,NaN,2026-01-31 18:43:28,Tamil Nadu,IIT / NIT,B.Tech,3rd Year,7.0 – 8.0,2 – 4 hours,"YouTube, NPTEL / SWAYAM, Coursera / Udemy / edX, ChatGPT / AI tools, Notion / Anki / Obsidian, College LMS, WhatsApp / Telegram, Physical notes",8,,,,,,,,
254,f72f420debc36def28125c58c71822ce49043914a9406e73923965f87c8cb669,2025-12-27 12:32:17,Week 1,30,6+ hours,5,5,Always,"YouTube, NPTEL / SWAYAM, Coursera / Udemy / edX, ChatGPT / AI tools, Notion / Anki / Obsidian, College LMS, WhatsApp / Telegram, Physical notes only, None",3 – 6,5,No quiet study space,5,5,False,10.0,Much better,NaN,2026-01-12 23:37:58,Karnataka,Private University,BA,3rd Year,8.0 – 9.0,0 – 2 hours,"YouTube, ChatGPT / AI tools, WhatsApp / Telegram, Physical notes only",4,,,,,,,,
255,e9f047d3c2da21e5de56f3abab5c156cedf45843e25e1cc9c00e542a0848fb89,2025-12-27 12:37:17,Week 1,3,0 – 2 hours,3,1,Rarely,"YouTube, ChatGPT / AI tools, Physical notes only",3 – 6,3,"Poor internet, No quiet study space, Health / stress issues",2,1,False,70.0,Slightly worse,NaN,2026-02-23 10:04:41,Andhra Pradesh,Central University,B.Tech,2nd Year,7.0 – 8.0,0 – 2 hours,"YouTube, NPTEL / SWAYAM, Coursera / Udemy / edX, Notion / Anki / Obsidian, WhatsApp / Telegram",5,,,,,,,,
256,27d91473394ea1f8f97a8f1740492902f4ab1abbfe0b003e4536904eaba6dca0,2025-12-27 14:54:03,Week 1,10,0 – 2 hours,2,1,Rarely,"Coursera / Udemy / edX, ChatGPT / AI tools, College LMS, WhatsApp / Telegram",3 – 6,4,"Poor internet, Mobile-only access, Health / stress issues",5,5,False,50.0,About the same,NaN,2026-01-31 18:43:28,Tamil Nadu,IIT / NIT,B.Tech,3rd Year,7.0 – 8.0,2 – 4 hours,"YouTube, NPTEL / SWAYAM, Coursera / Udemy / edX, ChatGPT / AI tools, Notion / Anki / Obsidian, College LMS, WhatsApp / Telegram, Physical notes",8,,,,,,,,
257,a0844c331d7454600df29956fea1f640e9035aa0e376172eded377ff472dedbe,2025-12-29 14:24:18,Week 1,42,6+ hours,4,4,Often,"YouTube, Coursera / Udemy / edX, ChatGPT / AI tools, Notion / Anki / Obsidian, College LMS, WhatsApp / Telegram",6 – 10,5,NaN,5,3,False,85.0,Slightly better,NaN,2026-01-31 18:46:52,Karnataka,Central University,B.Sc,1st Year,7.0 – 8.0,2 – 4 hours,"NPTEL / SWAYAM, Coursera / Udemy / edX, ChatGPT / AI tools, College LMS, WhatsApp / Telegram, Physical notes",6,,,,,,,,
258,f90ab6deefe14d178606a393182b36cdc645169d692772666b9c29214c2a4e40,2026-01-12 20:21:27,Week 1,10,0 – 2 hours,3,1,Rarely,"ChatGPT, Google Gemini, Microsoft Copilot, Claude",3 – 6,3,"No quiet study space, Health / stress issues",3,5,False,85.0,About the same,"YouTube, College LMS, WhatsApp / Telegram (for study purposes), Physical Notes",2026-02-05 21:56:57,Telangana,Private University,B.Tech,3rd Year,7.0 – 8.0,0 – 2 hours,"ChatGPT / AI tools, WhatsApp / Telegram",2,,,,,,,,
259,794e3ecad2e18d7bce8d1013a9e08fe529cc63443905f9864cedec22f7a9459b,2026-01-12 20:23:04,Week 1,4,0 – 2 hours,3,2,Often,"ChatGPT, Google Gemini, Perplexity AI",1 – 3,4,"Poor internet, No quiet study space",3,2,False,77.0,About the same,"YouTube, Coursera / Udemy / edX, WhatsApp / Telegram (for study purposes)",2025-12-27 12:35:23,Tamil Nadu,Deemed University,B.Tech,3rd Year,6.0 – 7.0,0 – 2 hours,"YouTube, ChatGPT / AI tools",2,,,,,,,,
260,48cdb835c278ac6b10eed195f85632896d3be15d20d75197a0b916b2395939a6,2026-01-12 21:35:58,Week 1,5,2 – 4 hours,2,1,Rarely,"ChatGPT, Google Gemini, Microsoft Copilot, Perplexity AI, GitHub Copilot",3 – 6,3,"Poor internet, Mobile-only access, No quiet study space",3,3,False,50.0,Slightly worse,"YouTube, NPTEL / SWAYAM, WhatsApp / Telegram (for study purposes), Physical Notes",2026-01-27 00:18:46,Telangana,IIT / NIT,B.Sc,3rd Year,7.0 – 8.0,0 – 2 hours,"YouTube, NPTEL / SWAYAM, ChatGPT / AI tools, WhatsApp / Telegram, Physical notes only",5,,,,,,,,
261,794e3ecad2e18d7bce8d1013a9e08fe529cc63443905f9864cedec22f7a9459b,2026-01-12 21:44:30,Week 1,3,0 – 2 hours,1,1,Rarely,"ChatGPT, Google Gemini, Microsoft Copilot",1 – 3,3,NaN,2,2,False,,About the same,YouTube,2025-12-27 12:35:23,Tamil Nadu,Deemed University,B.Tech,3rd Year,6.0 – 7.0,0 – 2 hours,"YouTube, ChatGPT / AI tools",2,,,,,,,,
262,d2db0cecaf1edf2f34e8fcb492052acd27453600c6cc493e25700d9c3b289761,2026-01-12 22:33:54,Week 1,5,0 – 2 hours,3,2,Sometimes,"ChatGPT, Perplexity AI, Replit AI",3 – 6,4,Poor internet,3,3,False,,About the same,YouTube,2026-02-02 12:56:07,Uttar Pradesh,IIT / NIT,Other,2nd Year,Prefer not to say,2 – 4 hours,"YouTube, Coursera / Udemy / edX",2,,,,,,,,
263,a091d9857e1b26dac9ad43d43de3cfab7f19df9cadb73e095b0b4a74a5e9bc3d,2026-01-12 23:15:31,Week 1,2,0 – 2 hours,1,1,Never,"ChatGPT, Google Gemini",1 – 3,1,"Poor internet, No quiet study space",1,1,False,,Slightly worse,"YouTube, WhatsApp / Telegram (for study purposes), Physical Notes",2026-01-27 19:47:23,Tamil Nadu,Deemed University,B.Tech,4th Year,9.0+,0 – 2 hours,"YouTube, ChatGPT / AI tools, WhatsApp / Telegram",3,,,,,,,,
264,ef4aca4b5a9ddc8cfe1cda04eef5cb540a47e603dac29e3f59b7bdd1a387191d,2026-01-13 19:46:14,Week 2,3,2 – 4 hours,3,3,Rarely,"ChatGPT, Perplexity AI",1 – 3,3,"No quiet study space, Health / stress issues",3,3,False,,About the same,"YouTube, College LMS, Notion / Anki / Obsidian",2026-02-02 12:52:17,Maharashtra,Private University,B.Tech,Others,6.0 – 7.0,2 – 4 hours,"YouTube, ChatGPT / AI tools",2,,,,,,,,
265,e8386eec4c2f671d625ec0a877e0c9af57a196443df6751cfd908bc4bb188c51,2026-01-16 12:27:49,Week 1,14,2 – 4 hours,2,2,Rarely,"ChatGPT, Perplexity AI",3 – 6,4,"Mobile-only access, No quiet study space",2,4,False,,Much worse,"YouTube, Notion / Anki / Obsidian, WhatsApp / Telegram (for study purposes)",2026-01-31 18:42:45,Kerala,State University,B.Com,2nd Year,Prefer not to say,2 – 4 hours,"YouTube, NPTEL / SWAYAM, Coursera / Udemy / edX, Notion / Anki / Obsidian, Physical notes",5,,,,,,,,
266,d2db0cecaf1edf2f34e8fcb492052acd27453600c6cc493e25700d9c3b289761,2026-01-31 11:32:52,Week 1,5,0 – 2 hours,4,4,Often,"ChatGPT, Google Gemini, Claude, Perplexity AI, Notion AI, Replit AI, Canva AI, DALL·E",3 – 6,4,Health / stress issues,4,4,False,80.0,Slightly better,"YouTube, WhatsApp / Telegram (for study purposes)",2026-02-02 12:56:07,Uttar Pradesh,IIT / NIT,Other,2nd Year,Prefer not to say,2 – 4 hours,"YouTube, Coursera / Udemy / edX",2,,,,,,,,
267,cf47f395a464caa7ab1da1745c2d650002296d75e8eac41561b430a83f4382f8,2026-01-31 14:55:23,Week 1,60,4 – 6 hours,4,3,Sometimes,"ChatGPT, Microsoft Copilot, GitHub Copilot, Replit AI",3 – 6,3,"Poor internet, No quiet study space",3,3,False,,Slightly better,"YouTube, WhatsApp / Telegram (for study purposes), Physical Notes",2026-01-31 18:49:58,Tamil Nadu,Central University,B.Sc,3rd Year,7.0 – 8.0,2 – 4 hours,"YouTube, NPTEL / SWAYAM, Coursera / Udemy / edX, ChatGPT / AI tools, Notion / Anki / Obsidian",5,,,,,,,,
268,8773494ab4b07b7f7350b8d37e960ba5d05e7caf5ffbb75a943c63465a604b7f,2026-01-31 16:07:51,Week 1,20,0 – 2 hours,3,1,Never,Google Gemini,3 – 6,5,"Poor internet, No quiet study space",2,5,False,75.0,Slightly worse,"YouTube, Notion / Anki / Obsidian",2026-01-31 18:47:34,Tamil Nadu,IIT / NIT,B.Tech,2nd Year,9.0+,4 – 6 hours,"YouTube, NPTEL / SWAYAM, Coursera / Udemy / edX, ChatGPT / AI tools, College LMS, WhatsApp / Telegram, Physical notes",7,,,,,,,,
269,63c23cf4b390284f3ce1175699f5efa501022ba212fe21be99dc9e2d21deebbf,2026-01-31 16:39:48,Week 1,20,4 – 6 hours,3,3,Sometimes,"ChatGPT, Google Gemini",1 – 3,3,Health / stress issues,3,2,False,,Slightly worse,"YouTube, NPTEL / SWAYAM, WhatsApp / Telegram (for study purposes), Physical Notes",2026-02-02 12:38:59,Rajasthan,State University,B.Sc,2nd Year,7.0 – 8.0,4 – 6 hours,"Coursera / Udemy / edX, ChatGPT / AI tools, Notion / Anki / Obsidian, College LMS, Physical notes",5,,,,,,,,
270,81ddebb1fc0e6b009a5655dea87854093d1374914f03d128e615c955c9007504,2026-01-31 17:56:30,Week 1,4,2 – 4 hours,1,1,Never,ChatGPT,1 – 3,3,Poor internet,1,1,False,,Much worse,Physical Notes,2026-01-12 20:20:23,Tamil Nadu,Private University,B.Tech,3rd Year,7.0 – 8.0,2 – 4 hours,"YouTube, ChatGPT / AI tools, WhatsApp / Telegram, Physical notes only",4,,,,,,,,
271,a0844c331d7454600df29956fea1f640e9035aa0e376172eded377ff472dedbe,2026-01-31 18:23:25,Week 1,13,0 – 2 hours,1,1,Never,"ChatGPT, Google Gemini, Perplexity AI, Canva AI",6 – 10,3,"Poor internet, Mobile-only access, Health / stress issues",2,3,False,50.0,Slightly worse,"YouTube, College LMS, WhatsApp / Telegram (for study purposes), Physical Notes",2026-01-31 18:46:52,Karnataka,Central University,B.Sc,1st Year,7.0 – 8.0,2 – 4 hours,"NPTEL / SWAYAM, Coursera / Udemy / edX, ChatGPT / AI tools, College LMS, WhatsApp / Telegram, Physical notes",6,,,,,,,,
272,e8386eec4c2f671d625ec0a877e0c9af57a196443df6751cfd908bc4bb188c51,2026-01-31 18:55:41,Week 1,14,0 – 2 hours,1,1,Never,"ChatGPT, Google Gemini, Microsoft Copilot, Perplexity AI",3 – 6,3,"Poor internet, Mobile-only access",2,4,False,,Slightly worse,"YouTube, Coursera / Udemy / edX, College LMS, Physical Notes",2026-01-31 18:42:45,Kerala,State University,B.Com,2nd Year,Prefer not to say,2 – 4 hours,"YouTube, NPTEL / SWAYAM, Coursera / Udemy / edX, Notion / Anki / Obsidian, Physical notes",5,,,,,,,,
273,3d83828233d057f5e1e37a4c9e784850077d6638768e69b0f6b5d4e5e2dfc994,2026-01-31 18:57:01,Week 1,23,2 – 4 hours,3,3,Sometimes,"ChatGPT, Google Gemini, Microsoft Copilot, Claude, Perplexity AI, Grammarly, QuillBot, GitHub Copilot, Canva AI, Khanmigo (Khan Academy AI)",6 – 10,4,No quiet study space,3,3,False,70.0,About the same,"YouTube, NPTEL / SWAYAM, Coursera / Udemy / edX, College LMS, WhatsApp / Telegram (for study purposes), Physical Notes",2026-01-12 21:41:37,Tamil Nadu,Private University,B.Tech,3rd Year,8.0 – 9.0,0 – 2 hours,"YouTube, ChatGPT / AI tools",2,,,,,,,,
274,b9c03c59028b4485073ac377b7c14dfe728898b0dccd931ebc2eea5d5b1d746a,2026-01-31 19:00:49,Week 1,26,2 – 4 hours,2,2,Sometimes,"ChatGPT, Google Gemini, Microsoft Copilot, Claude, Perplexity AI, Grammarly, Notion AI, GitHub Copilot, Codeium, Canva AI, DALL·E",3 – 6,3,"Poor internet, Mobile-only access",2,4,False,70.0,Slightly worse,"YouTube, NPTEL / SWAYAM, Coursera / Udemy / edX, College LMS, WhatsApp / Telegram (for study purposes), Physical Notes",2025-12-27 14:52:29,Tamil Nadu,Central University,B.Tech,3rd Year,8.0 – 9.0,2 – 4 hours,"ChatGPT / AI tools, College LMS, WhatsApp / Telegram",3,,,,,,,,
275,a091d9857e1b26dac9ad43d43de3cfab7f19df9cadb73e095b0b4a74a5e9bc3d,2026-01-31 19:02:01,Week 1,22,2 – 4 hours,3,2,Rarely,"ChatGPT, Google Gemini, Microsoft Copilot, Claude, Perplexity AI, Grammarly, GitHub Copilot, Codeium, Replit AI, Tabnine, Canva AI",6 – 10,4,NaN,3,3,False,80.0,About the same,"YouTube, NPTEL / SWAYAM, Coursera / Udemy / edX, College LMS, WhatsApp / Telegram (for study purposes), Physical Notes",2026-01-27 19:47:23,Tamil Nadu,Deemed University,B.Tech,4th Year,9.0+,0 – 2 hours,"YouTube, ChatGPT / AI tools, WhatsApp / Telegram",3,,,,,,,,
276,219d4ac6903fffab5ab1d64d6ed0b331adcc691f0e116fb7f62cefba91f7b0ec,2026-01-31 19:04:48,Week 1,30,2 – 4 hours,3,3,Sometimes,"ChatGPT, Google Gemini, Microsoft Copilot, Claude, QuillBot, Notion AI, GitHub Copilot, Midjourney, Adobe Firefly, Khanmigo (Khan Academy AI)",6 – 10,4,"Poor internet, Health / stress issues",3,5,False,,Slightly worse,"YouTube, NPTEL / SWAYAM, Coursera / Udemy / edX, College LMS, WhatsApp / Telegram (for study purposes), Physical Notes",2025-12-26 18:34:24,Andhra Pradesh,Private University,B.Tech,3rd Year,9.0+,0 – 2 hours,ChatGPT / AI tools,1,,,,,,,,
277,97b26b3698560201c1218be1d50871d93f4ae1f4a79deeb268b0ba686e43fdeb,2026-01-31 19:05:17,Week 1,60,4 – 6 hours,4,3,Rarely,"ChatGPT, Google Gemini",6 – 10,4,"No quiet study space, Health / stress issues",3,4,False,0.0,About the same,"YouTube, Physical Notes",2025-12-26 07:18:01,Tamil Nadu,Deemed University,B.Tech,3rd Year,8.0 – 9.0,0 – 2 hours,"ChatGPT / AI tools, College LMS, WhatsApp / Telegram",3,,,,,,,,
278,ad04e596e1af01ab238040c91de85cefe7f49fb2aabec57135e928a5ee02305e,2026-01-31 19:06:54,Week 1,50,4 – 6 hours,3,3,Often,"ChatGPT, Google Gemini, Microsoft Copilot, Claude, Perplexity AI, GitHub Copilot",6 – 10,5,"Poor internet, No quiet study space",2,5,False,75.0,About the same,"YouTube, College LMS, WhatsApp / Telegram (for study purposes), Physical Notes",2026-02-02 13:10:08,Karnataka,IIT / NIT,BBA,Others,7.0 – 8.0,2 – 4 hours,"YouTube, NPTEL / SWAYAM",2,,,,,,,,
279,9f7b57d47f3cd447af0a85a35c1ce5b1287d471159595088cd7493a849b93059,2026-01-31 19:10:39,Week 1,40,4 – 6 hours,4,4,Sometimes,"ChatGPT, Google Gemini, Microsoft Copilot, Claude, Perplexity AI, Grammarly, Jasper AI, GitHub Copilot, Replit AI, Canva AI, Adobe Firefly, Khanmigo (Khan Academy AI)",6 – 10,5,NaN,3,3,False,80.0,Slightly better,"YouTube, NPTEL / SWAYAM, College LMS, WhatsApp / Telegram (for study purposes), Physical Notes",2026-02-02 12:38:26,Punjab,Central University,B.Tech,1st Year,6.0 – 7.0,4 – 6 hours,"YouTube, NPTEL / SWAYAM, Coursera / Udemy / edX, ChatGPT / AI tools, College LMS, WhatsApp / Telegram",6,,,,,,,,
280,1dd2975d45d1e27948cae456e3827e3b50778c013fecee985fb0422f4a492ba2,2026-01-31 19:13:43,Week 1,50,6+ hours,3,2,Often,"ChatGPT, Google Gemini, Microsoft Copilot, Claude, Perplexity AI, Grammarly",3 – 6,4,No quiet study space,3,5,False,60.0,About the same,"YouTube, NPTEL / SWAYAM, Coursera / Udemy / edX, College LMS, WhatsApp / Telegram (for study purposes), Physical Notes",2026-02-19 13:17:59,Andhra Pradesh,State University,B.Tech,2nd Year,7.0 – 8.0,6+ hours,"YouTube, NPTEL / SWAYAM, Coursera / Udemy / edX, ChatGPT / AI tools, Notion / Anki / Obsidian, College LMS, WhatsApp / Telegram, Physical notes",8,,,,,,,,
281,ef4aca4b5a9ddc8cfe1cda04eef5cb540a47e603dac29e3f59b7bdd1a387191d,2026-01-31 19:15:02,Week 1,45,4 – 6 hours,2,2,Rarely,"ChatGPT, Google Gemini, Microsoft Copilot, Claude, Perplexity AI, Grammarly, Codeium, Replit AI, Tabnine, Canva AI",10+,5,NaN,2,4,False,70.0,Slightly worse,"YouTube, Coursera / Udemy / edX, WhatsApp / Telegram (for study purposes), Physical Notes",2026-02-02 12:52:17,Maharashtra,Private University,B.Tech,Others,6.0 – 7.0,2 – 4 hours,"YouTube, ChatGPT / AI tools",2,,,,,,,,
282,e9f047d3c2da21e5de56f3abab5c156cedf45843e25e1cc9c00e542a0848fb89,2026-01-31 19:16:03,Week 1,35,2 – 4 hours,2,1,Never,"ChatGPT, Google Gemini",3 – 6,3,"Poor internet, No quiet study space, Health / stress issues",2,5,False,50.0,Slightly worse,"YouTube, WhatsApp / Telegram (for study purposes), Physical Notes",2026-02-23 10:04:41,Andhra Pradesh,Central University,B.Tech,2nd Year,7.0 – 8.0,0 – 2 hours,"YouTube, NPTEL / SWAYAM, Coursera / Udemy / edX, Notion / Anki / Obsidian, WhatsApp / Telegram",5,,,,,,,,
283,63c23cf4b390284f3ce1175699f5efa501022ba212fe21be99dc9e2d21deebbf,2026-01-31 19:17:08,Week 1,49,6+ hours,3,2,Always,"ChatGPT, Google Gemini, Microsoft Copilot, Claude, Perplexity AI, Grammarly, Jasper AI",6 – 10,5,"Poor internet, No quiet study space, Health / stress issues",3,5,False,80.0,About the same,"YouTube, NPTEL / SWAYAM, WhatsApp / Telegram (for study purposes), Physical Notes",2026-02-02 12:38:59,Rajasthan,State University,B.Sc,2nd Year,7.0 – 8.0,4 – 6 hours,"Coursera / Udemy / edX, ChatGPT / AI tools, Notion / Anki / Obsidian, College LMS, Physical notes",5,,,,,,,,
284,9f7b57d47f3cd447af0a85a35c1ce5b1287d471159595088cd7493a849b93059,2026-01-31 19:18:01,Week 1,60,6+ hours,4,2,Sometimes,"ChatGPT, Google Gemini, Microsoft Copilot, Claude, Perplexity AI, Grammarly, GitHub Copilot",6 – 10,5,No quiet study space,3,3,False,75.0,About the same,"YouTube, Coursera / Udemy / edX, College LMS, WhatsApp / Telegram (for study purposes), Physical Notes",2026-02-02 12:38:26,Punjab,Central University,B.Tech,1st Year,6.0 – 7.0,4 – 6 hours,"YouTube, NPTEL / SWAYAM, Coursera / Udemy / edX, ChatGPT / AI tools, College LMS, WhatsApp / Telegram",6,,,,,,,,
285,0e155a1241bd00b2d588262223a52e0f8a911a4000092f096e6968dccae9e61b,2026-01-31 19:38:23,Week 1,30,2 – 4 hours,3,1,Sometimes,"ChatGPT, Microsoft Copilot, Claude, Perplexity AI, Notion AI",3 – 6,4,"Poor internet, No quiet study space, Health / stress issues",3,5,False,90.0,Slightly worse,"YouTube, WhatsApp / Telegram (for study purposes), Physical Notes",2026-02-03 11:16:29,Tamil Nadu,IIT / NIT,B.Tech,4th Year,8.0 – 9.0,2 – 4 hours,"ChatGPT / AI tools, College LMS",2,,,,,,,,
286,a091d9857e1b26dac9ad43d43de3cfab7f19df9cadb73e095b0b4a74a5e9bc3d,2026-01-31 21:34:43,Week 1,2,0 – 2 hours,3,1,Sometimes,"ChatGPT, Google Gemini, Claude, Perplexity AI, Notion AI",1 – 3,4,"Poor internet, Mobile-only access, No quiet study space, Health / stress issues",3,5,False,80.0,Slightly worse,"YouTube, Notion / Anki / Obsidian, Physical Notes",2026-01-27 19:47:23,Tamil Nadu,Deemed University,B.Tech,4th Year,9.0+,0 – 2 hours,"YouTube, ChatGPT / AI tools, WhatsApp / Telegram",3,,,,,,,,
287,3d83828233d057f5e1e37a4c9e784850077d6638768e69b0f6b5d4e5e2dfc994,2026-01-31 21:35:59,Week 1,22,2 – 4 hours,4,4,Sometimes,"ChatGPT, Google Gemini, Perplexity AI",6 – 10,5,"Poor internet, Mobile-only access, Health / stress issues",4,5,False,,Much better,"YouTube, College LMS, Notion / Anki / Obsidian, WhatsApp / Telegram (for study purposes), Physical Notes",2026-01-12 21:41:37,Tamil Nadu,Private University,B.Tech,3rd Year,8.0 – 9.0,0 – 2 hours,"YouTube, ChatGPT / AI tools",2,,,,,,,,
288,c4fc9686cc1b927682fbf989fe97901e479c7d5a214ce073d7cc6062f4682ed6,2026-02-01 20:06:39,Week 1,6,0 – 2 hours,4,1,Never,"ChatGPT, Google Gemini",3 – 6,5,Health / stress issues,5,4,False,80.0,About the same,"YouTube, WhatsApp / Telegram (for study purposes), Physical Notes",2026-02-23 10:06:40,Andhra Pradesh,Private University,B.Com,3rd Year,6.0 – 7.0,0 – 2 hours,"Coursera / Udemy / edX, ChatGPT / AI tools, Notion / Anki / Obsidian, WhatsApp / Telegram",4,,,,,,,,
289,e8386eec4c2f671d625ec0a877e0c9af57a196443df6751cfd908bc4bb188c51,2026-02-02 00:28:33,Week 1,3,0 – 2 hours,1,1,Rarely,"ChatGPT, Google Gemini, Microsoft Copilot, Claude, Perplexity AI, Grammarly",1 – 3,4,"No quiet study space, Health / stress issues",1,4,False,,About the same,"YouTube, College LMS, WhatsApp / Telegram (for study purposes), Physical Notes",2026-01-31 18:42:45,Kerala,State University,B.Com,2nd Year,Prefer not to say,2 – 4 hours,"YouTube, NPTEL / SWAYAM, Coursera / Udemy / edX, Notion / Anki / Obsidian, Physical notes",5,,,,,,,,
290,5e849a6892d6df48c1362529cab706d619efa96a172b3f715bc1f5ccd5ca61ec,2026-02-02 21:55:05,Week 1,12,2 – 4 hours,3,3,Rarely,"ChatGPT, Google Gemini, Claude, Canva AI",3 – 6,3,Mobile-only access,3,3,False,,About the same,"YouTube, Coursera / Udemy / edX",2026-02-02 13:01:28,Uttar Pradesh,IIT / NIT,BA,Others,8.0 – 9.0,2 – 4 hours,"YouTube, ChatGPT / AI tools",2,,,,,,,,
291,8bfc27000534160835a23ec100f95667b3894c6b3e90a6027721d3322ad782dc,2026-02-03 10:30:21,Week 1,20,2 – 4 hours,3,1,Often,"ChatGPT, Google Gemini",10+,5,Health / stress issues,3,4,False,,About the same,YouTube,2026-02-05 21:46:59,Telangana,Private University,B.Tech,3rd Year,9.0+,0 – 2 hours,"YouTube, ChatGPT / AI tools, Physical notes",3,,,,,,,,
292,d2db0cecaf1edf2f34e8fcb492052acd27453600c6cc493e25700d9c3b289761,2026-02-03 10:38:09,Week 2,16,0 – 2 hours,5,5,Always,"ChatGPT, Google Gemini, Claude, Perplexity AI, GitHub Copilot",1 – 3,4,No quiet study space,4,4,False,85.0,Much better,"YouTube, Coursera / Udemy / edX, Physical Notes",2026-02-02 12:56:07,Uttar Pradesh,IIT / NIT,Other,2nd Year,Prefer not to say,2 – 4 hours,"YouTube, Coursera / Udemy / edX",2,,,,,,,,
293,97b26b3698560201c1218be1d50871d93f4ae1f4a79deeb268b0ba686e43fdeb,2026-02-03 11:15:07,Week 2,9,0 – 2 hours,3,3,Sometimes,"Claude, Perplexity AI, Grammarly, QuillBot, GitHub Copilot",1 – 3,3,"Poor internet, Mobile-only access",3,3,False,,About the same,"Coursera / Udemy / edX, Notion / Anki / Obsidian",2025-12-26 07:18:01,Tamil Nadu,Deemed University,B.Tech,3rd Year,8.0 – 9.0,0 – 2 hours,"ChatGPT / AI tools, College LMS, WhatsApp / Telegram",3,,,,,,,,
294,8773494ab4b07b7f7350b8d37e960ba5d05e7caf5ffbb75a943c63465a604b7f,2026-02-03 11:16:33,Week 2,5,2 – 4 hours,3,2,Sometimes,"ChatGPT, Google Gemini",6 – 10,3,"Poor internet, Mobile-only access, No quiet study space, Health / stress issues",2,4,False,50.0,Slightly worse,"YouTube, WhatsApp / Telegram (for study purposes)",2026-01-31 18:47:34,Tamil Nadu,IIT / NIT,B.Tech,2nd Year,9.0+,4 – 6 hours,"YouTube, NPTEL / SWAYAM, Coursera / Udemy / edX, ChatGPT / AI tools, College LMS, WhatsApp / Telegram, Physical notes",7,,,,,,,,
295,e9f047d3c2da21e5de56f3abab5c156cedf45843e25e1cc9c00e542a0848fb89,2026-02-03 11:57:11,Week 1,50,6+ hours,5,5,Often,"ChatGPT, Google Gemini, Perplexity AI, Midjourney, None",10+,5,Health / stress issues,5,5,False,,Slightly better,"YouTube, College LMS, WhatsApp / Telegram (for study purposes)",2026-02-23 10:04:41,Andhra Pradesh,Central University,B.Tech,2nd Year,7.0 – 8.0,0 – 2 hours,"YouTube, NPTEL / SWAYAM, Coursera / Udemy / edX, Notion / Anki / Obsidian, WhatsApp / Telegram",5,,,,,,,,
296,1dd2975d45d1e27948cae456e3827e3b50778c013fecee985fb0422f4a492ba2,2026-02-03 11:58:01,Week 2,20,2 – 4 hours,3,3,Rarely,"ChatGPT, Google Gemini, Perplexity AI, Jasper AI",3 – 6,3,Mobile-only access,3,3,False,80.0,Slightly worse,"YouTube, College LMS, WhatsApp / Telegram (for study purposes)",2026-02-19 13:17:59,Andhra Pradesh,State University,B.Tech,2nd Year,7.0 – 8.0,6+ hours,"YouTube, NPTEL / SWAYAM, Coursera / Udemy / edX, ChatGPT / AI tools, Notion / Anki / Obsidian, College LMS, WhatsApp / Telegram, Physical notes",8,,,,,,,,
297,74d72de1f5b196019d5bbe209db2b90401f5ea949cebbdda60ac6b0f71acb482,2026-02-03 12:00:28,Week 1,42,4 – 6 hours,4,4,Sometimes,"ChatGPT, Perplexity AI, Tabnine, Canva AI",1 – 3,4,NaN,4,4,False,,About the same,"YouTube, NPTEL / SWAYAM, Notion / Anki / Obsidian, Physical Notes",2026-02-02 12:43:28,Madhya Pradesh,Central University,B.Tech,2nd Year,6.0 – 7.0,2 – 4 hours,"YouTube, ChatGPT / AI tools",2,,,,,,,,
298,f8ecea41f5799921e46e5d82b8d41d92dba1fca7a66ca63506cc3c0aab382672,2026-02-03 12:05:44,Week 1,38,2 – 4 hours,3,2,Always,"Google Gemini, Perplexity AI, QuillBot, Codeium, Replit AI, Canva AI, Khanmigo (Khan Academy AI)",10+,4,"No quiet study space, None",3,3,False,,Much better,"YouTube, Coursera / Udemy / edX",2026-01-27 17:56:30,Uttar Pradesh,Central University,B.Tech,4th Year,7.0 – 8.0,4 – 6 hours,"YouTube, NPTEL / SWAYAM, Coursera / Udemy / edX, ChatGPT / AI tools, Notion / Anki / Obsidian",5,,,,,,,,
299,266344e1c50b449d6d5dbec5b4b1af3236f13cc0b97871acccf3da3697283f82,2026-02-03 12:20:13,Week 1,13,0 – 2 hours,3,4,Always,"ChatGPT, Microsoft Copilot, Claude, Grammarly, Notion AI, GitHub Copilot",3 – 6,3,Poor internet,2,3,False,70.0,About the same,"YouTube, NPTEL / SWAYAM, College LMS, WhatsApp / Telegram (for study purposes), Physical Notes",2026-01-16 12:24:26,Tamil Nadu,Private University,B.Tech,3rd Year,9.0+,2 – 4 hours,"YouTube, ChatGPT / AI tools, Notion / Anki / Obsidian, WhatsApp / Telegram",4,,,,,,,,
300,49c29b44c0f2dba949371e3de5aaea4ace47ef333c771bda5ab86551a01e7a7d,2026-02-03 12:28:44,Week 1,20,0 – 2 hours,3,4,Always,"ChatGPT, Google Gemini, Microsoft Copilot, Claude, Perplexity AI, QuillBot, Canva AI",3 – 6,3,"Poor internet, Mobile-only access, No quiet study space",2,4,False,50.0,Slightly worse,"Coursera / Udemy / edX, WhatsApp / Telegram (for study purposes), Physical Notes",2026-02-02 12:49:39,Uttar Pradesh,Central University,B.Tech,Others,8.0 – 9.0,2 – 4 hours,"YouTube, ChatGPT / AI tools",2,,,,,,,,
301,ad04e596e1af01ab238040c91de85cefe7f49fb2aabec57135e928a5ee02305e,2026-02-03 12:29:41,Week 1,60,6+ hours,3,3,Rarely,"ChatGPT, Google Gemini, Microsoft Copilot, Claude, Perplexity AI, Grammarly, QuillBot, Replit AI, Tabnine, Canva AI, DALL·E, Midjourney",6 – 10,3,"Poor internet, Health / stress issues",3,5,False,90.0,Slightly better,"YouTube, NPTEL / SWAYAM, Coursera / Udemy / edX, College LMS",2026-02-02 13:10:08,Karnataka,IIT / NIT,BBA,Others,7.0 – 8.0,2 – 4 hours,"YouTube, NPTEL / SWAYAM",2,,,,,,,,
302,32b68dc8923730efba7e69129bcc4d5555495cc9359174e99e3d50570ce6de44,2026-02-03 12:42:02,Week 1,25,4 – 6 hours,4,3,Sometimes,"ChatGPT, Google Gemini, Perplexity AI",3 – 6,4,NaN,4,3,False,85.0,Slightly better,"YouTube, Coursera / Udemy / edX, Notion / Anki / Obsidian",2026-01-31 14:55:58,Kerala,State University,B.Sc,1st Year,7.0 – 8.0,0 – 2 hours,"YouTube, ChatGPT / AI tools, College LMS, WhatsApp / Telegram",4,,,,,,,,
303,86b1b7c8fd97ac6aa33f3f67e3c3652ee35ae2226cc4798385726481eea05f57,2026-02-03 12:43:56,Week 1,20,2 – 4 hours,2,2,Rarely,"Claude, Grammarly",1 – 3,2,Poor internet,2,4,False,75.0,Much worse,College LMS,2026-01-31 18:50:27,Tamil Nadu,Central University,B.Tech,1st Year,7.0 – 8.0,0 – 2 hours,"YouTube, ChatGPT / AI tools, College LMS, WhatsApp / Telegram",4,,,,,,,,
304,3d83828233d057f5e1e37a4c9e784850077d6638768e69b0f6b5d4e5e2dfc994,2026-02-03 12:46:15,Week 1,15,2 – 4 hours,2,2,Never,"ChatGPT, Microsoft Copilot",0,3,Health / stress issues,3,5,False,,About the same,YouTube,2026-01-12 21:41:37,Tamil Nadu,Private University,B.Tech,3rd Year,8.0 – 9.0,0 – 2 hours,"YouTube, ChatGPT / AI tools",2,,,,,,,,
305,26234105c87439e0dc4fb999632d3a5406775cc0728c26840e4a6b26d071341b,2026-02-03 12:51:53,Week 1,35,6+ hours,5,4,Sometimes,"ChatGPT, Claude",6 – 10,5,"Mobile-only access, Health / stress issues",4,2,False,85.0,Slightly better,YouTube,2026-01-12 20:18:58,Tamil Nadu,Private University,B.Tech,2nd Year,6.0 – 7.0,0 – 2 hours,"YouTube, ChatGPT / AI tools, College LMS",3,,,,,,,,
306,ef4aca4b5a9ddc8cfe1cda04eef5cb540a47e603dac29e3f59b7bdd1a387191d,2026-02-03 12:53:19,Week 1,15,0 – 2 hours,2,1,Never,NaN,0,1,Poor internet,2,4,False,,About the same,"YouTube, Physical Notes",2026-02-02 12:52:17,Maharashtra,Private University,B.Tech,Others,6.0 – 7.0,2 – 4 hours,"YouTube, ChatGPT / AI tools",2,,,,,,,,
307,132137538b93be89ed6c9815b322a7a0f58530b8c229d1809265140f5cb8c398,2026-02-03 12:55:32,Week 1,25,2 – 4 hours,3,3,Often,ChatGPT,3 – 6,3,NaN,3,3,False,78.0,Slightly better,"YouTube, Coursera / Udemy / edX, College LMS",2026-01-13 19:44:22,Tamil Nadu,Deemed University,B.Tech,3rd Year,7.0 – 8.0,2 – 4 hours,"YouTube, ChatGPT / AI tools",2,,,,,,,,
308,ad04e596e1af01ab238040c91de85cefe7f49fb2aabec57135e928a5ee02305e,2026-02-03 17:14:22,Week 3,30,2 – 4 hours,3,2,Often,"ChatGPT, Google Gemini, GitHub Copilot",10+,5,Health / stress issues,4,5,False,,Slightly better,"YouTube, College LMS",2026-02-02 13:10:08,Karnataka,IIT / NIT,BBA,Others,7.0 – 8.0,2 – 4 hours,"YouTube, NPTEL / SWAYAM",2,,,,,,,,
309,86b1b7c8fd97ac6aa33f3f67e3c3652ee35ae2226cc4798385726481eea05f57,2026-02-05 21:45:35,Week 1,0,4 – 6 hours,3,3,Sometimes,"ChatGPT, Google Gemini, Claude, Perplexity AI, Canva AI",1 – 3,3,NaN,3,3,False,,About the same,"YouTube, NPTEL / SWAYAM, Coursera / Udemy / edX, College LMS, WhatsApp / Telegram (for study purposes)",2026-01-31 18:50:27,Tamil Nadu,Central University,B.Tech,1st Year,7.0 – 8.0,0 – 2 hours,"YouTube, ChatGPT / AI tools, College LMS, WhatsApp / Telegram",4,,,,,,,,
310,27d91473394ea1f8f97a8f1740492902f4ab1abbfe0b003e4536904eaba6dca0,2026-02-05 21:49:41,Week 1,10,0 – 2 hours,5,3,Sometimes,"ChatGPT, Google Gemini, Microsoft Copilot, Perplexity AI, GitHub Copilot, Canva AI, Khanmigo (Khan Academy AI)",1 – 3,3,"Poor internet, Mobile-only access, No quiet study space",3,5,False,94.0,Much better,"YouTube, NPTEL / SWAYAM, Coursera / Udemy / edX, College LMS, Notion / Anki / Obsidian, WhatsApp / Telegram (for study purposes), Physical Notes",2026-01-31 18:43:28,Tamil Nadu,IIT / NIT,B.Tech,3rd Year,7.0 – 8.0,2 – 4 hours,"YouTube, NPTEL / SWAYAM, Coursera / Udemy / edX, ChatGPT / AI tools, Notion / Anki / Obsidian, College LMS, WhatsApp / Telegram, Physical notes",8,,,,,,,,
311,266344e1c50b449d6d5dbec5b4b1af3236f13cc0b97871acccf3da3697283f82,2026-02-05 21:53:36,Week 1,70,2 – 4 hours,1,1,Sometimes,ChatGPT,10+,3,NaN,2,1,False,,Slightly better,"YouTube, WhatsApp / Telegram (for study purposes)",2026-01-16 12:24:26,Tamil Nadu,Private University,B.Tech,3rd Year,9.0+,2 – 4 hours,"YouTube, ChatGPT / AI tools, Notion / Anki / Obsidian, WhatsApp / Telegram",4,,,,,,,,
312,63c23cf4b390284f3ce1175699f5efa501022ba212fe21be99dc9e2d21deebbf,2026-02-05 22:29:26,Week 1,0,0 – 2 hours,1,1,Never,"ChatGPT, Google Gemini, Microsoft Copilot",1 – 3,3,"Poor internet, Mobile-only access, No quiet study space, Health / stress issues",1,4,False,70.0,About the same,YouTube,2026-02-02 12:38:59,Rajasthan,State University,B.Sc,2nd Year,7.0 – 8.0,4 – 6 hours,"Coursera / Udemy / edX, ChatGPT / AI tools, Notion / Anki / Obsidian, College LMS, Physical notes",5,,,,,,,,
313,ad04e596e1af01ab238040c91de85cefe7f49fb2aabec57135e928a5ee02305e,2026-02-08 10:09:09,Week 2,1,0 – 2 hours,4,1,Never,"ChatGPT, Google Gemini",3 – 6,5,NaN,5,5,False,,About the same,WhatsApp / Telegram (for study purposes),2026-02-02 13:10:08,Karnataka,IIT / NIT,BBA,Others,7.0 – 8.0,2 – 4 hours,"YouTube, NPTEL / SWAYAM",2,,,,,,,,
314,a091d9857e1b26dac9ad43d43de3cfab7f19df9cadb73e095b0b4a74a5e9bc3d,2026-02-16 08:39:48,Week 3,4,0 – 2 hours,3,1,Never,ChatGPT,6 – 10,4,NaN,4,3,False,,About the same,"YouTube, WhatsApp / Telegram (for study purposes)",2026-01-27 19:47:23,Tamil Nadu,Deemed University,B.Tech,4th Year,9.0+,0 – 2 hours,"YouTube, ChatGPT / AI tools, WhatsApp / Telegram",3,,,,,,,,
315,8ded4921661c4a18e633a572258dbd0f9a2c004f4aa3e9e2057a670d47566de6,2026-02-19 09:15:03,Week 2,6,0 – 2 hours,3,3,Rarely,"ChatGPT, Google Gemini, Claude",1 – 3,4,"Poor internet, No quiet study space",4,4,False,80.0,Slightly better,"YouTube, WhatsApp / Telegram (for study purposes), Physical Notes",2026-02-03 11:19:03,Kerala,Private University,B.Sc,3rd Year,Prefer not to say,2 – 4 hours,"NPTEL / SWAYAM, WhatsApp / Telegram, Physical notes",3,,,,,,,,
316,f5df30de694992a770d857d674587e781574c81ffc40be127f93b6a3d3a95f48,2026-02-19 09:18:05,Week 3,5,0 – 2 hours,2,2,Rarely,"ChatGPT, Google Gemini",1 – 3,2,"Poor internet, No quiet study space, Health / stress issues",2,4,False,60.0,Slightly worse,"NPTEL / SWAYAM, WhatsApp / Telegram (for study purposes), Physical Notes",2026-02-23 10:05:11,Andhra Pradesh,State University,B.Sc,3rd Year,Prefer not to say,2 – 4 hours,"YouTube, Coursera / Udemy / edX, Notion / Anki / Obsidian, WhatsApp / Telegram, Physical notes",5,,,,,,,,
317,a0844c331d7454600df29956fea1f640e9035aa0e376172eded377ff472dedbe,2026-02-19 09:19:09,Week 3,6,0 – 2 hours,3,3,Never,"ChatGPT, Google Gemini, Claude, Perplexity AI, GitHub Copilot",3 – 6,3,"Poor internet, No quiet study space",3,3,False,,About the same,"YouTube, Notion / Anki / Obsidian, WhatsApp / Telegram (for study purposes), Physical Notes",2026-01-31 18:46:52,Karnataka,Central University,B.Sc,1st Year,7.0 – 8.0,2 – 4 hours,"NPTEL / SWAYAM, Coursera / Udemy / edX, ChatGPT / AI tools, College LMS, WhatsApp / Telegram, Physical notes",6,,,,,,,,
318,49c29b44c0f2dba949371e3de5aaea4ace47ef333c771bda5ab86551a01e7a7d,2026-02-19 09:20:04,Week 4,7,2 – 4 hours,3,4,Never,"ChatGPT, Google Gemini, Microsoft Copilot, Claude, Perplexity AI",1 – 3,3,Poor internet,3,4,False,,About the same,"YouTube, WhatsApp / Telegram (for study purposes), Physical Notes",2026-02-02 12:49:39,Uttar Pradesh,Central University,B.Tech,Others,8.0 – 9.0,2 – 4 hours,"YouTube, ChatGPT / AI tools",2,,,,,,,,
319,e9f047d3c2da21e5de56f3abab5c156cedf45843e25e1cc9c00e542a0848fb89,2026-02-19 09:21:21,Week 4,7,2 – 4 hours,3,3,Never,"ChatGPT, Google Gemini, GitHub Copilot",1 – 3,2,Health / stress issues,2,3,False,70.0,About the same,"YouTube, WhatsApp / Telegram (for study purposes), Physical Notes",2026-02-23 10:04:41,Andhra Pradesh,Central University,B.Tech,2nd Year,7.0 – 8.0,0 – 2 hours,"YouTube, NPTEL / SWAYAM, Coursera / Udemy / edX, Notion / Anki / Obsidian, WhatsApp / Telegram",5,,,,,,,,
320,0e155a1241bd00b2d588262223a52e0f8a911a4000092f096e6968dccae9e61b,2026-02-19 09:22:29,Week 4,5,0 – 2 hours,1,1,Never,ChatGPT,1 – 3,2,Poor internet,2,2,False,,Slightly worse,YouTube,2026-02-03 11:16:29,Tamil Nadu,IIT / NIT,B.Tech,4th Year,8.0 – 9.0,2 – 4 hours,"ChatGPT / AI tools, College LMS",2,,,,,,,,
321,8bfc27000534160835a23ec100f95667b3894c6b3e90a6027721d3322ad782dc,2026-02-19 09:23:22,Week 4,8,2 – 4 hours,4,4,Never,"ChatGPT, Google Gemini, Microsoft Copilot, Claude, GitHub Copilot",3 – 6,4,Poor internet,4,4,False,60.0,Slightly better,"YouTube, WhatsApp / Telegram (for study purposes), Physical Notes",2026-02-05 21:46:59,Telangana,Private University,B.Tech,3rd Year,9.0+,0 – 2 hours,"YouTube, ChatGPT / AI tools, Physical notes",3,,,,,,,,
322,0e155a1241bd00b2d588262223a52e0f8a911a4000092f096e6968dccae9e61b,2026-02-22 21:39:27,Week 4,6,0 – 2 hours,5,1,Never,ChatGPT,3 – 6,4,Health / stress issues,3,3,False,80.0,Slightly worse,"WhatsApp / Telegram (for study purposes), Physical Notes",2026-02-03 11:16:29,Tamil Nadu,IIT / NIT,B.Tech,4th Year,8.0 – 9.0,2 – 4 hours,"ChatGPT / AI tools, College LMS",2,,,,,,,,
323,ef4aca4b5a9ddc8cfe1cda04eef5cb540a47e603dac29e3f59b7bdd1a387191d,2026-02-23 10:18:52,Week 1,20,2 – 4 hours,3,3,Sometimes,"ChatGPT, Google Gemini, Microsoft Copilot, Claude, Perplexity AI, Grammarly, GitHub Copilot",3 – 6,4,"Poor internet, Mobile-only access, No quiet study space, Health / stress issues",2,2,False,,About the same,"YouTube, NPTEL / SWAYAM, Coursera / Udemy / edX, College LMS, WhatsApp / Telegram (for study purposes)",2026-02-02 12:52:17,Maharashtra,Private University,B.Tech,Others,6.0 – 7.0,2 – 4 hours,"YouTube, ChatGPT / AI tools",2,,,,,,,,
324,ea6dc2fae8a61411b9d6de51699ca6787330c0036ffedddf4a649648fefe8732,2026-02-23 10:19:54,Week 1,30,2 – 4 hours,3,3,Often,"ChatGPT, Microsoft Copilot, Perplexity AI, Grammarly, QuillBot, Codeium, Tabnine",3 – 6,4,"Poor internet, No quiet study space, Health / stress issues, None",5,4,False,50.0,About the same,"NPTEL / SWAYAM, College LMS, Notion / Anki / Obsidian",2026-01-31 18:48:18,Andhra Pradesh,Private University,B.Tech,4th Year,7.0 – 8.0,2 – 4 hours,"YouTube, ChatGPT / AI tools, College LMS, WhatsApp / Telegram",4,,,,,,,,
325,522e39ae01bce33e97b085b9517a3680984adf0d38e718487e3314eb74127ab2,2026-02-23 10:20:56,Week 1,35,4 – 6 hours,4,4,Often,"ChatGPT, Google Gemini, Microsoft Copilot, Perplexity AI, Grammarly, QuillBot",6 – 10,4,"Poor internet, No quiet study space, Health / stress issues",3,4,False,75.0,Slightly better,"YouTube, NPTEL / SWAYAM, Coursera / Udemy / edX, College LMS, Physical Notes",2026-01-31 18:48:52,Tamil Nadu,State University,B.Tech,2nd Year,Below 6.0,0 – 2 hours,"YouTube, ChatGPT / AI tools, WhatsApp / Telegram",3,,,,,,,,
326,16a56bf3b362259b32e3bc7d18a95d94213241560809ad3c4d5ddba644365acb,2026-02-23 10:22:44,Week 1,30,4 – 6 hours,3,3,Sometimes,"ChatGPT, Google Gemini, Microsoft Copilot, Claude, Notion AI, GitHub Copilot, Codeium",3 – 6,4,"Mobile-only access, No quiet study space",2,3,False,,About the same,"NPTEL / SWAYAM, College LMS, Notion / Anki / Obsidian, WhatsApp / Telegram (for study purposes)",2026-02-19 13:19:58,Tamil Nadu,State University,B.Sc,2nd Year,8.0 – 9.0,2 – 4 hours,"YouTube, NPTEL / SWAYAM, Coursera / Udemy / edX, ChatGPT / AI tools, Notion / Anki / Obsidian",5,,,,,,,,
327,cf47f395a464caa7ab1da1745c2d650002296d75e8eac41561b430a83f4382f8,2026-02-23 10:23:43,Week 1,40,4 – 6 hours,2,2,Never,"ChatGPT, Google Gemini, Microsoft Copilot, Claude, Perplexity AI, Grammarly, QuillBot, Notion AI, Jasper AI, GitHub Copilot, Codeium, Replit AI, Tabnine",3 – 6,3,No quiet study space,3,4,False,59.0,Slightly worse,"YouTube, NPTEL / SWAYAM, College LMS, Notion / Anki / Obsidian, WhatsApp / Telegram (for study purposes)",2026-01-31 18:49:58,Tamil Nadu,Central University,B.Sc,3rd Year,7.0 – 8.0,2 – 4 hours,"YouTube, NPTEL / SWAYAM, Coursera / Udemy / edX, ChatGPT / AI tools, Notion / Anki / Obsidian",5,,,,,,,,
328,d2db0cecaf1edf2f34e8fcb492052acd27453600c6cc493e25700d9c3b289761,2026-02-23 10:35:09,Week 2,45,4 – 6 hours,4,2,Rarely,"ChatGPT, Google Gemini, Microsoft Copilot, Claude, Perplexity AI, Grammarly, Jasper AI, Tabnine, Canva AI, Adobe Firefly",6 – 10,4,Mobile-only access,4,4,False,80.0,Slightly better,"YouTube, Coursera / Udemy / edX, Notion / Anki / Obsidian, Physical Notes",2026-02-02 12:56:07,Uttar Pradesh,IIT / NIT,Other,2nd Year,Prefer not to say,2 – 4 hours,"YouTube, Coursera / Udemy / edX",2,,,,,,,,
329,86b1b7c8fd97ac6aa33f3f67e3c3652ee35ae2226cc4798385726481eea05f57,2026-02-23 10:35:57,Week 2,50,4 – 6 hours,2,2,Rarely,"ChatGPT, Google Gemini, Microsoft Copilot, Claude, Grammarly, Jasper AI, Codeium, Replit AI, DALL·E, Adobe Firefly, Khanmigo (Khan Academy AI)",6 – 10,4,NaN,4,3,False,90.0,Slightly better,"YouTube, NPTEL / SWAYAM, Coursera / Udemy / edX, College LMS, Notion / Anki / Obsidian",2026-01-31 18:50:27,Tamil Nadu,Central University,B.Tech,1st Year,7.0 – 8.0,0 – 2 hours,"YouTube, ChatGPT / AI tools, College LMS, WhatsApp / Telegram",4,,,,,,,,
330,f90ab6deefe14d178606a393182b36cdc645169d692772666b9c29214c2a4e40,2026-02-23 10:36:55,Week 2,60,6+ hours,3,3,Sometimes,"ChatGPT, Google Gemini, Microsoft Copilot, Claude, Grammarly, QuillBot, Jasper AI, Codeium, Tabnine, Canva AI, Adobe Firefly",10+,5,Health / stress issues,5,5,False,80.0,Slightly better,"YouTube, NPTEL / SWAYAM, Coursera / Udemy / edX, College LMS, Notion / Anki / Obsidian, WhatsApp / Telegram (for study purposes), Physical Notes",2026-02-05 21:56:57,Telangana,Private University,B.Tech,3rd Year,7.0 – 8.0,0 – 2 hours,"ChatGPT / AI tools, WhatsApp / Telegram",2,,,,,,,,
331,b7c45e43b3e4defcfa15c66053995acfb95306f516892ea504b4a561e64a85b9,2026-02-23 10:37:44,Week 2,70,6+ hours,3,3,Sometimes,"ChatGPT, Google Gemini, Microsoft Copilot, Claude, Perplexity AI, Grammarly, QuillBot, Notion AI, Codeium, Replit AI, Canva AI, DALL·E, Midjourney, Adobe Firefly",6 – 10,4,"Poor internet, No quiet study space, Health / stress issues",5,4,False,,About the same,"YouTube, NPTEL / SWAYAM, Coursera / Udemy / edX, College LMS, Notion / Anki / Obsidian, WhatsApp / Telegram (for study purposes), Physical Notes",2026-01-31 18:40:13,Tamil Nadu,IIT / NIT,B.Sc,2nd Year,6.0 – 7.0,0 – 2 hours,"YouTube, NPTEL / SWAYAM, ChatGPT / AI tools",3,,,,,,,,
332,d2db0cecaf1edf2f34e8fcb492052acd27453600c6cc493e25700d9c3b289761,2026-02-23 10:38:39,Week 2,60,6+ hours,3,3,Often,"ChatGPT, Google Gemini, Microsoft Copilot, Claude, Perplexity AI, Grammarly, Jasper AI, GitHub Copilot, Canva AI",6 – 10,3,NaN,4,4,False,75.0,Much better,"YouTube, NPTEL / SWAYAM, Coursera / Udemy / edX, College LMS, Notion / Anki / Obsidian, WhatsApp / Telegram (for study purposes), Physical Notes",2026-02-02 12:56:07,Uttar Pradesh,IIT / NIT,Other,2nd Year,Prefer not to say,2 – 4 hours,"YouTube, Coursera / Udemy / edX",2,,,,,,,,
333,a0844c331d7454600df29956fea1f640e9035aa0e376172eded377ff472dedbe,2026-02-23 10:40:54,Week 2,70,6+ hours,4,1,Often,"ChatGPT, Google Gemini, Microsoft Copilot, Claude, Perplexity AI, Grammarly, QuillBot, Notion AI, GitHub Copilot, DALL·E",10+,4,Health / stress issues,4,4,False,85.0,About the same,"YouTube, NPTEL / SWAYAM, Coursera / Udemy / edX, College LMS, Notion / Anki / Obsidian, WhatsApp / Telegram (for study purposes), Physical Notes",2026-01-31 18:46:52,Karnataka,Central University,B.Sc,1st Year,7.0 – 8.0,2 – 4 hours,"NPTEL / SWAYAM, Coursera / Udemy / edX, ChatGPT / AI tools, College LMS, WhatsApp / Telegram, Physical notes",6,,,,,,,,
334,a0844c331d7454600df29956fea1f640e9035aa0e376172eded377ff472dedbe,2026-02-23 10:42:01,Week 2,65,6+ hours,4,2,Sometimes,"ChatGPT, Google Gemini, Microsoft Copilot, Claude, Perplexity AI, Grammarly, QuillBot, Notion AI, Codeium",6 – 10,4,Health / stress issues,3,3,False,70.0,Much better,"YouTube, NPTEL / SWAYAM, Coursera / Udemy / edX, College LMS, Notion / Anki / Obsidian, WhatsApp / Telegram (for study purposes), Physical Notes",2026-01-31 18:46:52,Karnataka,Central University,B.Sc,1st Year,7.0 – 8.0,2 – 4 hours,"NPTEL / SWAYAM, Coursera / Udemy / edX, ChatGPT / AI tools, College LMS, WhatsApp / Telegram, Physical notes",6,,,,,,,,
335,9c37b8db9c39e670e8422cf5afe252221762450c6f3d1f72c8ef3cdfe0a584e6,2026-02-23 10:42:59,Week 2,55,6+ hours,5,5,Always,"ChatGPT, Google Gemini, Microsoft Copilot, Claude, Perplexity AI, Grammarly, QuillBot, Jasper AI, GitHub Copilot, Replit AI",10+,5,No quiet study space,5,5,False,80.0,Slightly better,"YouTube, NPTEL / SWAYAM, Coursera / Udemy / edX, College LMS, WhatsApp / Telegram (for study purposes)",2026-02-23 10:10:44,Tamil Nadu,State University,B.Sc,2nd Year,7.0 – 8.0,2 – 4 hours,"YouTube, NPTEL / SWAYAM, Coursera / Udemy / edX, ChatGPT / AI tools, College LMS",5,,,,,,,,
360,5e849a6892d6df48c1362529cab706d619efa96a172b3f715bc1f5ccd5ca61ec,2026-02-26 09:57:57,Week 2,69,6+ hours,5,5,Always,"ChatGPT, Google Gemini, Microsoft Copilot, Claude, Perplexity AI, Canva AI",10+,5,NaN,5,5,False,80.0,Much better,"YouTube, College LMS, WhatsApp / Telegram (for study purposes), Physical Notes",2026-02-02 13:01:28,Uttar Pradesh,IIT / NIT,BA,Others,8.0 – 9.0,2 – 4 hours,"YouTube, ChatGPT / AI tools",2,,,,,,,,
336,3d83828233d057f5e1e37a4c9e784850077d6638768e69b0f6b5d4e5e2dfc994,2026-02-23 10:44:12,Week 2,50,6+ hours,5,2,Sometimes,"ChatGPT, Google Gemini, Microsoft Copilot, Claude, Perplexity AI, Grammarly, Notion AI, Codeium, Tabnine, Canva AI",10+,5,Mobile-only access,5,4,False,66.0,Slightly worse,"YouTube, NPTEL / SWAYAM, Coursera / Udemy / edX, College LMS, Notion / Anki / Obsidian, WhatsApp / Telegram (for study purposes), Physical Notes",2026-01-12 21:41:37,Tamil Nadu,Private University,B.Tech,3rd Year,8.0 – 9.0,0 – 2 hours,"YouTube, ChatGPT / AI tools",2,,,,,,,,
337,e9f047d3c2da21e5de56f3abab5c156cedf45843e25e1cc9c00e542a0848fb89,2026-02-23 10:45:06,Week 2,60,6+ hours,5,3,Sometimes,"ChatGPT, Google Gemini, Microsoft Copilot, Claude, Perplexity AI, Grammarly, QuillBot, Notion AI, GitHub Copilot, Replit AI, Canva AI, Adobe Firefly",6 – 10,4,"Poor internet, No quiet study space",5,4,False,56.0,Much worse,"YouTube, NPTEL / SWAYAM, Coursera / Udemy / edX, College LMS, Notion / Anki / Obsidian, WhatsApp / Telegram (for study purposes), Physical Notes",2026-02-23 10:04:41,Andhra Pradesh,Central University,B.Tech,2nd Year,7.0 – 8.0,0 – 2 hours,"YouTube, NPTEL / SWAYAM, Coursera / Udemy / edX, Notion / Anki / Obsidian, WhatsApp / Telegram",5,,,,,,,,
338,e8386eec4c2f671d625ec0a877e0c9af57a196443df6751cfd908bc4bb188c51,2026-02-23 10:46:14,Week 2,56,6+ hours,5,2,Sometimes,"ChatGPT, Google Gemini, Microsoft Copilot, Claude, Perplexity AI, Grammarly, QuillBot, Notion AI",10+,4,"Poor internet, Mobile-only access",3,3,False,60.0,Slightly worse,"YouTube, NPTEL / SWAYAM, Coursera / Udemy / edX, College LMS, Notion / Anki / Obsidian, WhatsApp / Telegram (for study purposes), Physical Notes",2026-01-31 18:42:45,Kerala,State University,B.Com,2nd Year,Prefer not to say,2 – 4 hours,"YouTube, NPTEL / SWAYAM, Coursera / Udemy / edX, Notion / Anki / Obsidian, Physical notes",5,,,,,,,,
339,a0844c331d7454600df29956fea1f640e9035aa0e376172eded377ff472dedbe,2026-02-23 10:47:04,Week 2,60,4 – 6 hours,4,5,Sometimes,"ChatGPT, Google Gemini, Microsoft Copilot, Claude, Perplexity AI, Grammarly, QuillBot, Notion AI, Jasper AI",10+,5,Poor internet,5,5,False,75.0,About the same,"YouTube, College LMS, WhatsApp / Telegram (for study purposes), Physical Notes",2026-01-31 18:46:52,Karnataka,Central University,B.Sc,1st Year,7.0 – 8.0,2 – 4 hours,"NPTEL / SWAYAM, Coursera / Udemy / edX, ChatGPT / AI tools, College LMS, WhatsApp / Telegram, Physical notes",6,,,,,,,,
340,e8386eec4c2f671d625ec0a877e0c9af57a196443df6751cfd908bc4bb188c51,2026-02-23 10:48:16,Week 2,45,4 – 6 hours,5,3,Often,"ChatGPT, Google Gemini, Claude, Perplexity AI, Grammarly",6 – 10,4,Poor internet,5,4,False,90.0,Slightly better,"YouTube, NPTEL / SWAYAM, College LMS, WhatsApp / Telegram (for study purposes)",2026-01-31 18:42:45,Kerala,State University,B.Com,2nd Year,Prefer not to say,2 – 4 hours,"YouTube, NPTEL / SWAYAM, Coursera / Udemy / edX, Notion / Anki / Obsidian, Physical notes",5,,,,,,,,
341,f8041b50a2c1379ae1a539104ac8cfff2e7475d9225620826e59c80d286afe76,2026-02-23 10:49:33,Week 3,20,2 – 4 hours,2,2,Rarely,"ChatGPT, Google Gemini",3 – 6,3,Poor internet,2,2,False,,Slightly worse,"YouTube, WhatsApp / Telegram (for study purposes)",2026-01-31 18:25:54,Andhra Pradesh,Private University,B.Sc,3rd Year,7.0 – 8.0,0 – 2 hours,"YouTube, NPTEL / SWAYAM, Notion / Anki / Obsidian, College LMS, WhatsApp / Telegram",5,,,,,,,,
342,3d83828233d057f5e1e37a4c9e784850077d6638768e69b0f6b5d4e5e2dfc994,2026-02-23 11:07:02,Week 3,40,4 – 6 hours,3,3,Sometimes,"ChatGPT, Google Gemini, Microsoft Copilot, Claude, Perplexity AI, Grammarly",3 – 6,2,NaN,3,3,False,,Slightly worse,"YouTube, College LMS, Notion / Anki / Obsidian",2026-01-12 21:41:37,Tamil Nadu,Private University,B.Tech,3rd Year,8.0 – 9.0,0 – 2 hours,"YouTube, ChatGPT / AI tools",2,,,,,,,,
343,e14fc3506630213cf4dbb3dddf035e19aad46cfaf81f1761b7791f1f48a64d67,2026-02-23 11:07:50,Week 3,30,2 – 4 hours,2,2,Rarely,"ChatGPT, Google Gemini, Perplexity AI, Grammarly",1 – 3,2,NaN,3,3,False,,Slightly worse,"YouTube, NPTEL / SWAYAM, Coursera / Udemy / edX, College LMS",2026-02-02 12:45:31,Madhya Pradesh,Central University,B.Tech,3rd Year,8.0 – 9.0,2 – 4 hours,"ChatGPT / AI tools, WhatsApp / Telegram",2,,,,,,,,
344,48cdb835c278ac6b10eed195f85632896d3be15d20d75197a0b916b2395939a6,2026-02-23 11:08:32,Week 3,30,4 – 6 hours,2,2,Sometimes,"ChatGPT, Google Gemini, Microsoft Copilot, Claude, Perplexity AI",1 – 3,2,Poor internet,2,2,False,,Much worse,"YouTube, NPTEL / SWAYAM, Coursera / Udemy / edX, College LMS",2026-01-27 00:18:46,Telangana,IIT / NIT,B.Sc,3rd Year,7.0 – 8.0,0 – 2 hours,"YouTube, NPTEL / SWAYAM, ChatGPT / AI tools, WhatsApp / Telegram, Physical notes only",5,,,,,,,,
345,f72f420debc36def28125c58c71822ce49043914a9406e73923965f87c8cb669,2026-02-23 11:09:19,Week 3,30,2 – 4 hours,3,3,Sometimes,"ChatGPT, Google Gemini, Microsoft Copilot, Claude, Perplexity AI, QuillBot",1 – 3,3,NaN,3,3,False,,About the same,"YouTube, NPTEL / SWAYAM, Coursera / Udemy / edX, College LMS",2026-01-12 23:37:58,Karnataka,Private University,BA,3rd Year,8.0 – 9.0,0 – 2 hours,"YouTube, ChatGPT / AI tools, WhatsApp / Telegram, Physical notes only",4,,,,,,,,
346,ad04e596e1af01ab238040c91de85cefe7f49fb2aabec57135e928a5ee02305e,2026-02-23 11:12:41,Week 3,20,2 – 4 hours,3,3,Sometimes,"ChatGPT, Google Gemini, Microsoft Copilot, Claude, Perplexity AI, Grammarly, QuillBot",1 – 3,3,Health / stress issues,2,2,False,,Slightly worse,"YouTube, NPTEL / SWAYAM, Coursera / Udemy / edX, College LMS, Notion / Anki / Obsidian",2026-02-02 13:10:08,Karnataka,IIT / NIT,BBA,Others,7.0 – 8.0,2 – 4 hours,"YouTube, NPTEL / SWAYAM",2,,,,,,,,
347,7b5c4bd7d59556f437489bc9729a8c19655b90085e45e8dff621cf66913fc521,2026-02-23 11:13:20,Week 3,20,2 – 4 hours,2,2,Rarely,"ChatGPT, Google Gemini, Microsoft Copilot, Claude",1 – 3,2,NaN,3,2,False,,About the same,"YouTube, Coursera / Udemy / edX, Notion / Anki / Obsidian",2026-02-23 10:13:22,Kerala,State University,B.Tech,3rd Year,Prefer not to say,2 – 4 hours,"YouTube, NPTEL / SWAYAM, Coursera / Udemy / edX, ChatGPT / AI tools, Notion / Anki / Obsidian, College LMS, WhatsApp / Telegram, Physical notes",8,,,,,,,,
348,a091d9857e1b26dac9ad43d43de3cfab7f19df9cadb73e095b0b4a74a5e9bc3d,2026-02-23 11:14:00,Week 4,10,0 – 2 hours,1,1,Never,"ChatGPT, Google Gemini",1 – 3,2,Poor internet,1,1,False,,Much worse,"YouTube, Coursera / Udemy / edX",2026-01-27 19:47:23,Tamil Nadu,Deemed University,B.Tech,4th Year,9.0+,0 – 2 hours,"YouTube, ChatGPT / AI tools, WhatsApp / Telegram",3,,,,,,,,
349,86b1b7c8fd97ac6aa33f3f67e3c3652ee35ae2226cc4798385726481eea05f57,2026-02-24 12:14:09,Week 2,50,6+ hours,4,4,Sometimes,"ChatGPT, Google Gemini, Microsoft Copilot, Claude, Grammarly, QuillBot, Notion AI, Midjourney, Adobe Firefly, Khanmigo (Khan Academy AI)",6 – 10,5,"Poor internet, Mobile-only access, Health / stress issues",3,3,False,60.0,About the same,"YouTube, NPTEL / SWAYAM, Coursera / Udemy / edX, College LMS, Notion / Anki / Obsidian, WhatsApp / Telegram (for study purposes)",2026-01-31 18:50:27,Tamil Nadu,Central University,B.Tech,1st Year,7.0 – 8.0,0 – 2 hours,"YouTube, ChatGPT / AI tools, College LMS, WhatsApp / Telegram",4,,,,,,,,
350,ea6dc2fae8a61411b9d6de51699ca6787330c0036ffedddf4a649648fefe8732,2026-02-24 12:16:26,Week 2,40,4 – 6 hours,3,3,Sometimes,"ChatGPT, Google Gemini, Microsoft Copilot, Claude, Perplexity AI, Grammarly, QuillBot, GitHub Copilot, Codeium",6 – 10,4,"Poor internet, Mobile-only access, No quiet study space",3,3,False,70.0,Slightly better,"YouTube, NPTEL / SWAYAM, Coursera / Udemy / edX, College LMS, Notion / Anki / Obsidian, Physical Notes",2026-01-31 18:48:18,Andhra Pradesh,Private University,B.Tech,4th Year,7.0 – 8.0,2 – 4 hours,"YouTube, ChatGPT / AI tools, College LMS, WhatsApp / Telegram",4,,,,,,,,
351,6cdee50dedfbbd1a46317cf81321165ab42071b577d2f1514daac32cb4160095,2026-02-25 23:11:19,Week 3,4,2 – 4 hours,3,3,Sometimes,"ChatGPT, Microsoft Copilot, QuillBot",1 – 3,3,No quiet study space,3,3,False,,Slightly worse,YouTube,2026-02-02 12:39:28,Gujarat,Private University,B.Tech,3rd Year,8.0 – 9.0,6+ hours,NaN,1,,,,,,,,
352,81ddebb1fc0e6b009a5655dea87854093d1374914f03d128e615c955c9007504,2026-02-26 00:09:17,Week 3,2,0 – 2 hours,2,2,Rarely,ChatGPT,1 – 3,2,Poor internet,2,2,False,,Slightly worse,NaN,2026-01-12 20:20:23,Tamil Nadu,Private University,B.Tech,3rd Year,7.0 – 8.0,2 – 4 hours,"YouTube, ChatGPT / AI tools, WhatsApp / Telegram, Physical notes only",4,,,,,,,,
353,26234105c87439e0dc4fb999632d3a5406775cc0728c26840e4a6b26d071341b,2026-02-26 00:14:22,Week 2,9,6+ hours,5,5,Often,"ChatGPT, Google Gemini, Claude",3 – 6,4,NaN,4,5,False,,Much better,"YouTube, WhatsApp / Telegram (for study purposes), Physical Notes",2026-01-12 20:18:58,Tamil Nadu,Private University,B.Tech,2nd Year,6.0 – 7.0,0 – 2 hours,"YouTube, ChatGPT / AI tools, College LMS",3,,,,,,,,
354,132137538b93be89ed6c9815b322a7a0f58530b8c229d1809265140f5cb8c398,2026-02-26 00:14:46,Week 1,68,4 – 6 hours,4,4,Often,"ChatGPT, Google Gemini, Microsoft Copilot, Claude, Perplexity AI",10+,5,NaN,4,4,False,,Slightly better,YouTube,2026-01-13 19:44:22,Tamil Nadu,Deemed University,B.Tech,3rd Year,7.0 – 8.0,2 – 4 hours,"YouTube, ChatGPT / AI tools",2,,,,,,,,
355,9f7b57d47f3cd447af0a85a35c1ce5b1287d471159595088cd7493a849b93059,2026-02-26 00:16:28,Week 2,68,6+ hours,5,5,Always,"ChatGPT, Google Gemini, Microsoft Copilot, Claude, Perplexity AI",10+,5,NaN,5,5,False,80.0,Much better,"YouTube, College LMS, WhatsApp / Telegram (for study purposes), Physical Notes",2026-02-02 12:38:26,Punjab,Central University,B.Tech,1st Year,6.0 – 7.0,4 – 6 hours,"YouTube, NPTEL / SWAYAM, Coursera / Udemy / edX, ChatGPT / AI tools, College LMS, WhatsApp / Telegram",6,,,,,,,,
356,1dd2975d45d1e27948cae456e3827e3b50778c013fecee985fb0422f4a492ba2,2026-02-26 00:17:35,Week 3,50,4 – 6 hours,3,3,Sometimes,ChatGPT,3 – 6,4,NaN,2,2,False,,Slightly worse,YouTube,2026-02-19 13:17:59,Andhra Pradesh,State University,B.Tech,2nd Year,7.0 – 8.0,6+ hours,"YouTube, NPTEL / SWAYAM, Coursera / Udemy / edX, ChatGPT / AI tools, Notion / Anki / Obsidian, College LMS, WhatsApp / Telegram, Physical notes",8,,,,,,,,
357,384ceb85e96e6aa2ecda396e81a782b00f64a547b8639cec5570f556cec3c71d,2026-02-26 00:18:16,Week 4,2,0 – 2 hours,2,2,Rarely,NaN,0,1,NaN,1,1,False,,Much worse,NaN,2026-02-23 10:05:39,Kerala,Private University,B.Com,2nd Year,8.0 – 9.0,4 – 6 hours,"NPTEL / SWAYAM, Coursera / Udemy / edX, College LMS, Physical notes",4,,,,,,,,
358,c4fc9686cc1b927682fbf989fe97901e479c7d5a214ce073d7cc6062f4682ed6,2026-02-26 00:18:30,Week 4,40,2 – 4 hours,3,3,Never,ChatGPT,1 – 3,3,NaN,3,1,False,,Much worse,YouTube,2026-02-23 10:06:40,Andhra Pradesh,Private University,B.Com,3rd Year,6.0 – 7.0,0 – 2 hours,"Coursera / Udemy / edX, ChatGPT / AI tools, Notion / Anki / Obsidian, WhatsApp / Telegram",4,,,,,,,,
359,7b5c4bd7d59556f437489bc9729a8c19655b90085e45e8dff621cf66913fc521,2026-02-26 09:56:15,Week 1,67,6+ hours,4,4,Often,"ChatGPT, Google Gemini, Microsoft Copilot, Claude, Perplexity AI",6 – 10,4,NaN,4,4,False,,Slightly better,"YouTube, College LMS, WhatsApp / Telegram (for study purposes), Physical Notes",2026-02-23 10:13:22,Kerala,State University,B.Tech,3rd Year,Prefer not to say,2 – 4 hours,"YouTube, NPTEL / SWAYAM, Coursera / Udemy / edX, ChatGPT / AI tools, Notion / Anki / Obsidian, College LMS, WhatsApp / Telegram, Physical notes",8,,,,,,,,
361,e9f047d3c2da21e5de56f3abab5c156cedf45843e25e1cc9c00e542a0848fb89,2026-02-26 10:04:30,Week 3,46,4 – 6 hours,3,3,Sometimes,"ChatGPT, Microsoft Copilot",3 – 6,2,NaN,3,2,False,,Slightly worse,"YouTube, College LMS, WhatsApp / Telegram (for study purposes), Physical Notes",2026-02-23 10:04:41,Andhra Pradesh,Central University,B.Tech,2nd Year,7.0 – 8.0,0 – 2 hours,"YouTube, NPTEL / SWAYAM, Coursera / Udemy / edX, Notion / Anki / Obsidian, WhatsApp / Telegram",5,,,,,,,,
362,9f7b57d47f3cd447af0a85a35c1ce5b1287d471159595088cd7493a849b93059,2026-02-26 10:05:56,Week 3,20,2 – 4 hours,2,2,Never,"ChatGPT, Google Gemini",1 – 3,2,NaN,2,1,False,,Slightly better,YouTube,2026-02-02 12:38:26,Punjab,Central University,B.Tech,1st Year,6.0 – 7.0,4 – 6 hours,"YouTube, NPTEL / SWAYAM, Coursera / Udemy / edX, ChatGPT / AI tools, College LMS, WhatsApp / Telegram",6,,,,,,,,
363,26234105c87439e0dc4fb999632d3a5406775cc0728c26840e4a6b26d071341b,2026-02-26 10:07:56,Week 3,10,0 – 2 hours,1,1,Never,"ChatGPT, Google Gemini",1 – 3,2,NaN,1,1,False,,Much worse,"YouTube, College LMS",2026-01-12 20:18:58,Tamil Nadu,Private University,B.Tech,2nd Year,6.0 – 7.0,0 – 2 hours,"YouTube, ChatGPT / AI tools, College LMS",3,,,,,,,,
364,74d72de1f5b196019d5bbe209db2b90401f5ea949cebbdda60ac6b0f71acb482,2026-02-26 10:07:59,Week 3,17,6+ hours,3,3,Sometimes,"ChatGPT, Perplexity AI",6 – 10,4,NaN,4,3,False,,About the same,"YouTube, WhatsApp / Telegram (for study purposes), Physical Notes",2026-02-02 12:43:28,Madhya Pradesh,Central University,B.Tech,2nd Year,6.0 – 7.0,2 – 4 hours,"YouTube, ChatGPT / AI tools",2,,,,,,,,
365,9f7b57d47f3cd447af0a85a35c1ce5b1287d471159595088cd7493a849b93059,2026-02-26 10:09:09,Week 3,15,0 – 2 hours,1,1,Never,"ChatGPT, Google Gemini",1 – 3,2,NaN,1,1,False,,Slightly worse,"YouTube, College LMS, Physical Notes",2026-02-02 12:38:26,Punjab,Central University,B.Tech,1st Year,6.0 – 7.0,4 – 6 hours,"YouTube, NPTEL / SWAYAM, Coursera / Udemy / edX, ChatGPT / AI tools, College LMS, WhatsApp / Telegram",6,,,,,,,,
366,27d91473394ea1f8f97a8f1740492902f4ab1abbfe0b003e4536904eaba6dca0,2026-02-26 10:10:18,Week 3,10,0 – 2 hours,1,1,Never,ChatGPT,1 – 3,2,NaN,1,1,False,,Much worse,YouTube,2026-01-31 18:43:28,Tamil Nadu,IIT / NIT,B.Tech,3rd Year,7.0 – 8.0,2 – 4 hours,"YouTube, NPTEL / SWAYAM, Coursera / Udemy / edX, ChatGPT / AI tools, Notion / Anki / Obsidian, College LMS, WhatsApp / Telegram, Physical notes",8,,,,,,,,
367,522e39ae01bce33e97b085b9517a3680984adf0d38e718487e3314eb74127ab2,2026-02-26 10:11:24,Week 3,10,0 – 2 hours,2,2,Never,"ChatGPT, Google Gemini",1 – 3,1,NaN,2,1,False,,Much worse,YouTube,2026-01-31 18:48:52,Tamil Nadu,State University,B.Tech,2nd Year,Below 6.0,0 – 2 hours,"YouTube, ChatGPT / AI tools, WhatsApp / Telegram",3,,,,,,,,
368,1dd2975d45d1e27948cae456e3827e3b50778c013fecee985fb0422f4a492ba2,2026-02-26 10:12:20,Week 3,10,2 – 4 hours,1,1,Never,ChatGPT,1 – 3,1,NaN,1,2,False,,Slightly worse,YouTube,2026-02-19 13:17:59,Andhra Pradesh,State University,B.Tech,2nd Year,7.0 – 8.0,6+ hours,"YouTube, NPTEL / SWAYAM, Coursera / Udemy / edX, ChatGPT / AI tools, Notion / Anki / Obsidian, College LMS, WhatsApp / Telegram, Physical notes",8,,,,,,,,
369,32b68dc8923730efba7e69129bcc4d5555495cc9359174e99e3d50570ce6de44,2026-02-26 10:13:20,Week 3,10,2 – 4 hours,1,1,Never,"ChatGPT, Google Gemini",1 – 3,2,NaN,2,1,False,,Slightly worse,YouTube,2026-01-31 14:55:58,Kerala,State University,B.Sc,1st Year,7.0 – 8.0,0 – 2 hours,"YouTube, ChatGPT / AI tools, College LMS, WhatsApp / Telegram",4,,,,,,,,
370,6cdee50dedfbbd1a46317cf81321165ab42071b577d2f1514daac32cb4160095,2026-02-26 10:14:20,Week 3,10,0 – 2 hours,1,1,Never,ChatGPT,1 – 3,2,NaN,2,1,False,,Much worse,YouTube,2026-02-02 12:39:28,Gujarat,Private University,B.Tech,3rd Year,8.0 – 9.0,6+ hours,NaN,1,,,,,,,,
371,f72f420debc36def28125c58c71822ce49043914a9406e73923965f87c8cb669,2026-02-26 10:14:42,Week 4,10,6+ hours,2,2,Sometimes,"ChatGPT, Google Gemini",3 – 6,4,No quiet study space,3,3,False,,About the same,"YouTube, Coursera / Udemy / edX",2026-01-12 23:37:58,Karnataka,Private University,BA,3rd Year,8.0 – 9.0,0 – 2 hours,"YouTube, ChatGPT / AI tools, WhatsApp / Telegram, Physical notes only",4,,,,,,,,
372,8ded4921661c4a18e633a572258dbd0f9a2c004f4aa3e9e2057a670d47566de6,2026-02-26 10:15:38,Week 3,8,2 – 4 hours,1,1,Never,Google Gemini,1 – 3,1,NaN,1,1,False,,Slightly worse,YouTube,2026-02-03 11:19:03,Kerala,Private University,B.Sc,3rd Year,Prefer not to say,2 – 4 hours,"NPTEL / SWAYAM, WhatsApp / Telegram, Physical notes",3,,,,,,,,
373,8ded4921661c4a18e633a572258dbd0f9a2c004f4aa3e9e2057a670d47566de6,2026-02-26 10:17:37,Week 3,9,0 – 2 hours,1,2,Never,ChatGPT,1 – 3,1,NaN,1,1,False,,Slightly worse,YouTube,2026-02-03 11:19:03,Kerala,Private University,B.Sc,3rd Year,Prefer not to say,2 – 4 hours,"NPTEL / SWAYAM, WhatsApp / Telegram, Physical notes",3,,,,,,,,
374,e9f047d3c2da21e5de56f3abab5c156cedf45843e25e1cc9c00e542a0848fb89,2026-02-26 10:18:30,Week 3,6,0 – 2 hours,1,1,Never,ChatGPT,1 – 3,1,NaN,1,1,False,,Much worse,YouTube,2026-02-23 10:04:41,Andhra Pradesh,Central University,B.Tech,2nd Year,7.0 – 8.0,0 – 2 hours,"YouTube, NPTEL / SWAYAM, Coursera / Udemy / edX, Notion / Anki / Obsidian, WhatsApp / Telegram",5,,,,,,,,
375,49c29b44c0f2dba949371e3de5aaea4ace47ef333c771bda5ab86551a01e7a7d,2026-02-26 10:19:45,Week 3,8,0 – 2 hours,1,1,Never,ChatGPT,0,1,NaN,1,1,False,,Much worse,YouTube,2026-02-02 12:49:39,Uttar Pradesh,Central University,B.Tech,Others,8.0 – 9.0,2 – 4 hours,"YouTube, ChatGPT / AI tools",2,,,,,,,,
376,ace8e293cc91c35e822f9101bc4e97d2ad904d1e130b4402fd6a6642f245665e,2026-02-26 10:21:01,Week 3,35,2 – 4 hours,2,2,Rarely,Google Gemini,1 – 3,1,NaN,1,2,False,,Slightly worse,YouTube,2026-02-23 10:12:43,Kerala,State University,B.Tech,2nd Year,6.0 – 7.0,0 – 2 hours,"NPTEL / SWAYAM, Notion / Anki / Obsidian",2,,,,,,,,
377,f5df30de694992a770d857d674587e781574c81ffc40be127f93b6a3d3a95f48,2026-02-26 10:21:57,Week 3,5,0 – 2 hours,1,1,Never,ChatGPT,0,1,NaN,1,1,False,,Much worse,YouTube,2026-02-23 10:05:11,Andhra Pradesh,State University,B.Sc,3rd Year,Prefer not to say,2 – 4 hours,"YouTube, Coursera / Udemy / edX, Notion / Anki / Obsidian, WhatsApp / Telegram, Physical notes",5,,,,,,,,
378,74d72de1f5b196019d5bbe209db2b90401f5ea949cebbdda60ac6b0f71acb482,2026-02-26 10:22:53,Week 3,5,0 – 2 hours,1,1,Never,ChatGPT,1 – 3,2,NaN,1,1,False,,Much worse,YouTube,2026-02-02 12:43:28,Madhya Pradesh,Central University,B.Tech,2nd Year,6.0 – 7.0,2 – 4 hours,"YouTube, ChatGPT / AI tools",2,,,,,,,,
379,f5df30de694992a770d857d674587e781574c81ffc40be127f93b6a3d3a95f48,2026-02-26 10:23:52,Week 3,6,0 – 2 hours,1,1,Never,Google Gemini,0,1,NaN,1,1,False,,Much worse,YouTube,2026-02-23 10:05:11,Andhra Pradesh,State University,B.Sc,3rd Year,Prefer not to say,2 – 4 hours,"YouTube, Coursera / Udemy / edX, Notion / Anki / Obsidian, WhatsApp / Telegram, Physical notes",5,,,,,,,,
380,32b68dc8923730efba7e69129bcc4d5555495cc9359174e99e3d50570ce6de44,2026-02-26 10:25:56,Week 3,2,0 – 2 hours,1,1,Never,ChatGPT,1 – 3,1,NaN,1,1,False,,Slightly worse,YouTube,2026-01-31 14:55:58,Kerala,State University,B.Sc,1st Year,7.0 – 8.0,0 – 2 hours,"YouTube, ChatGPT / AI tools, College LMS, WhatsApp / Telegram",4,,,,,,,,
381,f90ab6deefe14d178606a393182b36cdc645169d692772666b9c29214c2a4e40,2026-02-26 10:27:04,Week 3,4,0 – 2 hours,1,1,Never,"Claude, GitHub Copilot",1 – 3,1,NaN,1,1,False,,Much worse,YouTube,2026-02-05 21:56:57,Telangana,Private University,B.Tech,3rd Year,7.0 – 8.0,0 – 2 hours,"ChatGPT / AI tools, WhatsApp / Telegram",2,,,,,,,,
382,a0844c331d7454600df29956fea1f640e9035aa0e376172eded377ff472dedbe,2026-02-26 10:28:22,Week 3,4,0 – 2 hours,1,1,Never,ChatGPT,0,1,NaN,1,1,False,,Much worse,YouTube,2026-01-31 18:46:52,Karnataka,Central University,B.Sc,1st Year,7.0 – 8.0,2 – 4 hours,"NPTEL / SWAYAM, Coursera / Udemy / edX, ChatGPT / AI tools, College LMS, WhatsApp / Telegram, Physical notes",6,,,,,,,,
383,e14fc3506630213cf4dbb3dddf035e19aad46cfaf81f1761b7791f1f48a64d67,2026-02-26 10:29:45,Week 3,6,0 – 2 hours,1,1,Never,Claude,1 – 3,1,NaN,2,1,False,,Much worse,YouTube,2026-02-02 12:45:31,Madhya Pradesh,Central University,B.Tech,3rd Year,8.0 – 9.0,2 – 4 hours,"ChatGPT / AI tools, WhatsApp / Telegram",2,,,,,,,,
384,caf626adf6b1139006e560ca8cc80b33ca449dfd93d89557b2b5dca8a09ea07f,2026-02-26 10:30:56,Week 3,10,0 – 2 hours,1,1,Never,NaN,0,1,NaN,1,1,False,,Much worse,NaN,2026-02-23 10:06:05,Karnataka,Private University,BA,3rd Year,7.0 – 8.0,2 – 4 hours,"YouTube, NPTEL / SWAYAM, Coursera / Udemy / edX, ChatGPT / AI tools, Notion / Anki / Obsidian, WhatsApp / Telegram",6,,,,,,,,
385,384ceb85e96e6aa2ecda396e81a782b00f64a547b8639cec5570f556cec3c71d,2026-02-26 10:32:20,Week 3,8,0 – 2 hours,1,1,Never,Google Gemini,1 – 3,1,NaN,1,1,False,,Much worse,YouTube,2026-02-23 10:05:39,Kerala,Private University,B.Com,2nd Year,8.0 – 9.0,4 – 6 hours,"NPTEL / SWAYAM, Coursera / Udemy / edX, College LMS, Physical notes",4,,,,,,,,
386,cf47f395a464caa7ab1da1745c2d650002296d75e8eac41561b430a83f4382f8,2026-02-26 10:33:22,Week 3,9,0 – 2 hours,1,1,Never,ChatGPT,0,1,NaN,1,1,False,,Much worse,YouTube,2026-01-31 18:49:58,Tamil Nadu,Central University,B.Sc,3rd Year,7.0 – 8.0,2 – 4 hours,"YouTube, NPTEL / SWAYAM, Coursera / Udemy / edX, ChatGPT / AI tools, Notion / Anki / Obsidian",5,,,,,,,,
387,7b5c4bd7d59556f437489bc9729a8c19655b90085e45e8dff621cf66913fc521,2026-02-26 10:35:00,Week 3,10,0 – 2 hours,1,1,Never,ChatGPT,0,1,NaN,1,1,False,,Much worse,YouTube,2026-02-23 10:13:22,Kerala,State University,B.Tech,3rd Year,Prefer not to say,2 – 4 hours,"YouTube, NPTEL / SWAYAM, Coursera / Udemy / edX, ChatGPT / AI tools, Notion / Anki / Obsidian, College LMS, WhatsApp / Telegram, Physical notes",8,,,,,,,,
388,32b68dc8923730efba7e69129bcc4d5555495cc9359174e99e3d50570ce6de44,2026-02-26 10:36:24,Week 3,3,0 – 2 hours,1,1,Never,Google Gemini,1 – 3,1,NaN,1,1,False,,Much worse,YouTube,2026-01-31 14:55:58,Kerala,State University,B.Sc,1st Year,7.0 – 8.0,0 – 2 hours,"YouTube, ChatGPT / AI tools, College LMS, WhatsApp / Telegram",4,,,,,,,,
389,b7c45e43b3e4defcfa15c66053995acfb95306f516892ea504b4a561e64a85b9,2026-02-26 10:37:39,Week 3,20,2 – 4 hours,2,2,Rarely,Google Gemini,1 – 3,2,NaN,2,2,False,,Much worse,NaN,2026-01-31 18:40:13,Tamil Nadu,IIT / NIT,B.Sc,2nd Year,6.0 – 7.0,0 – 2 hours,"YouTube, NPTEL / SWAYAM, ChatGPT / AI tools",3,,,,,,,,
390,ace8e293cc91c35e822f9101bc4e97d2ad904d1e130b4402fd6a6642f245665e,2026-02-26 10:39:41,Week 3,22,4 – 6 hours,1,2,Rarely,ChatGPT,1 – 3,2,NaN,2,1,False,,Much worse,YouTube,2026-02-23 10:12:43,Kerala,State University,B.Tech,2nd Year,6.0 – 7.0,0 – 2 hours,"NPTEL / SWAYAM, Notion / Anki / Obsidian",2,,,,,,,,
391,5e849a6892d6df48c1362529cab706d619efa96a172b3f715bc1f5ccd5ca61ec,2026-02-26 10:41:38,Week 3,15,2 – 4 hours,2,3,Rarely,ChatGPT,3 – 6,3,NaN,2,3,False,80.0,Slightly worse,"College LMS, WhatsApp / Telegram (for study purposes)",2026-02-02 13:01:28,Uttar Pradesh,IIT / NIT,BA,Others,8.0 – 9.0,2 – 4 hours,"YouTube, ChatGPT / AI tools",2,,,,,,,,
392,e8386eec4c2f671d625ec0a877e0c9af57a196443df6751cfd908bc4bb188c51,2026-02-26 10:43:58,Week 3,30,4 – 6 hours,1,2,Rarely,Microsoft Copilot,0,1,NaN,2,1,False,,Slightly worse,YouTube,2026-01-31 18:42:45,Kerala,State University,B.Com,2nd Year,Prefer not to say,2 – 4 hours,"YouTube, NPTEL / SWAYAM, Coursera / Udemy / edX, Notion / Anki / Obsidian, Physical notes",5,,,,,,,,
393,c4fc9686cc1b927682fbf989fe97901e479c7d5a214ce073d7cc6062f4682ed6,2026-02-26 10:45:14,Week 3,10,2 – 4 hours,2,2,Never,Google Gemini,1 – 3,2,Poor internet,2,2,False,,Slightly worse,YouTube,2026-02-23 10:06:40,Andhra Pradesh,Private University,B.Com,3rd Year,6.0 – 7.0,0 – 2 hours,"Coursera / Udemy / edX, ChatGPT / AI tools, Notion / Anki / Obsidian, WhatsApp / Telegram",4,,,,,,,,
394,b9c03c59028b4485073ac377b7c14dfe728898b0dccd931ebc2eea5d5b1d746a,2026-02-26 10:47:11,Week 3,10,2 – 4 hours,1,2,Never,ChatGPT,1 – 3,2,Poor internet,1,1,False,,Slightly worse,YouTube,2025-12-27 14:52:29,Tamil Nadu,Central University,B.Tech,3rd Year,8.0 – 9.0,2 – 4 hours,"ChatGPT / AI tools, College LMS, WhatsApp / Telegram",3,,,,,,,,
395,8773494ab4b07b7f7350b8d37e960ba5d05e7caf5ffbb75a943c63465a604b7f,2026-02-26 10:47:57,Week 3,10,2 – 4 hours,2,1,Never,Google Gemini,0,1,Mobile-only access,2,1,False,,Slightly worse,YouTube,2026-01-31 18:47:34,Tamil Nadu,IIT / NIT,B.Tech,2nd Year,9.0+,4 – 6 hours,"YouTube, NPTEL / SWAYAM, Coursera / Udemy / edX, ChatGPT / AI tools, College LMS, WhatsApp / Telegram, Physical notes",7,,,,,,,,
396,3a16c6fa9dbc26f91e12cdd112bec4f2953a34f47097d3424e3f551bb022a684,2026-02-26 10:48:51,Week 3,39,4 – 6 hours,2,2,Sometimes,Google Gemini,6 – 10,3,Health / stress issues,2,2,False,,Slightly worse,YouTube,2026-01-31 18:44:48,Tamil Nadu,Private University,BBA,1st Year,6.0 – 7.0,0 – 2 hours,"YouTube, Coursera / Udemy / edX, ChatGPT / AI tools, College LMS, WhatsApp / Telegram, Physical notes",6,,,,,,,,
397,f72f420debc36def28125c58c71822ce49043914a9406e73923965f87c8cb669,2026-02-26 10:50:06,Week 3,10,0 – 2 hours,2,1,Rarely,ChatGPT,1 – 3,1,No quiet study space,2,2,False,,Much worse,YouTube,2026-01-12 23:37:58,Karnataka,Private University,BA,3rd Year,8.0 – 9.0,0 – 2 hours,"YouTube, ChatGPT / AI tools, WhatsApp / Telegram, Physical notes only",4,,,,,,,,
398,26234105c87439e0dc4fb999632d3a5406775cc0728c26840e4a6b26d071341b,2026-02-26 10:51:30,Week 3,20,4 – 6 hours,2,2,Rarely,Google Gemini,1 – 3,2,Mobile-only access,2,2,False,,Slightly worse,YouTube,2026-01-12 20:18:58,Tamil Nadu,Private University,B.Tech,2nd Year,6.0 – 7.0,0 – 2 hours,"YouTube, ChatGPT / AI tools, College LMS",3,,,,,,,,
399,a0844c331d7454600df29956fea1f640e9035aa0e376172eded377ff472dedbe,2026-02-26 10:52:28,Week 3,30,4 – 6 hours,1,2,Rarely,"ChatGPT, Google Gemini, Microsoft Copilot, Claude",6 – 10,2,NaN,3,3,False,,Slightly worse,"YouTube, College LMS",2026-01-31 18:46:52,Karnataka,Central University,B.Sc,1st Year,7.0 – 8.0,2 – 4 hours,"NPTEL / SWAYAM, Coursera / Udemy / edX, ChatGPT / AI tools, College LMS, WhatsApp / Telegram, Physical notes",6,,,,,,,,
400,384ceb85e96e6aa2ecda396e81a782b00f64a547b8639cec5570f556cec3c71d,2026-02-26 10:53:22,Week 3,20,2 – 4 hours,2,3,Rarely,"ChatGPT, Google Gemini",1 – 3,3,NaN,2,2,False,,Slightly worse,YouTube,2026-02-23 10:05:39,Kerala,Private University,B.Com,2nd Year,8.0 – 9.0,4 – 6 hours,"NPTEL / SWAYAM, Coursera / Udemy / edX, College LMS, Physical notes",4,,,,,,,,
401,b9c03c59028b4485073ac377b7c14dfe728898b0dccd931ebc2eea5d5b1d746a,2026-02-26 10:54:35,Week 3,20,2 – 4 hours,1,1,Never,ChatGPT,1 – 3,2,NaN,2,2,False,,Much worse,YouTube,2025-12-27 14:52:29,Tamil Nadu,Central University,B.Tech,3rd Year,8.0 – 9.0,2 – 4 hours,"ChatGPT / AI tools, College LMS, WhatsApp / Telegram",3,,,,,,,,
402,9f7b57d47f3cd447af0a85a35c1ce5b1287d471159595088cd7493a849b93059,2026-02-26 10:56:13,Week 3,10,0 – 2 hours,1,1,Never,NaN,0,1,NaN,1,1,False,,Much worse,NaN,2026-02-02 12:38:26,Punjab,Central University,B.Tech,1st Year,6.0 – 7.0,4 – 6 hours,"YouTube, NPTEL / SWAYAM, Coursera / Udemy / edX, ChatGPT / AI tools, College LMS, WhatsApp / Telegram",6,,,,,,,,
403,b7c45e43b3e4defcfa15c66053995acfb95306f516892ea504b4a561e64a85b9,2026-02-26 10:56:57,Week 3,8,2 – 4 hours,1,1,Never,ChatGPT,1 – 3,2,Poor internet,2,2,False,,Much worse,NPTEL / SWAYAM,2026-01-31 18:40:13,Tamil Nadu,IIT / NIT,B.Sc,2nd Year,6.0 – 7.0,0 – 2 hours,"YouTube, NPTEL / SWAYAM, ChatGPT / AI tools",3,,,,,,,,
404,f8041b50a2c1379ae1a539104ac8cfff2e7475d9225620826e59c80d286afe76,2026-02-26 10:57:55,Week 3,19,2 – 4 hours,2,2,Rarely,Google Gemini,0,1,Mobile-only access,2,1,False,,Slightly worse,YouTube,2026-01-31 18:25:54,Andhra Pradesh,Private University,B.Sc,3rd Year,7.0 – 8.0,0 – 2 hours,"YouTube, NPTEL / SWAYAM, Notion / Anki / Obsidian, College LMS, WhatsApp / Telegram",5,,,,,,,,
405,b9c03c59028b4485073ac377b7c14dfe728898b0dccd931ebc2eea5d5b1d746a,2026-02-26 10:58:59,Week 3,10,2 – 4 hours,1,2,Rarely,Google Gemini,3 – 6,1,Poor internet,1,2,False,,Much worse,YouTube,2025-12-27 14:52:29,Tamil Nadu,Central University,B.Tech,3rd Year,8.0 – 9.0,2 – 4 hours,"ChatGPT / AI tools, College LMS, WhatsApp / Telegram",3,,,,,,,,
406,32b68dc8923730efba7e69129bcc4d5555495cc9359174e99e3d50570ce6de44,2026-02-26 10:59:46,Week 3,20,2 – 4 hours,3,2,Rarely,Google Gemini,0,2,Poor internet,1,2,False,,Much worse,YouTube,2026-01-31 14:55:58,Kerala,State University,B.Sc,1st Year,7.0 – 8.0,0 – 2 hours,"YouTube, ChatGPT / AI tools, College LMS, WhatsApp / Telegram",4,,,,,,,,
407,d2db0cecaf1edf2f34e8fcb492052acd27453600c6cc493e25700d9c3b289761,2026-02-26 11:01:22,Week 3,10,0 – 2 hours,2,1,Rarely,ChatGPT,1 – 3,3,NaN,2,2,False,,Slightly worse,YouTube,2026-02-02 12:56:07,Uttar Pradesh,IIT / NIT,Other,2nd Year,Prefer not to say,2 – 4 hours,"YouTube, Coursera / Udemy / edX",2,,,,,,,,
408,9c37b8db9c39e670e8422cf5afe252221762450c6f3d1f72c8ef3cdfe0a584e6,2026-02-26 11:02:50,Week 3,6,0 – 2 hours,1,1,Never,ChatGPT,1 – 3,1,Poor internet,2,1,False,,Much worse,YouTube,2026-02-23 10:10:44,Tamil Nadu,State University,B.Sc,2nd Year,7.0 – 8.0,2 – 4 hours,"YouTube, NPTEL / SWAYAM, Coursera / Udemy / edX, ChatGPT / AI tools, College LMS",5,,,,,,,,
409,ad04e596e1af01ab238040c91de85cefe7f49fb2aabec57135e928a5ee02305e,2026-02-26 11:03:53,Week 3,10,2 – 4 hours,1,1,Never,ChatGPT,1 – 3,2,NaN,1,2,False,,Much worse,YouTube,2026-02-02 13:10:08,Karnataka,IIT / NIT,BBA,Others,7.0 – 8.0,2 – 4 hours,"YouTube, NPTEL / SWAYAM",2,,,,,,,,
410,ace8e293cc91c35e822f9101bc4e97d2ad904d1e130b4402fd6a6642f245665e,2026-02-26 11:05:33,Week 3,10,0 – 2 hours,1,1,Rarely,ChatGPT,1 – 3,1,NaN,2,1,False,,Much worse,YouTube,2026-02-23 10:12:43,Kerala,State University,B.Tech,2nd Year,6.0 – 7.0,0 – 2 hours,"NPTEL / SWAYAM, Notion / Anki / Obsidian",2,,,,,,,,
411,132137538b93be89ed6c9815b322a7a0f58530b8c229d1809265140f5cb8c398,2026-02-26 11:06:33,Week 3,10,2 – 4 hours,2,1,Rarely,Microsoft Copilot,1 – 3,2,Poor internet,2,2,False,,Much worse,YouTube,2026-01-13 19:44:22,Tamil Nadu,Deemed University,B.Tech,3rd Year,7.0 – 8.0,2 – 4 hours,"YouTube, ChatGPT / AI tools",2,,,,,,,,
412,8773494ab4b07b7f7350b8d37e960ba5d05e7caf5ffbb75a943c63465a604b7f,2026-02-26 11:07:47,Week 4,30,2 – 4 hours,2,3,Sometimes,"ChatGPT, Google Gemini, Microsoft Copilot",3 – 6,3,No quiet study space,3,2,False,,Slightly worse,"YouTube, College LMS",2026-01-31 18:47:34,Tamil Nadu,IIT / NIT,B.Tech,2nd Year,9.0+,4 – 6 hours,"YouTube, NPTEL / SWAYAM, Coursera / Udemy / edX, ChatGPT / AI tools, College LMS, WhatsApp / Telegram, Physical notes",7,,,,,,,,
413,132137538b93be89ed6c9815b322a7a0f58530b8c229d1809265140f5cb8c398,2026-02-26 11:08:33,Week 4,35,2 – 4 hours,3,3,Sometimes,"ChatGPT, Google Gemini, Microsoft Copilot, Claude",3 – 6,3,NaN,3,2,False,,Slightly better,"YouTube, Physical Notes",2026-01-13 19:44:22,Tamil Nadu,Deemed University,B.Tech,3rd Year,7.0 – 8.0,2 – 4 hours,"YouTube, ChatGPT / AI tools",2,,,,,,,,
414,ea6dc2fae8a61411b9d6de51699ca6787330c0036ffedddf4a649648fefe8732,2026-02-26 11:09:51,Week 4,43,4 – 6 hours,3,3,Sometimes,"ChatGPT, Google Gemini, Microsoft Copilot",3 – 6,2,NaN,3,2,False,,Slightly better,"YouTube, WhatsApp / Telegram (for study purposes)",2026-01-31 18:48:18,Andhra Pradesh,Private University,B.Tech,4th Year,7.0 – 8.0,2 – 4 hours,"YouTube, ChatGPT / AI tools, College LMS, WhatsApp / Telegram",4,,,,,,,,
415,bed0f2897fdcff9c379616ea83849b1ca59a967db6315c91cd8fcf4fcf4c7216,2026-02-26 11:10:57,Week 4,40,4 – 6 hours,3,3,Sometimes,"ChatGPT, Google Gemini, Microsoft Copilot, Claude",6 – 10,3,NaN,2,3,False,,Slightly better,"YouTube, WhatsApp / Telegram (for study purposes), Physical Notes",2026-01-31 18:46:23,Andhra Pradesh,State University,B.Sc,2nd Year,7.0 – 8.0,2 – 4 hours,"YouTube, NPTEL / SWAYAM, WhatsApp / Telegram",3,,,,,,,,
416,16a56bf3b362259b32e3bc7d18a95d94213241560809ad3c4d5ddba644365acb,2026-02-26 11:12:09,Week 4,30,4 – 6 hours,3,2,Often,"ChatGPT, Google Gemini, Microsoft Copilot, Claude, Perplexity AI",3 – 6,3,NaN,3,2,False,,Slightly better,"YouTube, College LMS",2026-02-19 13:19:58,Tamil Nadu,State University,B.Sc,2nd Year,8.0 – 9.0,2 – 4 hours,"YouTube, NPTEL / SWAYAM, Coursera / Udemy / edX, ChatGPT / AI tools, Notion / Anki / Obsidian",5,,,,,,,,
417,b319601b117de5d02e9d335f82997ad5d2c20f041b094bdd7a67411b8ad1543b,2026-02-26 11:13:04,Week 4,45,4 – 6 hours,3,3,Sometimes,"ChatGPT, Google Gemini, Microsoft Copilot",3 – 6,3,NaN,2,3,False,,Slightly better,"YouTube, WhatsApp / Telegram (for study purposes)",2026-01-31 11:34:19,Tamil Nadu,State University,B.Tech,4th Year,8.0 – 9.0,0 – 2 hours,"YouTube, ChatGPT / AI tools, WhatsApp / Telegram",3,,,,,,,,
418,ad04e596e1af01ab238040c91de85cefe7f49fb2aabec57135e928a5ee02305e,2026-02-26 11:13:57,Week 4,40,4 – 6 hours,4,3,Sometimes,"ChatGPT, Google Gemini, Microsoft Copilot",3 – 6,2,NaN,4,3,False,,Slightly better,YouTube,2026-02-02 13:10:08,Karnataka,IIT / NIT,BBA,Others,7.0 – 8.0,2 – 4 hours,"YouTube, NPTEL / SWAYAM",2,,,,,,,,
419,e14fc3506630213cf4dbb3dddf035e19aad46cfaf81f1761b7791f1f48a64d67,2026-02-26 11:14:45,Week 4,30,4 – 6 hours,2,4,Sometimes,"ChatGPT, Google Gemini, Microsoft Copilot",3 – 6,3,NaN,3,2,False,,Slightly better,"YouTube, Physical Notes",2026-02-02 12:45:31,Madhya Pradesh,Central University,B.Tech,3rd Year,8.0 – 9.0,2 – 4 hours,"ChatGPT / AI tools, WhatsApp / Telegram",2,,,,,,,,
420,3d83828233d057f5e1e37a4c9e784850077d6638768e69b0f6b5d4e5e2dfc994,2026-02-26 11:16:21,Week 4,20,2 – 4 hours,3,4,Sometimes,"ChatGPT, Google Gemini, Microsoft Copilot",3 – 6,3,NaN,2,3,False,,Slightly better,"YouTube, WhatsApp / Telegram (for study purposes)",2026-01-12 21:41:37,Tamil Nadu,Private University,B.Tech,3rd Year,8.0 – 9.0,0 – 2 hours,"YouTube, ChatGPT / AI tools",2,,,,,,,,
421,f90ab6deefe14d178606a393182b36cdc645169d692772666b9c29214c2a4e40,2026-02-26 11:17:11,Week 4,43,4 – 6 hours,3,3,Rarely,"ChatGPT, Google Gemini, Microsoft Copilot, Claude",3 – 6,2,NaN,3,3,False,,Slightly better,"NPTEL / SWAYAM, Physical Notes",2026-02-05 21:56:57,Telangana,Private University,B.Tech,3rd Year,7.0 – 8.0,0 – 2 hours,"ChatGPT / AI tools, WhatsApp / Telegram",2,,,,,,,,
422,a0844c331d7454600df29956fea1f640e9035aa0e376172eded377ff472dedbe,2026-02-26 11:18:19,Week 4,45,4 – 6 hours,4,3,Rarely,"ChatGPT, Google Gemini, Microsoft Copilot",3 – 6,3,NaN,2,3,False,,Slightly better,YouTube,2026-01-31 18:46:52,Karnataka,Central University,B.Sc,1st Year,7.0 – 8.0,2 – 4 hours,"NPTEL / SWAYAM, Coursera / Udemy / edX, ChatGPT / AI tools, College LMS, WhatsApp / Telegram, Physical notes",6,,,,,,,,
423,16a56bf3b362259b32e3bc7d18a95d94213241560809ad3c4d5ddba644365acb,2026-02-26 11:19:46,Week 4,42,4 – 6 hours,3,3,Sometimes,"ChatGPT, Google Gemini, Microsoft Copilot",6 – 10,2,NaN,3,3,False,,Slightly better,"YouTube, Physical Notes",2026-02-19 13:19:58,Tamil Nadu,State University,B.Sc,2nd Year,8.0 – 9.0,2 – 4 hours,"YouTube, NPTEL / SWAYAM, Coursera / Udemy / edX, ChatGPT / AI tools, Notion / Anki / Obsidian",5,,,,,,,,
424,86b1b7c8fd97ac6aa33f3f67e3c3652ee35ae2226cc4798385726481eea05f57,2026-02-26 11:20:45,Week 4,41,4 – 6 hours,3,2,Sometimes,"ChatGPT, Google Gemini, Microsoft Copilot, Claude",3 – 6,3,NaN,4,3,False,,Slightly better,"YouTube, Physical Notes",2026-01-31 18:50:27,Tamil Nadu,Central University,B.Tech,1st Year,7.0 – 8.0,0 – 2 hours,"YouTube, ChatGPT / AI tools, College LMS, WhatsApp / Telegram",4,,,,,,,,
425,e14fc3506630213cf4dbb3dddf035e19aad46cfaf81f1761b7791f1f48a64d67,2026-02-26 11:21:36,Week 4,46,4 – 6 hours,3,3,Sometimes,"ChatGPT, Google Gemini, Microsoft Copilot",6 – 10,3,NaN,3,3,False,,Slightly better,"YouTube, Physical Notes",2026-02-02 12:45:31,Madhya Pradesh,Central University,B.Tech,3rd Year,8.0 – 9.0,2 – 4 hours,"ChatGPT / AI tools, WhatsApp / Telegram",2,,,,,,,,
426,b7c45e43b3e4defcfa15c66053995acfb95306f516892ea504b4a561e64a85b9,2026-02-26 11:22:26,Week 4,35,4 – 6 hours,3,3,Rarely,"ChatGPT, Google Gemini, Microsoft Copilot, Claude",3 – 6,3,NaN,2,3,False,,Slightly better,College LMS,2026-01-31 18:40:13,Tamil Nadu,IIT / NIT,B.Sc,2nd Year,6.0 – 7.0,0 – 2 hours,"YouTube, NPTEL / SWAYAM, ChatGPT / AI tools",3,,,,,,,,
427,cf47f395a464caa7ab1da1745c2d650002296d75e8eac41561b430a83f4382f8,2026-02-26 11:23:50,Week 4,43,4 – 6 hours,3,2,Sometimes,"ChatGPT, Google Gemini, Microsoft Copilot, Claude",3 – 6,2,NaN,4,4,False,,Slightly better,"YouTube, Physical Notes",2026-01-31 18:49:58,Tamil Nadu,Central University,B.Sc,3rd Year,7.0 – 8.0,2 – 4 hours,"YouTube, NPTEL / SWAYAM, Coursera / Udemy / edX, ChatGPT / AI tools, Notion / Anki / Obsidian",5,,,,,,,,
428,0e155a1241bd00b2d588262223a52e0f8a911a4000092f096e6968dccae9e61b,2026-02-26 11:24:37,Week 4,35,4 – 6 hours,2,3,Rarely,"ChatGPT, Google Gemini, Microsoft Copilot",1 – 3,2,NaN,3,4,False,,Slightly worse,"YouTube, Physical Notes",2026-02-03 11:16:29,Tamil Nadu,IIT / NIT,B.Tech,4th Year,8.0 – 9.0,2 – 4 hours,"ChatGPT / AI tools, College LMS",2,,,,,,,,
429,ad04e596e1af01ab238040c91de85cefe7f49fb2aabec57135e928a5ee02305e,2026-02-26 11:26:41,Week 4,34,2 – 4 hours,2,3,Sometimes,"ChatGPT, Google Gemini, Microsoft Copilot, Claude, Perplexity AI",3 – 6,3,NaN,3,3,False,,Slightly better,"YouTube, Physical Notes",2026-02-02 13:10:08,Karnataka,IIT / NIT,BBA,Others,7.0 – 8.0,2 – 4 hours,"YouTube, NPTEL / SWAYAM",2,,,,,,,,
430,f72f420debc36def28125c58c71822ce49043914a9406e73923965f87c8cb669,2026-02-26 11:27:38,Week 4,35,4 – 6 hours,3,3,Sometimes,"ChatGPT, Google Gemini, Microsoft Copilot",3 – 6,3,NaN,2,2,False,,Slightly better,"YouTube, Physical Notes",2026-01-12 23:37:58,Karnataka,Private University,BA,3rd Year,8.0 – 9.0,0 – 2 hours,"YouTube, ChatGPT / AI tools, WhatsApp / Telegram, Physical notes only",4,,,,,,,,
431,522e39ae01bce33e97b085b9517a3680984adf0d38e718487e3314eb74127ab2,2026-02-26 11:28:27,Week 4,34,2 – 4 hours,2,2,Sometimes,"ChatGPT, Google Gemini, Microsoft Copilot",6 – 10,3,NaN,3,3,False,,Slightly worse,"YouTube, WhatsApp / Telegram (for study purposes)",2026-01-31 18:48:52,Tamil Nadu,State University,B.Tech,2nd Year,Below 6.0,0 – 2 hours,"YouTube, ChatGPT / AI tools, WhatsApp / Telegram",3,,,,,,,,
432,27d91473394ea1f8f97a8f1740492902f4ab1abbfe0b003e4536904eaba6dca0,2026-02-26 11:29:18,Week 4,35,4 – 6 hours,3,3,Rarely,"ChatGPT, Google Gemini, Microsoft Copilot, Claude",3 – 6,2,NaN,2,3,False,,Slightly better,"YouTube, Physical Notes",2026-01-31 18:43:28,Tamil Nadu,IIT / NIT,B.Tech,3rd Year,7.0 – 8.0,2 – 4 hours,"YouTube, NPTEL / SWAYAM, Coursera / Udemy / edX, ChatGPT / AI tools, Notion / Anki / Obsidian, College LMS, WhatsApp / Telegram, Physical notes",8,,,,,,,,
433,a091d9857e1b26dac9ad43d43de3cfab7f19df9cadb73e095b0b4a74a5e9bc3d,2026-02-26 11:30:03,Week 4,45,4 – 6 hours,3,2,Sometimes,"ChatGPT, Google Gemini, Microsoft Copilot",3 – 6,3,NaN,2,3,False,,Slightly worse,"YouTube, WhatsApp / Telegram (for study purposes)",2026-01-27 19:47:23,Tamil Nadu,Deemed University,B.Tech,4th Year,9.0+,0 – 2 hours,"YouTube, ChatGPT / AI tools, WhatsApp / Telegram",3,,,,,,,,
434,ef4aca4b5a9ddc8cfe1cda04eef5cb540a47e603dac29e3f59b7bdd1a387191d,2026-02-26 11:30:50,Week 4,45,4 – 6 hours,3,2,Sometimes,"ChatGPT, Google Gemini, Microsoft Copilot",6 – 10,2,NaN,2,3,False,,Slightly better,"YouTube, Physical Notes",2026-02-02 12:52:17,Maharashtra,Private University,B.Tech,Others,6.0 – 7.0,2 – 4 hours,"YouTube, ChatGPT / AI tools",2,,,,,,,,
435,bed0f2897fdcff9c379616ea83849b1ca59a967db6315c91cd8fcf4fcf4c7216,2026-02-26 11:31:43,Week 4,34,4 – 6 hours,3,3,Sometimes,"ChatGPT, Google Gemini, Microsoft Copilot, Claude, Perplexity AI",3 – 6,4,NaN,3,2,False,,Slightly better,"YouTube, Physical Notes",2026-01-31 18:46:23,Andhra Pradesh,State University,B.Sc,2nd Year,7.0 – 8.0,2 – 4 hours,"YouTube, NPTEL / SWAYAM, WhatsApp / Telegram",3,,,,,,,,
436,8ded4921661c4a18e633a572258dbd0f9a2c004f4aa3e9e2057a670d47566de6,2026-02-26 11:32:30,Week 4,45,4 – 6 hours,4,2,Sometimes,"ChatGPT, Google Gemini, Microsoft Copilot",3 – 6,3,NaN,2,3,False,,Slightly better,"YouTube, Physical Notes",2026-02-03 11:19:03,Kerala,Private University,B.Sc,3rd Year,Prefer not to say,2 – 4 hours,"NPTEL / SWAYAM, WhatsApp / Telegram, Physical notes",3,,,,,,,,
437,219d4ac6903fffab5ab1d64d6ed0b331adcc691f0e116fb7f62cefba91f7b0ec,2026-02-26 11:33:22,Week 4,46,4 – 6 hours,3,2,Sometimes,"ChatGPT, Google Gemini, Microsoft Copilot, QuillBot",3 – 6,3,NaN,2,2,False,,Slightly better,"YouTube, College LMS",2025-12-26 18:34:24,Andhra Pradesh,Private University,B.Tech,3rd Year,9.0+,0 – 2 hours,ChatGPT / AI tools,1,,,,,,,,
438,49c29b44c0f2dba949371e3de5aaea4ace47ef333c771bda5ab86551a01e7a7d,2026-02-26 11:34:07,Week 4,33,2 – 4 hours,3,2,Sometimes,"ChatGPT, Google Gemini, Microsoft Copilot, Grammarly, QuillBot",3 – 6,3,NaN,3,3,False,,Slightly better,"YouTube, College LMS",2026-02-02 12:49:39,Uttar Pradesh,Central University,B.Tech,Others,8.0 – 9.0,2 – 4 hours,"YouTube, ChatGPT / AI tools",2,,,,,,,,
439,a0844c331d7454600df29956fea1f640e9035aa0e376172eded377ff472dedbe,2026-02-26 11:34:51,Week 4,43,4 – 6 hours,3,2,Sometimes,"ChatGPT, Google Gemini, Grammarly, QuillBot",3 – 6,2,NaN,3,3,False,,Slightly better,"YouTube, WhatsApp / Telegram (for study purposes)",2026-01-31 18:46:52,Karnataka,Central University,B.Sc,1st Year,7.0 – 8.0,2 – 4 hours,"NPTEL / SWAYAM, Coursera / Udemy / edX, ChatGPT / AI tools, College LMS, WhatsApp / Telegram, Physical notes",6,,,,,,,,
440,9f7b57d47f3cd447af0a85a35c1ce5b1287d471159595088cd7493a849b93059,2026-02-26 11:35:36,Week 4,42,4 – 6 hours,3,3,Often,"ChatGPT, Google Gemini, GitHub Copilot",6 – 10,3,NaN,2,3,False,,Slightly better,"YouTube, WhatsApp / Telegram (for study purposes)",2026-02-02 12:38:26,Punjab,Central University,B.Tech,1st Year,6.0 – 7.0,4 – 6 hours,"YouTube, NPTEL / SWAYAM, Coursera / Udemy / edX, ChatGPT / AI tools, College LMS, WhatsApp / Telegram",6,,,,,,,,
441,cf47f395a464caa7ab1da1745c2d650002296d75e8eac41561b430a83f4382f8,2026-02-26 11:36:40,Week 4,46,4 – 6 hours,3,3,Rarely,"ChatGPT, Google Gemini, Microsoft Copilot, Claude, Perplexity AI, QuillBot, GitHub Copilot",3 – 6,3,NaN,3,3,False,,Slightly better,"YouTube, College LMS",2026-01-31 18:49:58,Tamil Nadu,Central University,B.Sc,3rd Year,7.0 – 8.0,2 – 4 hours,"YouTube, NPTEL / SWAYAM, Coursera / Udemy / edX, ChatGPT / AI tools, Notion / Anki / Obsidian",5,,,,,,,,
442,f5df30de694992a770d857d674587e781574c81ffc40be127f93b6a3d3a95f48,2026-02-26 11:37:27,Week 4,44,4 – 6 hours,3,3,Sometimes,"ChatGPT, Google Gemini, Microsoft Copilot",3 – 6,2,NaN,3,3,False,,Slightly better,"YouTube, WhatsApp / Telegram (for study purposes), Physical Notes",2026-02-23 10:05:11,Andhra Pradesh,State University,B.Sc,3rd Year,Prefer not to say,2 – 4 hours,"YouTube, Coursera / Udemy / edX, Notion / Anki / Obsidian, WhatsApp / Telegram, Physical notes",5,,,,,,,,
443,cf47f395a464caa7ab1da1745c2d650002296d75e8eac41561b430a83f4382f8,2026-02-26 11:38:16,Week 4,32,4 – 6 hours,2,2,Sometimes,"ChatGPT, Google Gemini, Microsoft Copilot",3 – 6,3,NaN,3,1,False,,Slightly better,"YouTube, Physical Notes",2026-01-31 18:49:58,Tamil Nadu,Central University,B.Sc,3rd Year,7.0 – 8.0,2 – 4 hours,"YouTube, NPTEL / SWAYAM, Coursera / Udemy / edX, ChatGPT / AI tools, Notion / Anki / Obsidian",5,,,,,,,,
444,e14fc3506630213cf4dbb3dddf035e19aad46cfaf81f1761b7791f1f48a64d67,2026-02-26 11:39:09,Week 4,43,4 – 6 hours,3,2,Sometimes,"ChatGPT, Google Gemini, Microsoft Copilot",1 – 3,2,NaN,2,2,False,,Slightly better,"YouTube, WhatsApp / Telegram (for study purposes)",2026-02-02 12:45:31,Madhya Pradesh,Central University,B.Tech,3rd Year,8.0 – 9.0,2 – 4 hours,"ChatGPT / AI tools, WhatsApp / Telegram",2,,,,,,,,
445,f8041b50a2c1379ae1a539104ac8cfff2e7475d9225620826e59c80d286afe76,2026-02-26 11:39:55,Week 4,44,4 – 6 hours,3,3,Rarely,"ChatGPT, Google Gemini, Microsoft Copilot",3 – 6,4,NaN,3,3,False,,Slightly better,"YouTube, WhatsApp / Telegram (for study purposes)",2026-01-31 18:25:54,Andhra Pradesh,Private University,B.Sc,3rd Year,7.0 – 8.0,0 – 2 hours,"YouTube, NPTEL / SWAYAM, Notion / Anki / Obsidian, College LMS, WhatsApp / Telegram",5,,,,,,,,
446,f72f420debc36def28125c58c71822ce49043914a9406e73923965f87c8cb669,2026-02-26 11:40:43,Week 4,44,4 – 6 hours,3,3,Sometimes,"ChatGPT, Google Gemini, Microsoft Copilot",3 – 6,3,NaN,3,2,False,,Slightly better,"YouTube, WhatsApp / Telegram (for study purposes)",2026-01-12 23:37:58,Karnataka,Private University,BA,3rd Year,8.0 – 9.0,0 – 2 hours,"YouTube, ChatGPT / AI tools, WhatsApp / Telegram, Physical notes only",4,,,,,,,,
447,ea6dc2fae8a61411b9d6de51699ca6787330c0036ffedddf4a649648fefe8732,2026-02-26 11:41:27,Week 4,33,2 – 4 hours,3,2,Sometimes,"ChatGPT, Google Gemini, Microsoft Copilot",3 – 6,2,NaN,4,1,False,,Slightly better,"YouTube, WhatsApp / Telegram (for study purposes)",2026-01-31 18:48:18,Andhra Pradesh,Private University,B.Tech,4th Year,7.0 – 8.0,2 – 4 hours,"YouTube, ChatGPT / AI tools, College LMS, WhatsApp / Telegram",4,,,,,,,,
448,32b68dc8923730efba7e69129bcc4d5555495cc9359174e99e3d50570ce6de44,2026-02-26 11:42:25,Week 4,47,4 – 6 hours,3,3,Rarely,"ChatGPT, Google Gemini, Microsoft Copilot",3 – 6,2,NaN,3,3,False,,Slightly better,"YouTube, WhatsApp / Telegram (for study purposes)",2026-01-31 14:55:58,Kerala,State University,B.Sc,1st Year,7.0 – 8.0,0 – 2 hours,"YouTube, ChatGPT / AI tools, College LMS, WhatsApp / Telegram",4,,,,,,,,
449,b9c03c59028b4485073ac377b7c14dfe728898b0dccd931ebc2eea5d5b1d746a,2026-02-26 11:43:07,Week 4,55,4 – 6 hours,3,4,Rarely,"ChatGPT, Google Gemini, Microsoft Copilot, Claude",6 – 10,3,NaN,3,3,False,,Slightly better,"YouTube, WhatsApp / Telegram (for study purposes)",2025-12-27 14:52:29,Tamil Nadu,Central University,B.Tech,3rd Year,8.0 – 9.0,2 – 4 hours,"ChatGPT / AI tools, College LMS, WhatsApp / Telegram",3,,,,,,,,
450,c4fc9686cc1b927682fbf989fe97901e479c7d5a214ce073d7cc6062f4682ed6,2026-02-26 11:44:03,Week 4,54,4 – 6 hours,3,3,Rarely,"ChatGPT, Google Gemini, Microsoft Copilot",1 – 3,4,NaN,3,3,False,,Slightly better,"YouTube, WhatsApp / Telegram (for study purposes)",2026-02-23 10:06:40,Andhra Pradesh,Private University,B.Com,3rd Year,6.0 – 7.0,0 – 2 hours,"Coursera / Udemy / edX, ChatGPT / AI tools, Notion / Anki / Obsidian, WhatsApp / Telegram",4,,,,,,,,
451,d2db0cecaf1edf2f34e8fcb492052acd27453600c6cc493e25700d9c3b289761,2026-02-26 11:45:19,Week 4,50,4 – 6 hours,3,3,Rarely,"ChatGPT, Google Gemini, Microsoft Copilot, Claude, Perplexity AI",1 – 3,2,NaN,3,4,False,,Slightly better,"YouTube, WhatsApp / Telegram (for study purposes), Physical Notes",2026-02-02 12:56:07,Uttar Pradesh,IIT / NIT,Other,2nd Year,Prefer not to say,2 – 4 hours,"YouTube, Coursera / Udemy / edX",2,,,,,,,,
452,384ceb85e96e6aa2ecda396e81a782b00f64a547b8639cec5570f556cec3c71d,2026-02-26 11:46:12,Week 4,33,2 – 4 hours,2,3,Sometimes,"ChatGPT, Google Gemini, Microsoft Copilot",3 – 6,2,NaN,4,3,False,,Slightly better,"YouTube, WhatsApp / Telegram (for study purposes), Physical Notes",2026-02-23 10:05:39,Kerala,Private University,B.Com,2nd Year,8.0 – 9.0,4 – 6 hours,"NPTEL / SWAYAM, Coursera / Udemy / edX, College LMS, Physical notes",4,,,,,,,,
453,ea6dc2fae8a61411b9d6de51699ca6787330c0036ffedddf4a649648fefe8732,2026-02-26 11:47:09,Week 4,44,4 – 6 hours,2,3,Rarely,"ChatGPT, Google Gemini, Microsoft Copilot, Claude",3 – 6,3,NaN,3,2,False,,Slightly better,"YouTube, Physical Notes",2026-01-31 18:48:18,Andhra Pradesh,Private University,B.Tech,4th Year,7.0 – 8.0,2 – 4 hours,"YouTube, ChatGPT / AI tools, College LMS, WhatsApp / Telegram",4,,,,,,,,
454,74d72de1f5b196019d5bbe209db2b90401f5ea949cebbdda60ac6b0f71acb482,2026-02-26 11:47:59,Week 4,44,4 – 6 hours,3,3,Often,"ChatGPT, Google Gemini, Microsoft Copilot, Claude",3 – 6,3,NaN,3,3,False,,Slightly better,"YouTube, WhatsApp / Telegram (for study purposes)",2026-02-02 12:43:28,Madhya Pradesh,Central University,B.Tech,2nd Year,6.0 – 7.0,2 – 4 hours,"YouTube, ChatGPT / AI tools",2,,,,,,,,
455,e14fc3506630213cf4dbb3dddf035e19aad46cfaf81f1761b7791f1f48a64d67,2026-02-26 11:48:57,Week 4,41,4 – 6 hours,3,2,Sometimes,"ChatGPT, Google Gemini, Microsoft Copilot, Claude",3 – 6,3,NaN,4,3,False,,Slightly better,"YouTube, WhatsApp / Telegram (for study purposes)",2026-02-02 12:45:31,Madhya Pradesh,Central University,B.Tech,3rd Year,8.0 – 9.0,2 – 4 hours,"ChatGPT / AI tools, WhatsApp / Telegram",2,,,,,,,,
456,9c37b8db9c39e670e8422cf5afe252221762450c6f3d1f72c8ef3cdfe0a584e6,2026-02-26 11:50:14,Week 4,33,2 – 4 hours,2,3,Rarely,"ChatGPT, Google Gemini, Microsoft Copilot",3 – 6,1,NaN,2,2,False,,Slightly better,"YouTube, College LMS",2026-02-23 10:10:44,Tamil Nadu,State University,B.Sc,2nd Year,7.0 – 8.0,2 – 4 hours,"YouTube, NPTEL / SWAYAM, Coursera / Udemy / edX, ChatGPT / AI tools, College LMS",5,,,,,,,,
457,f5df30de694992a770d857d674587e781574c81ffc40be127f93b6a3d3a95f48,2026-02-26 11:51:05,Week 4,44,4 – 6 hours,2,3,Sometimes,"ChatGPT, Google Gemini, Microsoft Copilot",3 – 6,3,NaN,2,2,False,,Slightly better,"YouTube, College LMS, WhatsApp / Telegram (for study purposes)",2026-02-23 10:05:11,Andhra Pradesh,State University,B.Sc,3rd Year,Prefer not to say,2 – 4 hours,"YouTube, Coursera / Udemy / edX, Notion / Anki / Obsidian, WhatsApp / Telegram, Physical notes",5,,,,,,,,
458,74d72de1f5b196019d5bbe209db2b90401f5ea949cebbdda60ac6b0f71acb482,2026-02-26 11:51:53,Week 4,43,4 – 6 hours,3,2,Sometimes,"ChatGPT, Google Gemini, Microsoft Copilot",3 – 6,2,NaN,3,2,False,,Slightly better,"YouTube, WhatsApp / Telegram (for study purposes)",2026-02-02 12:43:28,Madhya Pradesh,Central University,B.Tech,2nd Year,6.0 – 7.0,2 – 4 hours,"YouTube, ChatGPT / AI tools",2,,,,,,,,
459,794e3ecad2e18d7bce8d1013a9e08fe529cc63443905f9864cedec22f7a9459b,2026-02-26 11:52:52,Week 4,45,4 – 6 hours,2,2,Sometimes,"ChatGPT, QuillBot",3 – 6,3,NaN,3,3,False,,Slightly better,"YouTube, College LMS",2025-12-27 12:35:23,Tamil Nadu,Deemed University,B.Tech,3rd Year,6.0 – 7.0,0 – 2 hours,"YouTube, ChatGPT / AI tools",2,,,,,,,,
460,1ad669ada84e5263e09135c0723aae8e30fcb58819e440892efde165dd587a5e,2026-02-26 11:53:38,Week 4,44,2 – 4 hours,3,3,Rarely,"ChatGPT, Google Gemini, Microsoft Copilot, Claude",3 – 6,3,NaN,3,2,False,,Slightly better,"YouTube, WhatsApp / Telegram (for study purposes)",2026-02-03 11:18:21,Karnataka,State University,BBA,3rd Year,7.0 – 8.0,2 – 4 hours,"YouTube, Coursera / Udemy / edX",2,,,,,,,,
461,f90ab6deefe14d178606a393182b36cdc645169d692772666b9c29214c2a4e40,2026-02-26 16:28:05,Week 1,0,0 – 2 hours,1,1,Never,"ChatGPT, Google Gemini, Microsoft Copilot",1 – 3,4,Health / stress issues,1,2,False,,About the same,YouTube,2026-02-05 21:56:57,Telangana,Private University,B.Tech,3rd Year,7.0 – 8.0,0 – 2 hours,"ChatGPT / AI tools, WhatsApp / Telegram",2,,,,,,,,
462,ace8e293cc91c35e822f9101bc4e97d2ad904d1e130b4402fd6a6642f245665e,2026-03-01 20:17:48,Week 6,5,0 – 2 hours,4,1,Never,ChatGPT,3 – 6,4,NaN,4,4,False,,About the same,WhatsApp / Telegram (for study purposes),2026-02-23 10:12:43,Kerala,State University,B.Tech,2nd Year,6.0 – 7.0,0 – 2 hours,"NPTEL / SWAYAM, Notion / Anki / Obsidian",2,,,,,,,,
463,b319601b117de5d02e9d335f82997ad5d2c20f041b094bdd7a67411b8ad1543b,2026-03-05 16:57:48,Week 1,7,2 – 4 hours,2,2,Never,"ChatGPT, Google Gemini, Claude, QuillBot",3 – 6,2,"No quiet study space, Health / stress issues",2,2,False,70.0,Much worse,NaN,2026-01-31 11:34:19,Tamil Nadu,State University,B.Tech,4th Year,8.0 – 9.0,0 – 2 hours,"YouTube, ChatGPT / AI tools, WhatsApp / Telegram",3,,,,,,,,
464,48cdb835c278ac6b10eed195f85632896d3be15d20d75197a0b916b2395939a6,2026-03-05 16:58:48,Week 1,4,2 – 4 hours,3,3,Sometimes,"ChatGPT, Google Gemini",3 – 6,3,Mobile-only access,2,2,False,,Slightly worse,College LMS,2026-01-27 00:18:46,Telangana,IIT / NIT,B.Sc,3rd Year,7.0 – 8.0,0 – 2 hours,"YouTube, NPTEL / SWAYAM, ChatGPT / AI tools, WhatsApp / Telegram, Physical notes only",5,,,,,,,,
465,63c23cf4b390284f3ce1175699f5efa501022ba212fe21be99dc9e2d21deebbf,2026-03-05 16:59:42,Week 1,4,2 – 4 hours,3,2,Rarely,"ChatGPT, Google Gemini",1 – 3,2,"Poor internet, Mobile-only access",2,2,False,,Slightly worse,"NPTEL / SWAYAM, College LMS",2026-02-02 12:38:59,Rajasthan,State University,B.Sc,2nd Year,7.0 – 8.0,4 – 6 hours,"Coursera / Udemy / edX, ChatGPT / AI tools, Notion / Anki / Obsidian, College LMS, Physical notes",5,,,,,,,,
466,97b26b3698560201c1218be1d50871d93f4ae1f4a79deeb268b0ba686e43fdeb,2026-03-05 17:00:39,Week 1,3,2 – 4 hours,2,3,Rarely,"ChatGPT, Google Gemini",3 – 6,2,"Mobile-only access, No quiet study space",2,2,False,,Slightly worse,"YouTube, NPTEL / SWAYAM, Coursera / Udemy / edX",2025-12-26 07:18:01,Tamil Nadu,Deemed University,B.Tech,3rd Year,8.0 – 9.0,0 – 2 hours,"ChatGPT / AI tools, College LMS, WhatsApp / Telegram",3,,,,,,,,
467,a091d9857e1b26dac9ad43d43de3cfab7f19df9cadb73e095b0b4a74a5e9bc3d,2026-03-05 17:01:25,Week 1,3,2 – 4 hours,2,2,Rarely,"ChatGPT, Google Gemini",1 – 3,2,"Poor internet, Mobile-only access",2,2,False,,Slightly worse,"YouTube, NPTEL / SWAYAM, Coursera / Udemy / edX",2026-01-27 19:47:23,Tamil Nadu,Deemed University,B.Tech,4th Year,9.0+,0 – 2 hours,"YouTube, ChatGPT / AI tools, WhatsApp / Telegram",3,,,,,,,,
468,1ad669ada84e5263e09135c0723aae8e30fcb58819e440892efde165dd587a5e,2026-03-05 17:03:10,Week 2,6,2 – 4 hours,2,2,Sometimes,"ChatGPT, Google Gemini, Claude",3 – 6,3,"Poor internet, Mobile-only access, No quiet study space",3,3,False,,About the same,"YouTube, NPTEL / SWAYAM, College LMS",2026-02-03 11:18:21,Karnataka,State University,BBA,3rd Year,7.0 – 8.0,2 – 4 hours,"YouTube, Coursera / Udemy / edX",2,,,,,,,,
469,8773494ab4b07b7f7350b8d37e960ba5d05e7caf5ffbb75a943c63465a604b7f,2026-03-05 17:04:26,Week 2,13,2 – 4 hours,3,4,Often,"ChatGPT, Google Gemini",6 – 10,5,"No quiet study space, Health / stress issues, None",5,5,False,,Slightly better,"YouTube, NPTEL / SWAYAM",2026-01-31 18:47:34,Tamil Nadu,IIT / NIT,B.Tech,2nd Year,9.0+,4 – 6 hours,"YouTube, NPTEL / SWAYAM, Coursera / Udemy / edX, ChatGPT / AI tools, College LMS, WhatsApp / Telegram, Physical notes",7,,,,,,,,
470,a0844c331d7454600df29956fea1f640e9035aa0e376172eded377ff472dedbe,2026-03-05 17:05:29,Week 1,30,4 – 6 hours,4,4,Always,"ChatGPT, Claude, Canva AI",6 – 10,3,Health / stress issues,3,3,False,80.0,Slightly worse,YouTube,2026-01-31 18:46:52,Karnataka,Central University,B.Sc,1st Year,7.0 – 8.0,2 – 4 hours,"NPTEL / SWAYAM, Coursera / Udemy / edX, ChatGPT / AI tools, College LMS, WhatsApp / Telegram, Physical notes",6,,,,,,,,
471,ef4aca4b5a9ddc8cfe1cda04eef5cb540a47e603dac29e3f59b7bdd1a387191d,2026-03-05 17:06:14,Week 2,20,6+ hours,5,5,Often,"ChatGPT, Google Gemini",6 – 10,4,"Poor internet, Mobile-only access",4,4,False,,Slightly better,"YouTube, NPTEL / SWAYAM, Coursera / Udemy / edX",2026-02-02 12:52:17,Maharashtra,Private University,B.Tech,Others,6.0 – 7.0,2 – 4 hours,"YouTube, ChatGPT / AI tools",2,,,,,,,,
472,74d72de1f5b196019d5bbe209db2b90401f5ea949cebbdda60ac6b0f71acb482,2026-03-05 17:07:04,Week 2,20,6+ hours,5,5,Sometimes,"ChatGPT, Google Gemini, Microsoft Copilot, Claude",6 – 10,4,"Poor internet, Mobile-only access",5,5,False,,About the same,"YouTube, College LMS",2026-02-02 12:43:28,Madhya Pradesh,Central University,B.Tech,2nd Year,6.0 – 7.0,2 – 4 hours,"YouTube, ChatGPT / AI tools",2,,,,,,,,
473,ad04e596e1af01ab238040c91de85cefe7f49fb2aabec57135e928a5ee02305e,2026-03-05 17:07:50,Week 3,3,0 – 2 hours,2,1,Never,"ChatGPT, Google Gemini",1 – 3,1,Poor internet,1,1,False,,Much worse,College LMS,2026-02-02 13:10:08,Karnataka,IIT / NIT,BBA,Others,7.0 – 8.0,2 – 4 hours,"YouTube, NPTEL / SWAYAM",2,,,,,,,,
474,48cdb835c278ac6b10eed195f85632896d3be15d20d75197a0b916b2395939a6,2026-03-05 17:08:35,Week 3,2,0 – 2 hours,2,2,Rarely,Google Gemini,1 – 3,2,"Mobile-only access, No quiet study space",2,1,False,,Slightly worse,Coursera / Udemy / edX,2026-01-27 00:18:46,Telangana,IIT / NIT,B.Sc,3rd Year,7.0 – 8.0,0 – 2 hours,"YouTube, NPTEL / SWAYAM, ChatGPT / AI tools, WhatsApp / Telegram, Physical notes only",5,,,,,,,,
475,f8041b50a2c1379ae1a539104ac8cfff2e7475d9225620826e59c80d286afe76,2026-03-05 17:08:36,Week 1,39,4 – 6 hours,4,3,Sometimes,"ChatGPT, Claude",6 – 10,4,Poor internet,4,4,False,,Slightly better,"YouTube, College LMS",2026-01-31 18:25:54,Andhra Pradesh,Private University,B.Sc,3rd Year,7.0 – 8.0,0 – 2 hours,"YouTube, NPTEL / SWAYAM, Notion / Anki / Obsidian, College LMS, WhatsApp / Telegram",5,,,,,,,,
476,8ded4921661c4a18e633a572258dbd0f9a2c004f4aa3e9e2057a670d47566de6,2026-03-05 17:09:59,Week 3,5,0 – 2 hours,2,2,Rarely,Google Gemini,1 – 3,2,Poor internet,2,3,False,,Much worse,NPTEL / SWAYAM,2026-02-03 11:19:03,Kerala,Private University,B.Sc,3rd Year,Prefer not to say,2 – 4 hours,"NPTEL / SWAYAM, WhatsApp / Telegram, Physical notes",3,,,,,,,,
477,8773494ab4b07b7f7350b8d37e960ba5d05e7caf5ffbb75a943c63465a604b7f,2026-03-05 17:10:05,Week 1,22,4 – 6 hours,4,4,Never,"ChatGPT, Google Gemini",6 – 10,4,Poor internet,4,3,False,66.0,About the same,NPTEL / SWAYAM,2026-01-31 18:47:34,Tamil Nadu,IIT / NIT,B.Tech,2nd Year,9.0+,4 – 6 hours,"YouTube, NPTEL / SWAYAM, Coursera / Udemy / edX, ChatGPT / AI tools, College LMS, WhatsApp / Telegram, Physical notes",7,,,,,,,,
478,e9f047d3c2da21e5de56f3abab5c156cedf45843e25e1cc9c00e542a0848fb89,2026-03-05 17:11:27,Week 3,3,2 – 4 hours,1,2,Rarely,"Claude, QuillBot",1 – 3,3,"Poor internet, Mobile-only access, No quiet study space, Health / stress issues, None",2,2,False,,Slightly worse,"Notion / Anki / Obsidian, Physical Notes",2026-02-23 10:04:41,Andhra Pradesh,Central University,B.Tech,2nd Year,7.0 – 8.0,0 – 2 hours,"YouTube, NPTEL / SWAYAM, Coursera / Udemy / edX, Notion / Anki / Obsidian, WhatsApp / Telegram",5,,,,,,,,
479,8bfc27000534160835a23ec100f95667b3894c6b3e90a6027721d3322ad782dc,2026-03-05 17:11:45,Week 2,35,4 – 6 hours,4,4,Often,"ChatGPT, Perplexity AI",6 – 10,4,Mobile-only access,4,4,False,75.0,About the same,"YouTube, NPTEL / SWAYAM",2026-02-05 21:46:59,Telangana,Private University,B.Tech,3rd Year,9.0+,0 – 2 hours,"YouTube, ChatGPT / AI tools, Physical notes",3,,,,,,,,
480,7b5c4bd7d59556f437489bc9729a8c19655b90085e45e8dff621cf66913fc521,2026-03-05 17:13:19,Week 3,8,2 – 4 hours,2,3,Never,"ChatGPT, Google Gemini, Microsoft Copilot, Claude, Perplexity AI, Grammarly, QuillBot, Notion AI, Jasper AI, GitHub Copilot, Codeium, Replit AI, Tabnine, Canva AI, DALL·E, Midjourney, Adobe Firefly, Khanmigo (Khan Academy AI)",1 – 3,1,"Poor internet, Mobile-only access, No quiet study space, Health / stress issues",1,1,False,,Much worse,"YouTube, NPTEL / SWAYAM, Coursera / Udemy / edX, College LMS, Notion / Anki / Obsidian, WhatsApp / Telegram (for study purposes), Physical Notes",2026-02-23 10:13:22,Kerala,State University,B.Tech,3rd Year,Prefer not to say,2 – 4 hours,"YouTube, NPTEL / SWAYAM, Coursera / Udemy / edX, ChatGPT / AI tools, Notion / Anki / Obsidian, College LMS, WhatsApp / Telegram, Physical notes",8,,,,,,,,
481,97b26b3698560201c1218be1d50871d93f4ae1f4a79deeb268b0ba686e43fdeb,2026-03-05 17:14:13,Week 2,49,4 – 6 hours,5,4,Often,"ChatGPT, Google Gemini",6 – 10,4,"Poor internet, Health / stress issues",4,5,False,70.0,Much better,"YouTube, NPTEL / SWAYAM",2025-12-26 07:18:01,Tamil Nadu,Deemed University,B.Tech,3rd Year,8.0 – 9.0,0 – 2 hours,"ChatGPT / AI tools, College LMS, WhatsApp / Telegram",3,,,,,,,,
482,a091d9857e1b26dac9ad43d43de3cfab7f19df9cadb73e095b0b4a74a5e9bc3d,2026-03-05 17:14:43,Week 4,0,0 – 2 hours,4,1,Rarely,"ChatGPT, Google Gemini, Claude, Perplexity AI",3 – 6,3,"Poor internet, Mobile-only access, No quiet study space, Health / stress issues",2,1,False,,Much worse,"College LMS, Notion / Anki / Obsidian",2026-01-27 19:47:23,Tamil Nadu,Deemed University,B.Tech,4th Year,9.0+,0 – 2 hours,"YouTube, ChatGPT / AI tools, WhatsApp / Telegram",3,,,,,,,,
483,97b26b3698560201c1218be1d50871d93f4ae1f4a79deeb268b0ba686e43fdeb,2026-03-05 17:15:01,Week 2,55,4 – 6 hours,5,5,Always,"ChatGPT, Google Gemini",6 – 10,4,"Mobile-only access, No quiet study space",5,5,False,88.0,Much better,"YouTube, NPTEL / SWAYAM",2025-12-26 07:18:01,Tamil Nadu,Deemed University,B.Tech,3rd Year,8.0 – 9.0,0 – 2 hours,"ChatGPT / AI tools, College LMS, WhatsApp / Telegram",3,,,,,,,,
484,f90ab6deefe14d178606a393182b36cdc645169d692772666b9c29214c2a4e40,2026-03-05 17:15:53,Week 4,8,0 – 2 hours,3,2,Rarely,"ChatGPT, Claude",1 – 3,3,"Mobile-only access, No quiet study space",3,2,False,,Much worse,"YouTube, NPTEL / SWAYAM, Coursera / Udemy / edX, College LMS",2026-02-05 21:56:57,Telangana,Private University,B.Tech,3rd Year,7.0 – 8.0,0 – 2 hours,"ChatGPT / AI tools, WhatsApp / Telegram",2,,,,,,,,
603,b7c45e43b3e4defcfa15c66053995acfb95306f516892ea504b4a561e64a85b9,2026-02-26 10:07:56,Week 3,10,0 – 2 hours,1,1,Never,"ChatGPT, Google Gemini",1 – 3,2,NaN,1,1,False,,Much worse,"YouTube, College LMS",2026-01-31 18:40:13,Tamil Nadu,IIT / NIT,B.Sc,2nd Year,6.0 – 7.0,0 – 2 hours,"YouTube, NPTEL / SWAYAM, ChatGPT / AI tools",3,,,,,,,,
485,26234105c87439e0dc4fb999632d3a5406775cc0728c26840e4a6b26d071341b,2026-03-05 17:17:21,Week 4,14,0 – 2 hours,2,2,Rarely,"ChatGPT, Google Gemini",1 – 3,2,"Poor internet, Mobile-only access",2,2,False,,Much worse,"NPTEL / SWAYAM, Coursera / Udemy / edX, WhatsApp / Telegram (for study purposes)",2026-01-12 20:18:58,Tamil Nadu,Private University,B.Tech,2nd Year,6.0 – 7.0,0 – 2 hours,"YouTube, ChatGPT / AI tools, College LMS",3,,,,,,,,
486,522e39ae01bce33e97b085b9517a3680984adf0d38e718487e3314eb74127ab2,2026-03-05 17:18:14,Week 4,4,2 – 4 hours,2,2,Sometimes,"ChatGPT, Google Gemini, Microsoft Copilot",3 – 6,2,"Poor internet, Mobile-only access, No quiet study space",3,3,False,,Slightly worse,"YouTube, College LMS",2026-01-31 18:48:52,Tamil Nadu,State University,B.Tech,2nd Year,Below 6.0,0 – 2 hours,"YouTube, ChatGPT / AI tools, WhatsApp / Telegram",3,,,,,,,,
487,8773494ab4b07b7f7350b8d37e960ba5d05e7caf5ffbb75a943c63465a604b7f,2026-03-05 17:19:01,Week 4,10,2 – 4 hours,3,2,Never,"ChatGPT, Google Gemini, Microsoft Copilot, Claude",3 – 6,2,"Poor internet, Mobile-only access, No quiet study space, Health / stress issues",2,3,False,,Slightly worse,NaN,2026-01-31 18:47:34,Tamil Nadu,IIT / NIT,B.Tech,2nd Year,9.0+,4 – 6 hours,"YouTube, NPTEL / SWAYAM, Coursera / Udemy / edX, ChatGPT / AI tools, College LMS, WhatsApp / Telegram, Physical notes",7,,,,,,,,
488,e14fc3506630213cf4dbb3dddf035e19aad46cfaf81f1761b7791f1f48a64d67,2026-03-05 17:19:53,Week 3,70,6+ hours,5,5,Always,"ChatGPT, Google Gemini",10+,5,NaN,5,3,False,77.0,Slightly better,YouTube,2026-02-02 12:45:31,Madhya Pradesh,Central University,B.Tech,3rd Year,8.0 – 9.0,2 – 4 hours,"ChatGPT / AI tools, WhatsApp / Telegram",2,,,,,,,,
489,8bfc27000534160835a23ec100f95667b3894c6b3e90a6027721d3322ad782dc,2026-03-05 17:20:52,Week 4,59,6+ hours,5,5,Always,"ChatGPT, Google Gemini",10+,5,Health / stress issues,5,5,False,78.0,Much better,"YouTube, NPTEL / SWAYAM",2026-02-05 21:46:59,Telangana,Private University,B.Tech,3rd Year,9.0+,0 – 2 hours,"YouTube, ChatGPT / AI tools, Physical notes",3,,,,,,,,
490,74d72de1f5b196019d5bbe209db2b90401f5ea949cebbdda60ac6b0f71acb482,2026-03-05 17:21:43,Week 4,50,6+ hours,5,5,Sometimes,"ChatGPT, Google Gemini",10+,5,Poor internet,5,5,False,50.0,Slightly worse,YouTube,2026-02-02 12:43:28,Madhya Pradesh,Central University,B.Tech,2nd Year,6.0 – 7.0,2 – 4 hours,"YouTube, ChatGPT / AI tools",2,,,,,,,,
491,27d91473394ea1f8f97a8f1740492902f4ab1abbfe0b003e4536904eaba6dca0,2026-03-05 17:22:39,Week 4,3,0 – 2 hours,1,1,Never,ChatGPT,1 – 3,2,Poor internet,1,1,False,34.0,Much worse,YouTube,2026-01-31 18:43:28,Tamil Nadu,IIT / NIT,B.Tech,3rd Year,7.0 – 8.0,2 – 4 hours,"YouTube, NPTEL / SWAYAM, Coursera / Udemy / edX, ChatGPT / AI tools, Notion / Anki / Obsidian, College LMS, WhatsApp / Telegram, Physical notes",8,,,,,,,,
492,5e849a6892d6df48c1362529cab706d619efa96a172b3f715bc1f5ccd5ca61ec,2025-12-26 07:20:19,Week 1,18,0 – 2 hours,3,1,Often,"ChatGPT / AI tools, College LMS, WhatsApp / Telegram",6 – 10,4,"Poor internet, No quiet study space",3,4,False,70.0,About the same,NaN,2026-02-02 13:01:28,Uttar Pradesh,IIT / NIT,BA,Others,8.0 – 9.0,2 – 4 hours,"YouTube, ChatGPT / AI tools",2,,,,,,,,
493,3d83828233d057f5e1e37a4c9e784850077d6638768e69b0f6b5d4e5e2dfc994,2025-12-26 19:16:08,Week 1,0,6+ hours,5,1,Never,NaN,0,1,Poor internet,5,5,False,0.0,Much better,NaN,2026-01-12 21:41:37,Tamil Nadu,Private University,B.Tech,3rd Year,8.0 – 9.0,0 – 2 hours,"YouTube, ChatGPT / AI tools",2,,,,,,,,
494,2b17d11e7d9c1af7a7fed72e60e90a5ee797f0b6e0cc8645592f6fdc2ad13cd2,2025-12-27 12:32:17,Week 1,30,6+ hours,5,5,Always,"YouTube, NPTEL / SWAYAM, Coursera / Udemy / edX, ChatGPT / AI tools, Notion / Anki / Obsidian, College LMS, WhatsApp / Telegram, Physical notes only, None",3 – 6,5,No quiet study space,5,5,False,10.0,Much better,NaN,2026-01-31 18:51:00,Tamil Nadu,State University,B.Tech,1st Year,6.0 – 7.0,2 – 4 hours,"YouTube, Coursera / Udemy / edX, ChatGPT / AI tools, Notion / Anki / Obsidian, WhatsApp / Telegram",5,,,,,,,,
495,27d91473394ea1f8f97a8f1740492902f4ab1abbfe0b003e4536904eaba6dca0,2025-12-27 12:37:17,Week 1,3,0 – 2 hours,3,1,Rarely,"YouTube, ChatGPT / AI tools, Physical notes only",3 – 6,3,"Poor internet, No quiet study space, Health / stress issues",2,1,False,70.0,Slightly worse,NaN,2026-01-31 18:43:28,Tamil Nadu,IIT / NIT,B.Tech,3rd Year,7.0 – 8.0,2 – 4 hours,"YouTube, NPTEL / SWAYAM, Coursera / Udemy / edX, ChatGPT / AI tools, Notion / Anki / Obsidian, College LMS, WhatsApp / Telegram, Physical notes",8,,,,,,,,
496,c4fc9686cc1b927682fbf989fe97901e479c7d5a214ce073d7cc6062f4682ed6,2025-12-27 14:54:03,Week 1,10,0 – 2 hours,2,1,Rarely,"Coursera / Udemy / edX, ChatGPT / AI tools, College LMS, WhatsApp / Telegram",3 – 6,4,"Poor internet, Mobile-only access, Health / stress issues",5,5,False,50.0,About the same,NaN,2026-02-23 10:06:40,Andhra Pradesh,Private University,B.Com,3rd Year,6.0 – 7.0,0 – 2 hours,"Coursera / Udemy / edX, ChatGPT / AI tools, Notion / Anki / Obsidian, WhatsApp / Telegram",4,,,,,,,,
497,d2db0cecaf1edf2f34e8fcb492052acd27453600c6cc493e25700d9c3b289761,2025-12-29 14:24:18,Week 1,42,6+ hours,4,4,Often,"YouTube, Coursera / Udemy / edX, ChatGPT / AI tools, Notion / Anki / Obsidian, College LMS, WhatsApp / Telegram",6 – 10,5,NaN,5,3,False,85.0,Slightly better,NaN,2026-02-02 12:56:07,Uttar Pradesh,IIT / NIT,Other,2nd Year,Prefer not to say,2 – 4 hours,"YouTube, Coursera / Udemy / edX",2,,,,,,,,
498,26234105c87439e0dc4fb999632d3a5406775cc0728c26840e4a6b26d071341b,2026-01-12 20:21:27,Week 1,10,0 – 2 hours,3,1,Rarely,"ChatGPT, Google Gemini, Microsoft Copilot, Claude",3 – 6,3,"No quiet study space, Health / stress issues",3,5,False,85.0,About the same,"YouTube, College LMS, WhatsApp / Telegram (for study purposes), Physical Notes",2026-01-12 20:18:58,Tamil Nadu,Private University,B.Tech,2nd Year,6.0 – 7.0,0 – 2 hours,"YouTube, ChatGPT / AI tools, College LMS",3,,,,,,,,
499,16a56bf3b362259b32e3bc7d18a95d94213241560809ad3c4d5ddba644365acb,2026-01-12 20:23:04,Week 1,4,0 – 2 hours,3,2,Often,"ChatGPT, Google Gemini, Perplexity AI",1 – 3,4,"Poor internet, No quiet study space",3,2,False,77.0,About the same,"YouTube, Coursera / Udemy / edX, WhatsApp / Telegram (for study purposes)",2026-02-19 13:19:58,Tamil Nadu,State University,B.Sc,2nd Year,8.0 – 9.0,2 – 4 hours,"YouTube, NPTEL / SWAYAM, Coursera / Udemy / edX, ChatGPT / AI tools, Notion / Anki / Obsidian",5,,,,,,,,
500,ea6dc2fae8a61411b9d6de51699ca6787330c0036ffedddf4a649648fefe8732,2026-01-12 21:35:58,Week 1,5,2 – 4 hours,2,1,Rarely,"ChatGPT, Google Gemini, Microsoft Copilot, Perplexity AI, GitHub Copilot",3 – 6,3,"Poor internet, Mobile-only access, No quiet study space",3,3,False,50.0,Slightly worse,"YouTube, NPTEL / SWAYAM, WhatsApp / Telegram (for study purposes), Physical Notes",2026-01-31 18:48:18,Andhra Pradesh,Private University,B.Tech,4th Year,7.0 – 8.0,2 – 4 hours,"YouTube, ChatGPT / AI tools, College LMS, WhatsApp / Telegram",4,,,,,,,,
501,32b68dc8923730efba7e69129bcc4d5555495cc9359174e99e3d50570ce6de44,2026-01-12 21:44:30,Week 1,3,0 – 2 hours,1,1,Rarely,"ChatGPT, Google Gemini, Microsoft Copilot",1 – 3,3,NaN,2,2,False,,About the same,YouTube,2026-01-31 14:55:58,Kerala,State University,B.Sc,1st Year,7.0 – 8.0,0 – 2 hours,"YouTube, ChatGPT / AI tools, College LMS, WhatsApp / Telegram",4,,,,,,,,
502,2b17d11e7d9c1af7a7fed72e60e90a5ee797f0b6e0cc8645592f6fdc2ad13cd2,2026-01-12 22:33:54,Week 1,5,0 – 2 hours,3,2,Sometimes,"ChatGPT, Perplexity AI, Replit AI",3 – 6,4,Poor internet,3,3,False,,About the same,YouTube,2026-01-31 18:51:00,Tamil Nadu,State University,B.Tech,1st Year,6.0 – 7.0,2 – 4 hours,"YouTube, Coursera / Udemy / edX, ChatGPT / AI tools, Notion / Anki / Obsidian, WhatsApp / Telegram",5,,,,,,,,
503,0e155a1241bd00b2d588262223a52e0f8a911a4000092f096e6968dccae9e61b,2026-01-12 23:15:31,Week 1,2,0 – 2 hours,1,1,Never,"ChatGPT, Google Gemini",1 – 3,1,"Poor internet, No quiet study space",1,1,False,,Slightly worse,"YouTube, WhatsApp / Telegram (for study purposes), Physical Notes",2026-02-03 11:16:29,Tamil Nadu,IIT / NIT,B.Tech,4th Year,8.0 – 9.0,2 – 4 hours,"ChatGPT / AI tools, College LMS",2,,,,,,,,
504,74d72de1f5b196019d5bbe209db2b90401f5ea949cebbdda60ac6b0f71acb482,2026-01-13 19:46:14,Week 2,3,2 – 4 hours,3,3,Rarely,"ChatGPT, Perplexity AI",1 – 3,3,"No quiet study space, Health / stress issues",3,3,False,,About the same,"YouTube, College LMS, Notion / Anki / Obsidian",2026-02-02 12:43:28,Madhya Pradesh,Central University,B.Tech,2nd Year,6.0 – 7.0,2 – 4 hours,"YouTube, ChatGPT / AI tools",2,,,,,,,,
505,781a9f368166d71405348c3b65fa0645e7cab12d017be1e369eb8d7a5cd5fb1d,2026-01-16 12:27:49,Week 1,14,2 – 4 hours,2,2,Rarely,"ChatGPT, Perplexity AI",3 – 6,4,"Mobile-only access, No quiet study space",2,4,False,,Much worse,"YouTube, Notion / Anki / Obsidian, WhatsApp / Telegram (for study purposes)",2026-02-02 12:40:04,Maharashtra,IIT / NIT,B.Com,4th Year,7.0 – 8.0,2 – 4 hours,"YouTube, NPTEL / SWAYAM, Coursera / Udemy / edX, ChatGPT / AI tools, Notion / Anki / Obsidian, College LMS, WhatsApp / Telegram, Physical notes",8,,,,,,,,
506,3a16c6fa9dbc26f91e12cdd112bec4f2953a34f47097d3424e3f551bb022a684,2026-01-31 11:32:52,Week 1,5,0 – 2 hours,4,4,Often,"ChatGPT, Google Gemini, Claude, Perplexity AI, Notion AI, Replit AI, Canva AI, DALL·E",3 – 6,4,Health / stress issues,4,4,False,80.0,Slightly better,"YouTube, WhatsApp / Telegram (for study purposes)",2026-01-31 18:44:48,Tamil Nadu,Private University,BBA,1st Year,6.0 – 7.0,0 – 2 hours,"YouTube, Coursera / Udemy / edX, ChatGPT / AI tools, College LMS, WhatsApp / Telegram, Physical notes",6,,,,,,,,
507,e14fc3506630213cf4dbb3dddf035e19aad46cfaf81f1761b7791f1f48a64d67,2026-01-31 14:55:23,Week 1,60,4 – 6 hours,4,3,Sometimes,"ChatGPT, Microsoft Copilot, GitHub Copilot, Replit AI",3 – 6,3,"Poor internet, No quiet study space",3,3,False,,Slightly better,"YouTube, WhatsApp / Telegram (for study purposes), Physical Notes",2026-02-02 12:45:31,Madhya Pradesh,Central University,B.Tech,3rd Year,8.0 – 9.0,2 – 4 hours,"ChatGPT / AI tools, WhatsApp / Telegram",2,,,,,,,,
508,a0844c331d7454600df29956fea1f640e9035aa0e376172eded377ff472dedbe,2026-01-31 16:07:51,Week 1,20,0 – 2 hours,3,1,Never,Google Gemini,3 – 6,5,"Poor internet, No quiet study space",2,5,False,75.0,Slightly worse,"YouTube, Notion / Anki / Obsidian",2026-01-31 18:46:52,Karnataka,Central University,B.Sc,1st Year,7.0 – 8.0,2 – 4 hours,"NPTEL / SWAYAM, Coursera / Udemy / edX, ChatGPT / AI tools, College LMS, WhatsApp / Telegram, Physical notes",6,,,,,,,,
509,384ceb85e96e6aa2ecda396e81a782b00f64a547b8639cec5570f556cec3c71d,2026-01-31 16:39:48,Week 1,20,4 – 6 hours,3,3,Sometimes,"ChatGPT, Google Gemini",1 – 3,3,Health / stress issues,3,2,False,,Slightly worse,"YouTube, NPTEL / SWAYAM, WhatsApp / Telegram (for study purposes), Physical Notes",2026-02-23 10:05:39,Kerala,Private University,B.Com,2nd Year,8.0 – 9.0,4 – 6 hours,"NPTEL / SWAYAM, Coursera / Udemy / edX, College LMS, Physical notes",4,,,,,,,,
510,3a16c6fa9dbc26f91e12cdd112bec4f2953a34f47097d3424e3f551bb022a684,2026-01-31 17:56:30,Week 1,4,2 – 4 hours,1,1,Never,ChatGPT,1 – 3,3,Poor internet,1,1,False,,Much worse,Physical Notes,2026-01-31 18:44:48,Tamil Nadu,Private University,BBA,1st Year,6.0 – 7.0,0 – 2 hours,"YouTube, Coursera / Udemy / edX, ChatGPT / AI tools, College LMS, WhatsApp / Telegram, Physical notes",6,,,,,,,,
511,c4fc9686cc1b927682fbf989fe97901e479c7d5a214ce073d7cc6062f4682ed6,2026-01-31 18:23:25,Week 1,13,0 – 2 hours,1,1,Never,"ChatGPT, Google Gemini, Perplexity AI, Canva AI",6 – 10,3,"Poor internet, Mobile-only access, Health / stress issues",2,3,False,50.0,Slightly worse,"YouTube, College LMS, WhatsApp / Telegram (for study purposes), Physical Notes",2026-02-23 10:06:40,Andhra Pradesh,Private University,B.Com,3rd Year,6.0 – 7.0,0 – 2 hours,"Coursera / Udemy / edX, ChatGPT / AI tools, Notion / Anki / Obsidian, WhatsApp / Telegram",4,,,,,,,,
512,63c23cf4b390284f3ce1175699f5efa501022ba212fe21be99dc9e2d21deebbf,2026-01-31 18:55:41,Week 1,14,0 – 2 hours,1,1,Never,"ChatGPT, Google Gemini, Microsoft Copilot, Perplexity AI",3 – 6,3,"Poor internet, Mobile-only access",2,4,False,,Slightly worse,"YouTube, Coursera / Udemy / edX, College LMS, Physical Notes",2026-02-02 12:38:59,Rajasthan,State University,B.Sc,2nd Year,7.0 – 8.0,4 – 6 hours,"Coursera / Udemy / edX, ChatGPT / AI tools, Notion / Anki / Obsidian, College LMS, Physical notes",5,,,,,,,,
513,e14fc3506630213cf4dbb3dddf035e19aad46cfaf81f1761b7791f1f48a64d67,2026-01-31 18:57:01,Week 1,23,2 – 4 hours,3,3,Sometimes,"ChatGPT, Google Gemini, Microsoft Copilot, Claude, Perplexity AI, Grammarly, QuillBot, GitHub Copilot, Canva AI, Khanmigo (Khan Academy AI)",6 – 10,4,No quiet study space,3,3,False,70.0,About the same,"YouTube, NPTEL / SWAYAM, Coursera / Udemy / edX, College LMS, WhatsApp / Telegram (for study purposes), Physical Notes",2026-02-02 12:45:31,Madhya Pradesh,Central University,B.Tech,3rd Year,8.0 – 9.0,2 – 4 hours,"ChatGPT / AI tools, WhatsApp / Telegram",2,,,,,,,,
514,219d4ac6903fffab5ab1d64d6ed0b331adcc691f0e116fb7f62cefba91f7b0ec,2026-01-31 19:00:49,Week 1,26,2 – 4 hours,2,2,Sometimes,"ChatGPT, Google Gemini, Microsoft Copilot, Claude, Perplexity AI, Grammarly, Notion AI, GitHub Copilot, Codeium, Canva AI, DALL·E",3 – 6,3,"Poor internet, Mobile-only access",2,4,False,70.0,Slightly worse,"YouTube, NPTEL / SWAYAM, Coursera / Udemy / edX, College LMS, WhatsApp / Telegram (for study purposes), Physical Notes",2025-12-26 18:34:24,Andhra Pradesh,Private University,B.Tech,3rd Year,9.0+,0 – 2 hours,ChatGPT / AI tools,1,,,,,,,,
515,74d72de1f5b196019d5bbe209db2b90401f5ea949cebbdda60ac6b0f71acb482,2026-01-31 19:02:01,Week 1,22,2 – 4 hours,3,2,Rarely,"ChatGPT, Google Gemini, Microsoft Copilot, Claude, Perplexity AI, Grammarly, GitHub Copilot, Codeium, Replit AI, Tabnine, Canva AI",6 – 10,4,NaN,3,3,False,80.0,About the same,"YouTube, NPTEL / SWAYAM, Coursera / Udemy / edX, College LMS, WhatsApp / Telegram (for study purposes), Physical Notes",2026-02-02 12:43:28,Madhya Pradesh,Central University,B.Tech,2nd Year,6.0 – 7.0,2 – 4 hours,"YouTube, ChatGPT / AI tools",2,,,,,,,,
516,0e155a1241bd00b2d588262223a52e0f8a911a4000092f096e6968dccae9e61b,2026-01-31 19:04:48,Week 1,30,2 – 4 hours,3,3,Sometimes,"ChatGPT, Google Gemini, Microsoft Copilot, Claude, QuillBot, Notion AI, GitHub Copilot, Midjourney, Adobe Firefly, Khanmigo (Khan Academy AI)",6 – 10,4,"Poor internet, Health / stress issues",3,5,False,,Slightly worse,"YouTube, NPTEL / SWAYAM, Coursera / Udemy / edX, College LMS, WhatsApp / Telegram (for study purposes), Physical Notes",2026-02-03 11:16:29,Tamil Nadu,IIT / NIT,B.Tech,4th Year,8.0 – 9.0,2 – 4 hours,"ChatGPT / AI tools, College LMS",2,,,,,,,,
517,16a56bf3b362259b32e3bc7d18a95d94213241560809ad3c4d5ddba644365acb,2026-01-31 19:05:17,Week 1,60,4 – 6 hours,4,3,Rarely,"ChatGPT, Google Gemini",6 – 10,4,"No quiet study space, Health / stress issues",3,4,False,0.0,About the same,"YouTube, Physical Notes",2026-02-19 13:19:58,Tamil Nadu,State University,B.Sc,2nd Year,8.0 – 9.0,2 – 4 hours,"YouTube, NPTEL / SWAYAM, Coursera / Udemy / edX, ChatGPT / AI tools, Notion / Anki / Obsidian",5,,,,,,,,
518,d2db0cecaf1edf2f34e8fcb492052acd27453600c6cc493e25700d9c3b289761,2026-01-31 19:06:54,Week 1,50,4 – 6 hours,3,3,Often,"ChatGPT, Google Gemini, Microsoft Copilot, Claude, Perplexity AI, GitHub Copilot",6 – 10,5,"Poor internet, No quiet study space",2,5,False,75.0,About the same,"YouTube, College LMS, WhatsApp / Telegram (for study purposes), Physical Notes",2026-02-02 12:56:07,Uttar Pradesh,IIT / NIT,Other,2nd Year,Prefer not to say,2 – 4 hours,"YouTube, Coursera / Udemy / edX",2,,,,,,,,
519,63c23cf4b390284f3ce1175699f5efa501022ba212fe21be99dc9e2d21deebbf,2026-01-31 19:10:39,Week 1,40,4 – 6 hours,4,4,Sometimes,"ChatGPT, Google Gemini, Microsoft Copilot, Claude, Perplexity AI, Grammarly, Jasper AI, GitHub Copilot, Replit AI, Canva AI, Adobe Firefly, Khanmigo (Khan Academy AI)",6 – 10,5,NaN,3,3,False,80.0,Slightly better,"YouTube, NPTEL / SWAYAM, College LMS, WhatsApp / Telegram (for study purposes), Physical Notes",2026-02-02 12:38:59,Rajasthan,State University,B.Sc,2nd Year,7.0 – 8.0,4 – 6 hours,"Coursera / Udemy / edX, ChatGPT / AI tools, Notion / Anki / Obsidian, College LMS, Physical notes",5,,,,,,,,
520,3d83828233d057f5e1e37a4c9e784850077d6638768e69b0f6b5d4e5e2dfc994,2026-01-31 19:13:43,Week 1,50,6+ hours,3,2,Often,"ChatGPT, Google Gemini, Microsoft Copilot, Claude, Perplexity AI, Grammarly",3 – 6,4,No quiet study space,3,5,False,60.0,About the same,"YouTube, NPTEL / SWAYAM, Coursera / Udemy / edX, College LMS, WhatsApp / Telegram (for study purposes), Physical Notes",2026-01-12 21:41:37,Tamil Nadu,Private University,B.Tech,3rd Year,8.0 – 9.0,0 – 2 hours,"YouTube, ChatGPT / AI tools",2,,,,,,,,
521,b319601b117de5d02e9d335f82997ad5d2c20f041b094bdd7a67411b8ad1543b,2026-01-31 19:15:02,Week 1,45,4 – 6 hours,2,2,Rarely,"ChatGPT, Google Gemini, Microsoft Copilot, Claude, Perplexity AI, Grammarly, Codeium, Replit AI, Tabnine, Canva AI",10+,5,NaN,2,4,False,70.0,Slightly worse,"YouTube, Coursera / Udemy / edX, WhatsApp / Telegram (for study purposes), Physical Notes",2026-01-31 11:34:19,Tamil Nadu,State University,B.Tech,4th Year,8.0 – 9.0,0 – 2 hours,"YouTube, ChatGPT / AI tools, WhatsApp / Telegram",3,,,,,,,,
522,f8ecea41f5799921e46e5d82b8d41d92dba1fca7a66ca63506cc3c0aab382672,2026-01-31 19:16:03,Week 1,35,2 – 4 hours,2,1,Never,"ChatGPT, Google Gemini",3 – 6,3,"Poor internet, No quiet study space, Health / stress issues",2,5,False,50.0,Slightly worse,"YouTube, WhatsApp / Telegram (for study purposes), Physical Notes",2026-01-27 17:56:30,Uttar Pradesh,Central University,B.Tech,4th Year,7.0 – 8.0,4 – 6 hours,"YouTube, NPTEL / SWAYAM, Coursera / Udemy / edX, ChatGPT / AI tools, Notion / Anki / Obsidian",5,,,,,,,,
523,7b5c4bd7d59556f437489bc9729a8c19655b90085e45e8dff621cf66913fc521,2026-01-31 19:17:08,Week 1,49,6+ hours,3,2,Always,"ChatGPT, Google Gemini, Microsoft Copilot, Claude, Perplexity AI, Grammarly, Jasper AI",6 – 10,5,"Poor internet, No quiet study space, Health / stress issues",3,5,False,80.0,About the same,"YouTube, NPTEL / SWAYAM, WhatsApp / Telegram (for study purposes), Physical Notes",2026-02-23 10:13:22,Kerala,State University,B.Tech,3rd Year,Prefer not to say,2 – 4 hours,"YouTube, NPTEL / SWAYAM, Coursera / Udemy / edX, ChatGPT / AI tools, Notion / Anki / Obsidian, College LMS, WhatsApp / Telegram, Physical notes",8,,,,,,,,
524,b319601b117de5d02e9d335f82997ad5d2c20f041b094bdd7a67411b8ad1543b,2026-01-31 19:18:01,Week 1,60,6+ hours,4,2,Sometimes,"ChatGPT, Google Gemini, Microsoft Copilot, Claude, Perplexity AI, Grammarly, GitHub Copilot",6 – 10,5,No quiet study space,3,3,False,75.0,About the same,"YouTube, Coursera / Udemy / edX, College LMS, WhatsApp / Telegram (for study purposes), Physical Notes",2026-01-31 11:34:19,Tamil Nadu,State University,B.Tech,4th Year,8.0 – 9.0,0 – 2 hours,"YouTube, ChatGPT / AI tools, WhatsApp / Telegram",3,,,,,,,,
525,27d91473394ea1f8f97a8f1740492902f4ab1abbfe0b003e4536904eaba6dca0,2026-01-31 19:38:23,Week 1,30,2 – 4 hours,3,1,Sometimes,"ChatGPT, Microsoft Copilot, Claude, Perplexity AI, Notion AI",3 – 6,4,"Poor internet, No quiet study space, Health / stress issues",3,5,False,90.0,Slightly worse,"YouTube, WhatsApp / Telegram (for study purposes), Physical Notes",2026-01-31 18:43:28,Tamil Nadu,IIT / NIT,B.Tech,3rd Year,7.0 – 8.0,2 – 4 hours,"YouTube, NPTEL / SWAYAM, Coursera / Udemy / edX, ChatGPT / AI tools, Notion / Anki / Obsidian, College LMS, WhatsApp / Telegram, Physical notes",8,,,,,,,,
526,bed0f2897fdcff9c379616ea83849b1ca59a967db6315c91cd8fcf4fcf4c7216,2026-01-31 21:34:43,Week 1,2,0 – 2 hours,3,1,Sometimes,"ChatGPT, Google Gemini, Claude, Perplexity AI, Notion AI",1 – 3,4,"Poor internet, Mobile-only access, No quiet study space, Health / stress issues",3,5,False,80.0,Slightly worse,"YouTube, Notion / Anki / Obsidian, Physical Notes",2026-01-31 18:46:23,Andhra Pradesh,State University,B.Sc,2nd Year,7.0 – 8.0,2 – 4 hours,"YouTube, NPTEL / SWAYAM, WhatsApp / Telegram",3,,,,,,,,
527,8ded4921661c4a18e633a572258dbd0f9a2c004f4aa3e9e2057a670d47566de6,2026-01-31 21:35:59,Week 1,22,2 – 4 hours,4,4,Sometimes,"ChatGPT, Google Gemini, Perplexity AI",6 – 10,5,"Poor internet, Mobile-only access, Health / stress issues",4,5,False,,Much better,"YouTube, College LMS, Notion / Anki / Obsidian, WhatsApp / Telegram (for study purposes), Physical Notes",2026-02-03 11:19:03,Kerala,Private University,B.Sc,3rd Year,Prefer not to say,2 – 4 hours,"NPTEL / SWAYAM, WhatsApp / Telegram, Physical notes",3,,,,,,,,
528,b7c45e43b3e4defcfa15c66053995acfb95306f516892ea504b4a561e64a85b9,2026-02-01 20:06:39,Week 1,6,0 – 2 hours,4,1,Never,"ChatGPT, Google Gemini",3 – 6,5,Health / stress issues,5,4,False,80.0,About the same,"YouTube, WhatsApp / Telegram (for study purposes), Physical Notes",2026-01-31 18:40:13,Tamil Nadu,IIT / NIT,B.Sc,2nd Year,6.0 – 7.0,0 – 2 hours,"YouTube, NPTEL / SWAYAM, ChatGPT / AI tools",3,,,,,,,,
529,3a16c6fa9dbc26f91e12cdd112bec4f2953a34f47097d3424e3f551bb022a684,2026-02-02 00:28:33,Week 1,3,0 – 2 hours,1,1,Rarely,"ChatGPT, Google Gemini, Microsoft Copilot, Claude, Perplexity AI, Grammarly",1 – 3,4,"No quiet study space, Health / stress issues",1,4,False,,About the same,"YouTube, College LMS, WhatsApp / Telegram (for study purposes), Physical Notes",2026-01-31 18:44:48,Tamil Nadu,Private University,BBA,1st Year,6.0 – 7.0,0 – 2 hours,"YouTube, Coursera / Udemy / edX, ChatGPT / AI tools, College LMS, WhatsApp / Telegram, Physical notes",6,,,,,,,,
530,97b26b3698560201c1218be1d50871d93f4ae1f4a79deeb268b0ba686e43fdeb,2026-02-02 21:55:05,Week 1,12,2 – 4 hours,3,3,Rarely,"ChatGPT, Google Gemini, Claude, Canva AI",3 – 6,3,Mobile-only access,3,3,False,,About the same,"YouTube, Coursera / Udemy / edX",2025-12-26 07:18:01,Tamil Nadu,Deemed University,B.Tech,3rd Year,8.0 – 9.0,0 – 2 hours,"ChatGPT / AI tools, College LMS, WhatsApp / Telegram",3,,,,,,,,
531,5e849a6892d6df48c1362529cab706d619efa96a172b3f715bc1f5ccd5ca61ec,2026-02-03 10:30:21,Week 1,20,2 – 4 hours,3,1,Often,"ChatGPT, Google Gemini",10+,5,Health / stress issues,3,4,False,,About the same,YouTube,2026-02-02 13:01:28,Uttar Pradesh,IIT / NIT,BA,Others,8.0 – 9.0,2 – 4 hours,"YouTube, ChatGPT / AI tools",2,,,,,,,,
532,9c37b8db9c39e670e8422cf5afe252221762450c6f3d1f72c8ef3cdfe0a584e6,2026-02-03 10:38:09,Week 2,16,0 – 2 hours,5,5,Always,"ChatGPT, Google Gemini, Claude, Perplexity AI, GitHub Copilot",1 – 3,4,No quiet study space,4,4,False,85.0,Much better,"YouTube, Coursera / Udemy / edX, Physical Notes",2026-02-23 10:10:44,Tamil Nadu,State University,B.Sc,2nd Year,7.0 – 8.0,2 – 4 hours,"YouTube, NPTEL / SWAYAM, Coursera / Udemy / edX, ChatGPT / AI tools, College LMS",5,,,,,,,,
533,27d91473394ea1f8f97a8f1740492902f4ab1abbfe0b003e4536904eaba6dca0,2026-02-03 11:15:07,Week 2,9,0 – 2 hours,3,3,Sometimes,"Claude, Perplexity AI, Grammarly, QuillBot, GitHub Copilot",1 – 3,3,"Poor internet, Mobile-only access",3,3,False,,About the same,"Coursera / Udemy / edX, Notion / Anki / Obsidian",2026-01-31 18:43:28,Tamil Nadu,IIT / NIT,B.Tech,3rd Year,7.0 – 8.0,2 – 4 hours,"YouTube, NPTEL / SWAYAM, Coursera / Udemy / edX, ChatGPT / AI tools, Notion / Anki / Obsidian, College LMS, WhatsApp / Telegram, Physical notes",8,,,,,,,,
534,266344e1c50b449d6d5dbec5b4b1af3236f13cc0b97871acccf3da3697283f82,2026-02-03 11:16:33,Week 2,5,2 – 4 hours,3,2,Sometimes,"ChatGPT, Google Gemini",6 – 10,3,"Poor internet, Mobile-only access, No quiet study space, Health / stress issues",2,4,False,50.0,Slightly worse,"YouTube, WhatsApp / Telegram (for study purposes)",2026-01-16 12:24:26,Tamil Nadu,Private University,B.Tech,3rd Year,9.0+,2 – 4 hours,"YouTube, ChatGPT / AI tools, Notion / Anki / Obsidian, WhatsApp / Telegram",4,,,,,,,,
535,b319601b117de5d02e9d335f82997ad5d2c20f041b094bdd7a67411b8ad1543b,2026-02-03 11:57:11,Week 1,50,6+ hours,5,5,Often,"ChatGPT, Google Gemini, Perplexity AI, Midjourney, None",10+,5,Health / stress issues,5,5,False,,Slightly better,"YouTube, College LMS, WhatsApp / Telegram (for study purposes)",2026-01-31 11:34:19,Tamil Nadu,State University,B.Tech,4th Year,8.0 – 9.0,0 – 2 hours,"YouTube, ChatGPT / AI tools, WhatsApp / Telegram",3,,,,,,,,
536,f72f420debc36def28125c58c71822ce49043914a9406e73923965f87c8cb669,2026-02-03 11:58:01,Week 2,20,2 – 4 hours,3,3,Rarely,"ChatGPT, Google Gemini, Perplexity AI, Jasper AI",3 – 6,3,Mobile-only access,3,3,False,80.0,Slightly worse,"YouTube, College LMS, WhatsApp / Telegram (for study purposes)",2026-01-12 23:37:58,Karnataka,Private University,BA,3rd Year,8.0 – 9.0,0 – 2 hours,"YouTube, ChatGPT / AI tools, WhatsApp / Telegram, Physical notes only",4,,,,,,,,
537,219d4ac6903fffab5ab1d64d6ed0b331adcc691f0e116fb7f62cefba91f7b0ec,2026-02-03 12:00:28,Week 1,42,4 – 6 hours,4,4,Sometimes,"ChatGPT, Perplexity AI, Tabnine, Canva AI",1 – 3,4,NaN,4,4,False,,About the same,"YouTube, NPTEL / SWAYAM, Notion / Anki / Obsidian, Physical Notes",2025-12-26 18:34:24,Andhra Pradesh,Private University,B.Tech,3rd Year,9.0+,0 – 2 hours,ChatGPT / AI tools,1,,,,,,,,
538,27d91473394ea1f8f97a8f1740492902f4ab1abbfe0b003e4536904eaba6dca0,2026-02-03 12:05:44,Week 1,38,2 – 4 hours,3,2,Always,"Google Gemini, Perplexity AI, QuillBot, Codeium, Replit AI, Canva AI, Khanmigo (Khan Academy AI)",10+,4,"No quiet study space, None",3,3,False,,Much better,"YouTube, Coursera / Udemy / edX",2026-01-31 18:43:28,Tamil Nadu,IIT / NIT,B.Tech,3rd Year,7.0 – 8.0,2 – 4 hours,"YouTube, NPTEL / SWAYAM, Coursera / Udemy / edX, ChatGPT / AI tools, Notion / Anki / Obsidian, College LMS, WhatsApp / Telegram, Physical notes",8,,,,,,,,
539,132137538b93be89ed6c9815b322a7a0f58530b8c229d1809265140f5cb8c398,2026-02-03 12:20:13,Week 1,13,0 – 2 hours,3,4,Always,"ChatGPT, Microsoft Copilot, Claude, Grammarly, Notion AI, GitHub Copilot",3 – 6,3,Poor internet,2,3,False,70.0,About the same,"YouTube, NPTEL / SWAYAM, College LMS, WhatsApp / Telegram (for study purposes), Physical Notes",2026-01-13 19:44:22,Tamil Nadu,Deemed University,B.Tech,3rd Year,7.0 – 8.0,2 – 4 hours,"YouTube, ChatGPT / AI tools",2,,,,,,,,
540,b9c03c59028b4485073ac377b7c14dfe728898b0dccd931ebc2eea5d5b1d746a,2026-02-03 12:28:44,Week 1,20,0 – 2 hours,3,4,Always,"ChatGPT, Google Gemini, Microsoft Copilot, Claude, Perplexity AI, QuillBot, Canva AI",3 – 6,3,"Poor internet, Mobile-only access, No quiet study space",2,4,False,50.0,Slightly worse,"Coursera / Udemy / edX, WhatsApp / Telegram (for study purposes), Physical Notes",2025-12-27 14:52:29,Tamil Nadu,Central University,B.Tech,3rd Year,8.0 – 9.0,2 – 4 hours,"ChatGPT / AI tools, College LMS, WhatsApp / Telegram",3,,,,,,,,
541,8773494ab4b07b7f7350b8d37e960ba5d05e7caf5ffbb75a943c63465a604b7f,2026-02-03 12:29:41,Week 1,60,6+ hours,3,3,Rarely,"ChatGPT, Google Gemini, Microsoft Copilot, Claude, Perplexity AI, Grammarly, QuillBot, Replit AI, Tabnine, Canva AI, DALL·E, Midjourney",6 – 10,3,"Poor internet, Health / stress issues",3,5,False,90.0,Slightly better,"YouTube, NPTEL / SWAYAM, Coursera / Udemy / edX, College LMS",2026-01-31 18:47:34,Tamil Nadu,IIT / NIT,B.Tech,2nd Year,9.0+,4 – 6 hours,"YouTube, NPTEL / SWAYAM, Coursera / Udemy / edX, ChatGPT / AI tools, College LMS, WhatsApp / Telegram, Physical notes",7,,,,,,,,
542,ef4aca4b5a9ddc8cfe1cda04eef5cb540a47e603dac29e3f59b7bdd1a387191d,2026-02-03 12:42:02,Week 1,25,4 – 6 hours,4,3,Sometimes,"ChatGPT, Google Gemini, Perplexity AI",3 – 6,4,NaN,4,3,False,85.0,Slightly better,"YouTube, Coursera / Udemy / edX, Notion / Anki / Obsidian",2026-02-02 12:52:17,Maharashtra,Private University,B.Tech,Others,6.0 – 7.0,2 – 4 hours,"YouTube, ChatGPT / AI tools",2,,,,,,,,
543,a0844c331d7454600df29956fea1f640e9035aa0e376172eded377ff472dedbe,2026-02-03 12:43:56,Week 1,20,2 – 4 hours,2,2,Rarely,"Claude, Grammarly",1 – 3,2,Poor internet,2,4,False,75.0,Much worse,College LMS,2026-01-31 18:46:52,Karnataka,Central University,B.Sc,1st Year,7.0 – 8.0,2 – 4 hours,"NPTEL / SWAYAM, Coursera / Udemy / edX, ChatGPT / AI tools, College LMS, WhatsApp / Telegram, Physical notes",6,,,,,,,,
544,219d4ac6903fffab5ab1d64d6ed0b331adcc691f0e116fb7f62cefba91f7b0ec,2026-02-03 12:46:15,Week 1,15,2 – 4 hours,2,2,Never,"ChatGPT, Microsoft Copilot",0,3,Health / stress issues,3,5,False,,About the same,YouTube,2025-12-26 18:34:24,Andhra Pradesh,Private University,B.Tech,3rd Year,9.0+,0 – 2 hours,ChatGPT / AI tools,1,,,,,,,,
545,f8041b50a2c1379ae1a539104ac8cfff2e7475d9225620826e59c80d286afe76,2026-02-03 12:51:53,Week 1,35,6+ hours,5,4,Sometimes,"ChatGPT, Claude",6 – 10,5,"Mobile-only access, Health / stress issues",4,2,False,85.0,Slightly better,YouTube,2026-01-31 18:25:54,Andhra Pradesh,Private University,B.Sc,3rd Year,7.0 – 8.0,0 – 2 hours,"YouTube, NPTEL / SWAYAM, Notion / Anki / Obsidian, College LMS, WhatsApp / Telegram",5,,,,,,,,
546,522e39ae01bce33e97b085b9517a3680984adf0d38e718487e3314eb74127ab2,2026-02-03 12:53:19,Week 1,15,0 – 2 hours,2,1,Never,NaN,0,1,Poor internet,2,4,False,,About the same,"YouTube, Physical Notes",2026-01-31 18:48:52,Tamil Nadu,State University,B.Tech,2nd Year,Below 6.0,0 – 2 hours,"YouTube, ChatGPT / AI tools, WhatsApp / Telegram",3,,,,,,,,
547,266344e1c50b449d6d5dbec5b4b1af3236f13cc0b97871acccf3da3697283f82,2026-02-03 12:55:32,Week 1,25,2 – 4 hours,3,3,Often,ChatGPT,3 – 6,3,NaN,3,3,False,78.0,Slightly better,"YouTube, Coursera / Udemy / edX, College LMS",2026-01-16 12:24:26,Tamil Nadu,Private University,B.Tech,3rd Year,9.0+,2 – 4 hours,"YouTube, ChatGPT / AI tools, Notion / Anki / Obsidian, WhatsApp / Telegram",4,,,,,,,,
548,f8ecea41f5799921e46e5d82b8d41d92dba1fca7a66ca63506cc3c0aab382672,2026-02-03 17:14:22,Week 3,30,2 – 4 hours,3,2,Often,"ChatGPT, Google Gemini, GitHub Copilot",10+,5,Health / stress issues,4,5,False,,Slightly better,"YouTube, College LMS",2026-01-27 17:56:30,Uttar Pradesh,Central University,B.Tech,4th Year,7.0 – 8.0,4 – 6 hours,"YouTube, NPTEL / SWAYAM, Coursera / Udemy / edX, ChatGPT / AI tools, Notion / Anki / Obsidian",5,,,,,,,,
549,b319601b117de5d02e9d335f82997ad5d2c20f041b094bdd7a67411b8ad1543b,2026-02-05 21:45:35,Week 1,0,4 – 6 hours,3,3,Sometimes,"ChatGPT, Google Gemini, Claude, Perplexity AI, Canva AI",1 – 3,3,NaN,3,3,False,,About the same,"YouTube, NPTEL / SWAYAM, Coursera / Udemy / edX, College LMS, WhatsApp / Telegram (for study purposes)",2026-01-31 11:34:19,Tamil Nadu,State University,B.Tech,4th Year,8.0 – 9.0,0 – 2 hours,"YouTube, ChatGPT / AI tools, WhatsApp / Telegram",3,,,,,,,,
550,bed0f2897fdcff9c379616ea83849b1ca59a967db6315c91cd8fcf4fcf4c7216,2026-02-05 21:49:41,Week 1,10,0 – 2 hours,5,3,Sometimes,"ChatGPT, Google Gemini, Microsoft Copilot, Perplexity AI, GitHub Copilot, Canva AI, Khanmigo (Khan Academy AI)",1 – 3,3,"Poor internet, Mobile-only access, No quiet study space",3,5,False,94.0,Much better,"YouTube, NPTEL / SWAYAM, Coursera / Udemy / edX, College LMS, Notion / Anki / Obsidian, WhatsApp / Telegram (for study purposes), Physical Notes",2026-01-31 18:46:23,Andhra Pradesh,State University,B.Sc,2nd Year,7.0 – 8.0,2 – 4 hours,"YouTube, NPTEL / SWAYAM, WhatsApp / Telegram",3,,,,,,,,
551,7b5c4bd7d59556f437489bc9729a8c19655b90085e45e8dff621cf66913fc521,2026-02-05 21:53:36,Week 1,70,2 – 4 hours,1,1,Sometimes,ChatGPT,10+,3,NaN,2,1,False,,Slightly better,"YouTube, WhatsApp / Telegram (for study purposes)",2026-02-23 10:13:22,Kerala,State University,B.Tech,3rd Year,Prefer not to say,2 – 4 hours,"YouTube, NPTEL / SWAYAM, Coursera / Udemy / edX, ChatGPT / AI tools, Notion / Anki / Obsidian, College LMS, WhatsApp / Telegram, Physical notes",8,,,,,,,,
552,86b1b7c8fd97ac6aa33f3f67e3c3652ee35ae2226cc4798385726481eea05f57,2026-02-05 22:29:26,Week 1,0,0 – 2 hours,1,1,Never,"ChatGPT, Google Gemini, Microsoft Copilot",1 – 3,3,"Poor internet, Mobile-only access, No quiet study space, Health / stress issues",1,4,False,70.0,About the same,YouTube,2026-01-31 18:50:27,Tamil Nadu,Central University,B.Tech,1st Year,7.0 – 8.0,0 – 2 hours,"YouTube, ChatGPT / AI tools, College LMS, WhatsApp / Telegram",4,,,,,,,,
553,266344e1c50b449d6d5dbec5b4b1af3236f13cc0b97871acccf3da3697283f82,2026-02-08 10:09:09,Week 2,1,0 – 2 hours,4,1,Never,"ChatGPT, Google Gemini",3 – 6,5,NaN,5,5,False,,About the same,WhatsApp / Telegram (for study purposes),2026-01-16 12:24:26,Tamil Nadu,Private University,B.Tech,3rd Year,9.0+,2 – 4 hours,"YouTube, ChatGPT / AI tools, Notion / Anki / Obsidian, WhatsApp / Telegram",4,,,,,,,,
554,e9f047d3c2da21e5de56f3abab5c156cedf45843e25e1cc9c00e542a0848fb89,2026-02-16 08:39:48,Week 3,4,0 – 2 hours,3,1,Never,ChatGPT,6 – 10,4,NaN,4,3,False,,About the same,"YouTube, WhatsApp / Telegram (for study purposes)",2026-02-23 10:04:41,Andhra Pradesh,Central University,B.Tech,2nd Year,7.0 – 8.0,0 – 2 hours,"YouTube, NPTEL / SWAYAM, Coursera / Udemy / edX, Notion / Anki / Obsidian, WhatsApp / Telegram",5,,,,,,,,
555,caf626adf6b1139006e560ca8cc80b33ca449dfd93d89557b2b5dca8a09ea07f,2026-02-19 09:15:03,Week 2,6,0 – 2 hours,3,3,Rarely,"ChatGPT, Google Gemini, Claude",1 – 3,4,"Poor internet, No quiet study space",4,4,False,80.0,Slightly better,"YouTube, WhatsApp / Telegram (for study purposes), Physical Notes",2026-02-23 10:06:05,Karnataka,Private University,BA,3rd Year,7.0 – 8.0,2 – 4 hours,"YouTube, NPTEL / SWAYAM, Coursera / Udemy / edX, ChatGPT / AI tools, Notion / Anki / Obsidian, WhatsApp / Telegram",6,,,,,,,,
556,e8386eec4c2f671d625ec0a877e0c9af57a196443df6751cfd908bc4bb188c51,2026-02-19 09:18:05,Week 3,5,0 – 2 hours,2,2,Rarely,"ChatGPT, Google Gemini",1 – 3,2,"Poor internet, No quiet study space, Health / stress issues",2,4,False,60.0,Slightly worse,"NPTEL / SWAYAM, WhatsApp / Telegram (for study purposes), Physical Notes",2026-01-31 18:42:45,Kerala,State University,B.Com,2nd Year,Prefer not to say,2 – 4 hours,"YouTube, NPTEL / SWAYAM, Coursera / Udemy / edX, Notion / Anki / Obsidian, Physical notes",5,,,,,,,,
557,384ceb85e96e6aa2ecda396e81a782b00f64a547b8639cec5570f556cec3c71d,2026-02-19 09:19:09,Week 3,6,0 – 2 hours,3,3,Never,"ChatGPT, Google Gemini, Claude, Perplexity AI, GitHub Copilot",3 – 6,3,"Poor internet, No quiet study space",3,3,False,,About the same,"YouTube, Notion / Anki / Obsidian, WhatsApp / Telegram (for study purposes), Physical Notes",2026-02-23 10:05:39,Kerala,Private University,B.Com,2nd Year,8.0 – 9.0,4 – 6 hours,"NPTEL / SWAYAM, Coursera / Udemy / edX, College LMS, Physical notes",4,,,,,,,,
1938,132137538b93be89ed6c9815b322a7a0f58530b8c229d1809265140f5cb8c398,2025-12-26 19:16:08,Week 1,0,6+ hours,5,1,Never,NaN,0,1,Poor internet,5,5,False,0.0,Much better,NaN,2026-01-13 19:44:22,Tamil Nadu,Deemed University,B.Tech,3rd Year,7.0 – 8.0,2 – 4 hours,"YouTube, ChatGPT / AI tools",2,,,,,,,,
558,781a9f368166d71405348c3b65fa0645e7cab12d017be1e369eb8d7a5cd5fb1d,2026-02-19 09:20:04,Week 4,7,2 – 4 hours,3,4,Never,"ChatGPT, Google Gemini, Microsoft Copilot, Claude, Perplexity AI",1 – 3,3,Poor internet,3,4,False,,About the same,"YouTube, WhatsApp / Telegram (for study purposes), Physical Notes",2026-02-02 12:40:04,Maharashtra,IIT / NIT,B.Com,4th Year,7.0 – 8.0,2 – 4 hours,"YouTube, NPTEL / SWAYAM, Coursera / Udemy / edX, ChatGPT / AI tools, Notion / Anki / Obsidian, College LMS, WhatsApp / Telegram, Physical notes",8,,,,,,,,
559,97b26b3698560201c1218be1d50871d93f4ae1f4a79deeb268b0ba686e43fdeb,2026-02-19 09:21:21,Week 4,7,2 – 4 hours,3,3,Never,"ChatGPT, Google Gemini, GitHub Copilot",1 – 3,2,Health / stress issues,2,3,False,70.0,About the same,"YouTube, WhatsApp / Telegram (for study purposes), Physical Notes",2025-12-26 07:18:01,Tamil Nadu,Deemed University,B.Tech,3rd Year,8.0 – 9.0,0 – 2 hours,"ChatGPT / AI tools, College LMS, WhatsApp / Telegram",3,,,,,,,,
560,3d83828233d057f5e1e37a4c9e784850077d6638768e69b0f6b5d4e5e2dfc994,2026-02-19 09:22:29,Week 4,5,0 – 2 hours,1,1,Never,ChatGPT,1 – 3,2,Poor internet,2,2,False,,Slightly worse,YouTube,2026-01-12 21:41:37,Tamil Nadu,Private University,B.Tech,3rd Year,8.0 – 9.0,0 – 2 hours,"YouTube, ChatGPT / AI tools",2,,,,,,,,
561,32b68dc8923730efba7e69129bcc4d5555495cc9359174e99e3d50570ce6de44,2026-02-19 09:23:22,Week 4,8,2 – 4 hours,4,4,Never,"ChatGPT, Google Gemini, Microsoft Copilot, Claude, GitHub Copilot",3 – 6,4,Poor internet,4,4,False,60.0,Slightly better,"YouTube, WhatsApp / Telegram (for study purposes), Physical Notes",2026-01-31 14:55:58,Kerala,State University,B.Sc,1st Year,7.0 – 8.0,0 – 2 hours,"YouTube, ChatGPT / AI tools, College LMS, WhatsApp / Telegram",4,,,,,,,,
562,f8ecea41f5799921e46e5d82b8d41d92dba1fca7a66ca63506cc3c0aab382672,2026-02-22 21:39:27,Week 4,6,0 – 2 hours,5,1,Never,ChatGPT,3 – 6,4,Health / stress issues,3,3,False,80.0,Slightly worse,"WhatsApp / Telegram (for study purposes), Physical Notes",2026-01-27 17:56:30,Uttar Pradesh,Central University,B.Tech,4th Year,7.0 – 8.0,4 – 6 hours,"YouTube, NPTEL / SWAYAM, Coursera / Udemy / edX, ChatGPT / AI tools, Notion / Anki / Obsidian",5,,,,,,,,
563,3d83828233d057f5e1e37a4c9e784850077d6638768e69b0f6b5d4e5e2dfc994,2026-02-23 10:18:52,Week 1,20,2 – 4 hours,3,3,Sometimes,"ChatGPT, Google Gemini, Microsoft Copilot, Claude, Perplexity AI, Grammarly, GitHub Copilot",3 – 6,4,"Poor internet, Mobile-only access, No quiet study space, Health / stress issues",2,2,False,,About the same,"YouTube, NPTEL / SWAYAM, Coursera / Udemy / edX, College LMS, WhatsApp / Telegram (for study purposes)",2026-01-12 21:41:37,Tamil Nadu,Private University,B.Tech,3rd Year,8.0 – 9.0,0 – 2 hours,"YouTube, ChatGPT / AI tools",2,,,,,,,,
564,ef4aca4b5a9ddc8cfe1cda04eef5cb540a47e603dac29e3f59b7bdd1a387191d,2026-02-23 10:19:54,Week 1,30,2 – 4 hours,3,3,Often,"ChatGPT, Microsoft Copilot, Perplexity AI, Grammarly, QuillBot, Codeium, Tabnine",3 – 6,4,"Poor internet, No quiet study space, Health / stress issues, None",5,4,False,50.0,About the same,"NPTEL / SWAYAM, College LMS, Notion / Anki / Obsidian",2026-02-02 12:52:17,Maharashtra,Private University,B.Tech,Others,6.0 – 7.0,2 – 4 hours,"YouTube, ChatGPT / AI tools",2,,,,,,,,
565,a091d9857e1b26dac9ad43d43de3cfab7f19df9cadb73e095b0b4a74a5e9bc3d,2026-02-23 10:20:56,Week 1,35,4 – 6 hours,4,4,Often,"ChatGPT, Google Gemini, Microsoft Copilot, Perplexity AI, Grammarly, QuillBot",6 – 10,4,"Poor internet, No quiet study space, Health / stress issues",3,4,False,75.0,Slightly better,"YouTube, NPTEL / SWAYAM, Coursera / Udemy / edX, College LMS, Physical Notes",2026-01-27 19:47:23,Tamil Nadu,Deemed University,B.Tech,4th Year,9.0+,0 – 2 hours,"YouTube, ChatGPT / AI tools, WhatsApp / Telegram",3,,,,,,,,
566,9c37b8db9c39e670e8422cf5afe252221762450c6f3d1f72c8ef3cdfe0a584e6,2026-02-23 10:22:44,Week 1,30,4 – 6 hours,3,3,Sometimes,"ChatGPT, Google Gemini, Microsoft Copilot, Claude, Notion AI, GitHub Copilot, Codeium",3 – 6,4,"Mobile-only access, No quiet study space",2,3,False,,About the same,"NPTEL / SWAYAM, College LMS, Notion / Anki / Obsidian, WhatsApp / Telegram (for study purposes)",2026-02-23 10:10:44,Tamil Nadu,State University,B.Sc,2nd Year,7.0 – 8.0,2 – 4 hours,"YouTube, NPTEL / SWAYAM, Coursera / Udemy / edX, ChatGPT / AI tools, College LMS",5,,,,,,,,
567,384ceb85e96e6aa2ecda396e81a782b00f64a547b8639cec5570f556cec3c71d,2026-02-23 10:23:43,Week 1,40,4 – 6 hours,2,2,Never,"ChatGPT, Google Gemini, Microsoft Copilot, Claude, Perplexity AI, Grammarly, QuillBot, Notion AI, Jasper AI, GitHub Copilot, Codeium, Replit AI, Tabnine",3 – 6,3,No quiet study space,3,4,False,59.0,Slightly worse,"YouTube, NPTEL / SWAYAM, College LMS, Notion / Anki / Obsidian, WhatsApp / Telegram (for study purposes)",2026-02-23 10:05:39,Kerala,Private University,B.Com,2nd Year,8.0 – 9.0,4 – 6 hours,"NPTEL / SWAYAM, Coursera / Udemy / edX, College LMS, Physical notes",4,,,,,,,,
568,caf626adf6b1139006e560ca8cc80b33ca449dfd93d89557b2b5dca8a09ea07f,2026-02-23 10:35:09,Week 2,45,4 – 6 hours,4,2,Rarely,"ChatGPT, Google Gemini, Microsoft Copilot, Claude, Perplexity AI, Grammarly, Jasper AI, Tabnine, Canva AI, Adobe Firefly",6 – 10,4,Mobile-only access,4,4,False,80.0,Slightly better,"YouTube, Coursera / Udemy / edX, Notion / Anki / Obsidian, Physical Notes",2026-02-23 10:06:05,Karnataka,Private University,BA,3rd Year,7.0 – 8.0,2 – 4 hours,"YouTube, NPTEL / SWAYAM, Coursera / Udemy / edX, ChatGPT / AI tools, Notion / Anki / Obsidian, WhatsApp / Telegram",6,,,,,,,,
569,1dd2975d45d1e27948cae456e3827e3b50778c013fecee985fb0422f4a492ba2,2026-02-23 10:35:57,Week 2,50,4 – 6 hours,2,2,Rarely,"ChatGPT, Google Gemini, Microsoft Copilot, Claude, Grammarly, Jasper AI, Codeium, Replit AI, DALL·E, Adobe Firefly, Khanmigo (Khan Academy AI)",6 – 10,4,NaN,4,3,False,90.0,Slightly better,"YouTube, NPTEL / SWAYAM, Coursera / Udemy / edX, College LMS, Notion / Anki / Obsidian",2026-02-19 13:17:59,Andhra Pradesh,State University,B.Tech,2nd Year,7.0 – 8.0,6+ hours,"YouTube, NPTEL / SWAYAM, Coursera / Udemy / edX, ChatGPT / AI tools, Notion / Anki / Obsidian, College LMS, WhatsApp / Telegram, Physical notes",8,,,,,,,,
570,86b1b7c8fd97ac6aa33f3f67e3c3652ee35ae2226cc4798385726481eea05f57,2026-02-23 10:36:55,Week 2,60,6+ hours,3,3,Sometimes,"ChatGPT, Google Gemini, Microsoft Copilot, Claude, Grammarly, QuillBot, Jasper AI, Codeium, Tabnine, Canva AI, Adobe Firefly",10+,5,Health / stress issues,5,5,False,80.0,Slightly better,"YouTube, NPTEL / SWAYAM, Coursera / Udemy / edX, College LMS, Notion / Anki / Obsidian, WhatsApp / Telegram (for study purposes), Physical Notes",2026-01-31 18:50:27,Tamil Nadu,Central University,B.Tech,1st Year,7.0 – 8.0,0 – 2 hours,"YouTube, ChatGPT / AI tools, College LMS, WhatsApp / Telegram",4,,,,,,,,
571,f8041b50a2c1379ae1a539104ac8cfff2e7475d9225620826e59c80d286afe76,2026-02-23 10:37:44,Week 2,70,6+ hours,3,3,Sometimes,"ChatGPT, Google Gemini, Microsoft Copilot, Claude, Perplexity AI, Grammarly, QuillBot, Notion AI, Codeium, Replit AI, Canva AI, DALL·E, Midjourney, Adobe Firefly",6 – 10,4,"Poor internet, No quiet study space, Health / stress issues",5,4,False,,About the same,"YouTube, NPTEL / SWAYAM, Coursera / Udemy / edX, College LMS, Notion / Anki / Obsidian, WhatsApp / Telegram (for study purposes), Physical Notes",2026-01-31 18:25:54,Andhra Pradesh,Private University,B.Sc,3rd Year,7.0 – 8.0,0 – 2 hours,"YouTube, NPTEL / SWAYAM, Notion / Anki / Obsidian, College LMS, WhatsApp / Telegram",5,,,,,,,,
572,e8386eec4c2f671d625ec0a877e0c9af57a196443df6751cfd908bc4bb188c51,2026-02-23 10:38:39,Week 2,60,6+ hours,3,3,Often,"ChatGPT, Google Gemini, Microsoft Copilot, Claude, Perplexity AI, Grammarly, Jasper AI, GitHub Copilot, Canva AI",6 – 10,3,NaN,4,4,False,75.0,Much better,"YouTube, NPTEL / SWAYAM, Coursera / Udemy / edX, College LMS, Notion / Anki / Obsidian, WhatsApp / Telegram (for study purposes), Physical Notes",2026-01-31 18:42:45,Kerala,State University,B.Com,2nd Year,Prefer not to say,2 – 4 hours,"YouTube, NPTEL / SWAYAM, Coursera / Udemy / edX, Notion / Anki / Obsidian, Physical notes",5,,,,,,,,
573,7b5c4bd7d59556f437489bc9729a8c19655b90085e45e8dff621cf66913fc521,2026-02-23 10:40:54,Week 2,70,6+ hours,4,1,Often,"ChatGPT, Google Gemini, Microsoft Copilot, Claude, Perplexity AI, Grammarly, QuillBot, Notion AI, GitHub Copilot, DALL·E",10+,4,Health / stress issues,4,4,False,85.0,About the same,"YouTube, NPTEL / SWAYAM, Coursera / Udemy / edX, College LMS, Notion / Anki / Obsidian, WhatsApp / Telegram (for study purposes), Physical Notes",2026-02-23 10:13:22,Kerala,State University,B.Tech,3rd Year,Prefer not to say,2 – 4 hours,"YouTube, NPTEL / SWAYAM, Coursera / Udemy / edX, ChatGPT / AI tools, Notion / Anki / Obsidian, College LMS, WhatsApp / Telegram, Physical notes",8,,,,,,,,
574,49c29b44c0f2dba949371e3de5aaea4ace47ef333c771bda5ab86551a01e7a7d,2026-02-23 10:42:01,Week 2,65,6+ hours,4,2,Sometimes,"ChatGPT, Google Gemini, Microsoft Copilot, Claude, Perplexity AI, Grammarly, QuillBot, Notion AI, Codeium",6 – 10,4,Health / stress issues,3,3,False,70.0,Much better,"YouTube, NPTEL / SWAYAM, Coursera / Udemy / edX, College LMS, Notion / Anki / Obsidian, WhatsApp / Telegram (for study purposes), Physical Notes",2026-02-02 12:49:39,Uttar Pradesh,Central University,B.Tech,Others,8.0 – 9.0,2 – 4 hours,"YouTube, ChatGPT / AI tools",2,,,,,,,,
575,522e39ae01bce33e97b085b9517a3680984adf0d38e718487e3314eb74127ab2,2026-02-23 10:42:59,Week 2,55,6+ hours,5,5,Always,"ChatGPT, Google Gemini, Microsoft Copilot, Claude, Perplexity AI, Grammarly, QuillBot, Jasper AI, GitHub Copilot, Replit AI",10+,5,No quiet study space,5,5,False,80.0,Slightly better,"YouTube, NPTEL / SWAYAM, Coursera / Udemy / edX, College LMS, WhatsApp / Telegram (for study purposes)",2026-01-31 18:48:52,Tamil Nadu,State University,B.Tech,2nd Year,Below 6.0,0 – 2 hours,"YouTube, ChatGPT / AI tools, WhatsApp / Telegram",3,,,,,,,,
576,81ddebb1fc0e6b009a5655dea87854093d1374914f03d128e615c955c9007504,2026-02-23 10:44:12,Week 2,50,6+ hours,5,2,Sometimes,"ChatGPT, Google Gemini, Microsoft Copilot, Claude, Perplexity AI, Grammarly, Notion AI, Codeium, Tabnine, Canva AI",10+,5,Mobile-only access,5,4,False,66.0,Slightly worse,"YouTube, NPTEL / SWAYAM, Coursera / Udemy / edX, College LMS, Notion / Anki / Obsidian, WhatsApp / Telegram (for study purposes), Physical Notes",2026-01-12 20:20:23,Tamil Nadu,Private University,B.Tech,3rd Year,7.0 – 8.0,2 – 4 hours,"YouTube, ChatGPT / AI tools, WhatsApp / Telegram, Physical notes only",4,,,,,,,,
601,9c37b8db9c39e670e8422cf5afe252221762450c6f3d1f72c8ef3cdfe0a584e6,2026-02-26 10:04:30,Week 3,46,4 – 6 hours,3,3,Sometimes,"ChatGPT, Microsoft Copilot",3 – 6,2,NaN,3,2,False,,Slightly worse,"YouTube, College LMS, WhatsApp / Telegram (for study purposes), Physical Notes",2026-02-23 10:10:44,Tamil Nadu,State University,B.Sc,2nd Year,7.0 – 8.0,2 – 4 hours,"YouTube, NPTEL / SWAYAM, Coursera / Udemy / edX, ChatGPT / AI tools, College LMS",5,,,,,,,,
577,f8041b50a2c1379ae1a539104ac8cfff2e7475d9225620826e59c80d286afe76,2026-02-23 10:45:06,Week 2,60,6+ hours,5,3,Sometimes,"ChatGPT, Google Gemini, Microsoft Copilot, Claude, Perplexity AI, Grammarly, QuillBot, Notion AI, GitHub Copilot, Replit AI, Canva AI, Adobe Firefly",6 – 10,4,"Poor internet, No quiet study space",5,4,False,56.0,Much worse,"YouTube, NPTEL / SWAYAM, Coursera / Udemy / edX, College LMS, Notion / Anki / Obsidian, WhatsApp / Telegram (for study purposes), Physical Notes",2026-01-31 18:25:54,Andhra Pradesh,Private University,B.Sc,3rd Year,7.0 – 8.0,0 – 2 hours,"YouTube, NPTEL / SWAYAM, Notion / Anki / Obsidian, College LMS, WhatsApp / Telegram",5,,,,,,,,
578,f8041b50a2c1379ae1a539104ac8cfff2e7475d9225620826e59c80d286afe76,2026-02-23 10:46:14,Week 2,56,6+ hours,5,2,Sometimes,"ChatGPT, Google Gemini, Microsoft Copilot, Claude, Perplexity AI, Grammarly, QuillBot, Notion AI",10+,4,"Poor internet, Mobile-only access",3,3,False,60.0,Slightly worse,"YouTube, NPTEL / SWAYAM, Coursera / Udemy / edX, College LMS, Notion / Anki / Obsidian, WhatsApp / Telegram (for study purposes), Physical Notes",2026-01-31 18:25:54,Andhra Pradesh,Private University,B.Sc,3rd Year,7.0 – 8.0,0 – 2 hours,"YouTube, NPTEL / SWAYAM, Notion / Anki / Obsidian, College LMS, WhatsApp / Telegram",5,,,,,,,,
579,26234105c87439e0dc4fb999632d3a5406775cc0728c26840e4a6b26d071341b,2026-02-23 10:47:04,Week 2,60,4 – 6 hours,4,5,Sometimes,"ChatGPT, Google Gemini, Microsoft Copilot, Claude, Perplexity AI, Grammarly, QuillBot, Notion AI, Jasper AI",10+,5,Poor internet,5,5,False,75.0,About the same,"YouTube, College LMS, WhatsApp / Telegram (for study purposes), Physical Notes",2026-01-12 20:18:58,Tamil Nadu,Private University,B.Tech,2nd Year,6.0 – 7.0,0 – 2 hours,"YouTube, ChatGPT / AI tools, College LMS",3,,,,,,,,
580,0e155a1241bd00b2d588262223a52e0f8a911a4000092f096e6968dccae9e61b,2026-02-23 10:48:16,Week 2,45,4 – 6 hours,5,3,Often,"ChatGPT, Google Gemini, Claude, Perplexity AI, Grammarly",6 – 10,4,Poor internet,5,4,False,90.0,Slightly better,"YouTube, NPTEL / SWAYAM, College LMS, WhatsApp / Telegram (for study purposes)",2026-02-03 11:16:29,Tamil Nadu,IIT / NIT,B.Tech,4th Year,8.0 – 9.0,2 – 4 hours,"ChatGPT / AI tools, College LMS",2,,,,,,,,
581,8ded4921661c4a18e633a572258dbd0f9a2c004f4aa3e9e2057a670d47566de6,2026-02-23 10:49:33,Week 3,20,2 – 4 hours,2,2,Rarely,"ChatGPT, Google Gemini",3 – 6,3,Poor internet,2,2,False,,Slightly worse,"YouTube, WhatsApp / Telegram (for study purposes)",2026-02-03 11:19:03,Kerala,Private University,B.Sc,3rd Year,Prefer not to say,2 – 4 hours,"NPTEL / SWAYAM, WhatsApp / Telegram, Physical notes",3,,,,,,,,
582,e8386eec4c2f671d625ec0a877e0c9af57a196443df6751cfd908bc4bb188c51,2026-02-23 11:07:02,Week 3,40,4 – 6 hours,3,3,Sometimes,"ChatGPT, Google Gemini, Microsoft Copilot, Claude, Perplexity AI, Grammarly",3 – 6,2,NaN,3,3,False,,Slightly worse,"YouTube, College LMS, Notion / Anki / Obsidian",2026-01-31 18:42:45,Kerala,State University,B.Com,2nd Year,Prefer not to say,2 – 4 hours,"YouTube, NPTEL / SWAYAM, Coursera / Udemy / edX, Notion / Anki / Obsidian, Physical notes",5,,,,,,,,
583,7b5c4bd7d59556f437489bc9729a8c19655b90085e45e8dff621cf66913fc521,2026-02-23 11:07:50,Week 3,30,2 – 4 hours,2,2,Rarely,"ChatGPT, Google Gemini, Perplexity AI, Grammarly",1 – 3,2,NaN,3,3,False,,Slightly worse,"YouTube, NPTEL / SWAYAM, Coursera / Udemy / edX, College LMS",2026-02-23 10:13:22,Kerala,State University,B.Tech,3rd Year,Prefer not to say,2 – 4 hours,"YouTube, NPTEL / SWAYAM, Coursera / Udemy / edX, ChatGPT / AI tools, Notion / Anki / Obsidian, College LMS, WhatsApp / Telegram, Physical notes",8,,,,,,,,
584,f5df30de694992a770d857d674587e781574c81ffc40be127f93b6a3d3a95f48,2026-02-23 11:08:32,Week 3,30,4 – 6 hours,2,2,Sometimes,"ChatGPT, Google Gemini, Microsoft Copilot, Claude, Perplexity AI",1 – 3,2,Poor internet,2,2,False,,Much worse,"YouTube, NPTEL / SWAYAM, Coursera / Udemy / edX, College LMS",2026-02-23 10:05:11,Andhra Pradesh,State University,B.Sc,3rd Year,Prefer not to say,2 – 4 hours,"YouTube, Coursera / Udemy / edX, Notion / Anki / Obsidian, WhatsApp / Telegram, Physical notes",5,,,,,,,,
585,f72f420debc36def28125c58c71822ce49043914a9406e73923965f87c8cb669,2026-02-23 11:09:19,Week 3,30,2 – 4 hours,3,3,Sometimes,"ChatGPT, Google Gemini, Microsoft Copilot, Claude, Perplexity AI, QuillBot",1 – 3,3,NaN,3,3,False,,About the same,"YouTube, NPTEL / SWAYAM, Coursera / Udemy / edX, College LMS",2026-01-12 23:37:58,Karnataka,Private University,BA,3rd Year,8.0 – 9.0,0 – 2 hours,"YouTube, ChatGPT / AI tools, WhatsApp / Telegram, Physical notes only",4,,,,,,,,
586,e14fc3506630213cf4dbb3dddf035e19aad46cfaf81f1761b7791f1f48a64d67,2026-02-23 11:12:41,Week 3,20,2 – 4 hours,3,3,Sometimes,"ChatGPT, Google Gemini, Microsoft Copilot, Claude, Perplexity AI, Grammarly, QuillBot",1 – 3,3,Health / stress issues,2,2,False,,Slightly worse,"YouTube, NPTEL / SWAYAM, Coursera / Udemy / edX, College LMS, Notion / Anki / Obsidian",2026-02-02 12:45:31,Madhya Pradesh,Central University,B.Tech,3rd Year,8.0 – 9.0,2 – 4 hours,"ChatGPT / AI tools, WhatsApp / Telegram",2,,,,,,,,
587,bed0f2897fdcff9c379616ea83849b1ca59a967db6315c91cd8fcf4fcf4c7216,2026-02-23 11:13:20,Week 3,20,2 – 4 hours,2,2,Rarely,"ChatGPT, Google Gemini, Microsoft Copilot, Claude",1 – 3,2,NaN,3,2,False,,About the same,"YouTube, Coursera / Udemy / edX, Notion / Anki / Obsidian",2026-01-31 18:46:23,Andhra Pradesh,State University,B.Sc,2nd Year,7.0 – 8.0,2 – 4 hours,"YouTube, NPTEL / SWAYAM, WhatsApp / Telegram",3,,,,,,,,
588,bed0f2897fdcff9c379616ea83849b1ca59a967db6315c91cd8fcf4fcf4c7216,2026-02-23 11:14:00,Week 4,10,0 – 2 hours,1,1,Never,"ChatGPT, Google Gemini",1 – 3,2,Poor internet,1,1,False,,Much worse,"YouTube, Coursera / Udemy / edX",2026-01-31 18:46:23,Andhra Pradesh,State University,B.Sc,2nd Year,7.0 – 8.0,2 – 4 hours,"YouTube, NPTEL / SWAYAM, WhatsApp / Telegram",3,,,,,,,,
589,a0844c331d7454600df29956fea1f640e9035aa0e376172eded377ff472dedbe,2026-02-24 12:14:09,Week 2,50,6+ hours,4,4,Sometimes,"ChatGPT, Google Gemini, Microsoft Copilot, Claude, Grammarly, QuillBot, Notion AI, Midjourney, Adobe Firefly, Khanmigo (Khan Academy AI)",6 – 10,5,"Poor internet, Mobile-only access, Health / stress issues",3,3,False,60.0,About the same,"YouTube, NPTEL / SWAYAM, Coursera / Udemy / edX, College LMS, Notion / Anki / Obsidian, WhatsApp / Telegram (for study purposes)",2026-01-31 18:46:52,Karnataka,Central University,B.Sc,1st Year,7.0 – 8.0,2 – 4 hours,"NPTEL / SWAYAM, Coursera / Udemy / edX, ChatGPT / AI tools, College LMS, WhatsApp / Telegram, Physical notes",6,,,,,,,,
590,e14fc3506630213cf4dbb3dddf035e19aad46cfaf81f1761b7791f1f48a64d67,2026-02-24 12:16:26,Week 2,40,4 – 6 hours,3,3,Sometimes,"ChatGPT, Google Gemini, Microsoft Copilot, Claude, Perplexity AI, Grammarly, QuillBot, GitHub Copilot, Codeium",6 – 10,4,"Poor internet, Mobile-only access, No quiet study space",3,3,False,70.0,Slightly better,"YouTube, NPTEL / SWAYAM, Coursera / Udemy / edX, College LMS, Notion / Anki / Obsidian, Physical Notes",2026-02-02 12:45:31,Madhya Pradesh,Central University,B.Tech,3rd Year,8.0 – 9.0,2 – 4 hours,"ChatGPT / AI tools, WhatsApp / Telegram",2,,,,,,,,
591,f5df30de694992a770d857d674587e781574c81ffc40be127f93b6a3d3a95f48,2026-02-25 23:11:19,Week 3,4,2 – 4 hours,3,3,Sometimes,"ChatGPT, Microsoft Copilot, QuillBot",1 – 3,3,No quiet study space,3,3,False,,Slightly worse,YouTube,2026-02-23 10:05:11,Andhra Pradesh,State University,B.Sc,3rd Year,Prefer not to say,2 – 4 hours,"YouTube, Coursera / Udemy / edX, Notion / Anki / Obsidian, WhatsApp / Telegram, Physical notes",5,,,,,,,,
592,e9f047d3c2da21e5de56f3abab5c156cedf45843e25e1cc9c00e542a0848fb89,2026-02-26 00:09:17,Week 3,2,0 – 2 hours,2,2,Rarely,ChatGPT,1 – 3,2,Poor internet,2,2,False,,Slightly worse,NaN,2026-02-23 10:04:41,Andhra Pradesh,Central University,B.Tech,2nd Year,7.0 – 8.0,0 – 2 hours,"YouTube, NPTEL / SWAYAM, Coursera / Udemy / edX, Notion / Anki / Obsidian, WhatsApp / Telegram",5,,,,,,,,
593,a0844c331d7454600df29956fea1f640e9035aa0e376172eded377ff472dedbe,2026-02-26 00:14:22,Week 2,9,6+ hours,5,5,Often,"ChatGPT, Google Gemini, Claude",3 – 6,4,NaN,4,5,False,,Much better,"YouTube, WhatsApp / Telegram (for study purposes), Physical Notes",2026-01-31 18:46:52,Karnataka,Central University,B.Sc,1st Year,7.0 – 8.0,2 – 4 hours,"NPTEL / SWAYAM, Coursera / Udemy / edX, ChatGPT / AI tools, College LMS, WhatsApp / Telegram, Physical notes",6,,,,,,,,
594,81ddebb1fc0e6b009a5655dea87854093d1374914f03d128e615c955c9007504,2026-02-26 00:14:46,Week 1,68,4 – 6 hours,4,4,Often,"ChatGPT, Google Gemini, Microsoft Copilot, Claude, Perplexity AI",10+,5,NaN,4,4,False,,Slightly better,YouTube,2026-01-12 20:20:23,Tamil Nadu,Private University,B.Tech,3rd Year,7.0 – 8.0,2 – 4 hours,"YouTube, ChatGPT / AI tools, WhatsApp / Telegram, Physical notes only",4,,,,,,,,
595,e14fc3506630213cf4dbb3dddf035e19aad46cfaf81f1761b7791f1f48a64d67,2026-02-26 00:16:28,Week 2,68,6+ hours,5,5,Always,"ChatGPT, Google Gemini, Microsoft Copilot, Claude, Perplexity AI",10+,5,NaN,5,5,False,80.0,Much better,"YouTube, College LMS, WhatsApp / Telegram (for study purposes), Physical Notes",2026-02-02 12:45:31,Madhya Pradesh,Central University,B.Tech,3rd Year,8.0 – 9.0,2 – 4 hours,"ChatGPT / AI tools, WhatsApp / Telegram",2,,,,,,,,
596,e14fc3506630213cf4dbb3dddf035e19aad46cfaf81f1761b7791f1f48a64d67,2026-02-26 00:17:35,Week 3,50,4 – 6 hours,3,3,Sometimes,ChatGPT,3 – 6,4,NaN,2,2,False,,Slightly worse,YouTube,2026-02-02 12:45:31,Madhya Pradesh,Central University,B.Tech,3rd Year,8.0 – 9.0,2 – 4 hours,"ChatGPT / AI tools, WhatsApp / Telegram",2,,,,,,,,
597,8bfc27000534160835a23ec100f95667b3894c6b3e90a6027721d3322ad782dc,2026-02-26 00:18:16,Week 4,2,0 – 2 hours,2,2,Rarely,NaN,0,1,NaN,1,1,False,,Much worse,NaN,2026-02-05 21:46:59,Telangana,Private University,B.Tech,3rd Year,9.0+,0 – 2 hours,"YouTube, ChatGPT / AI tools, Physical notes",3,,,,,,,,
598,32b68dc8923730efba7e69129bcc4d5555495cc9359174e99e3d50570ce6de44,2026-02-26 00:18:30,Week 4,40,2 – 4 hours,3,3,Never,ChatGPT,1 – 3,3,NaN,3,1,False,,Much worse,YouTube,2026-01-31 14:55:58,Kerala,State University,B.Sc,1st Year,7.0 – 8.0,0 – 2 hours,"YouTube, ChatGPT / AI tools, College LMS, WhatsApp / Telegram",4,,,,,,,,
599,3a16c6fa9dbc26f91e12cdd112bec4f2953a34f47097d3424e3f551bb022a684,2026-02-26 09:56:15,Week 1,67,6+ hours,4,4,Often,"ChatGPT, Google Gemini, Microsoft Copilot, Claude, Perplexity AI",6 – 10,4,NaN,4,4,False,,Slightly better,"YouTube, College LMS, WhatsApp / Telegram (for study purposes), Physical Notes",2026-01-31 18:44:48,Tamil Nadu,Private University,BBA,1st Year,6.0 – 7.0,0 – 2 hours,"YouTube, Coursera / Udemy / edX, ChatGPT / AI tools, College LMS, WhatsApp / Telegram, Physical notes",6,,,,,,,,
600,48cdb835c278ac6b10eed195f85632896d3be15d20d75197a0b916b2395939a6,2026-02-26 09:57:57,Week 2,69,6+ hours,5,5,Always,"ChatGPT, Google Gemini, Microsoft Copilot, Claude, Perplexity AI, Canva AI",10+,5,NaN,5,5,False,80.0,Much better,"YouTube, College LMS, WhatsApp / Telegram (for study purposes), Physical Notes",2026-01-27 00:18:46,Telangana,IIT / NIT,B.Sc,3rd Year,7.0 – 8.0,0 – 2 hours,"YouTube, NPTEL / SWAYAM, ChatGPT / AI tools, WhatsApp / Telegram, Physical notes only",5,,,,,,,,
602,49c29b44c0f2dba949371e3de5aaea4ace47ef333c771bda5ab86551a01e7a7d,2026-02-26 10:05:56,Week 3,20,2 – 4 hours,2,2,Never,"ChatGPT, Google Gemini",1 – 3,2,NaN,2,1,False,,Slightly better,YouTube,2026-02-02 12:49:39,Uttar Pradesh,Central University,B.Tech,Others,8.0 – 9.0,2 – 4 hours,"YouTube, ChatGPT / AI tools",2,,,,,,,,
604,9f7b57d47f3cd447af0a85a35c1ce5b1287d471159595088cd7493a849b93059,2026-02-26 10:07:59,Week 3,17,6+ hours,3,3,Sometimes,"ChatGPT, Perplexity AI",6 – 10,4,NaN,4,3,False,,About the same,"YouTube, WhatsApp / Telegram (for study purposes), Physical Notes",2026-02-02 12:38:26,Punjab,Central University,B.Tech,1st Year,6.0 – 7.0,4 – 6 hours,"YouTube, NPTEL / SWAYAM, Coursera / Udemy / edX, ChatGPT / AI tools, College LMS, WhatsApp / Telegram",6,,,,,,,,
605,f72f420debc36def28125c58c71822ce49043914a9406e73923965f87c8cb669,2026-02-26 10:09:09,Week 3,15,0 – 2 hours,1,1,Never,"ChatGPT, Google Gemini",1 – 3,2,NaN,1,1,False,,Slightly worse,"YouTube, College LMS, Physical Notes",2026-01-12 23:37:58,Karnataka,Private University,BA,3rd Year,8.0 – 9.0,0 – 2 hours,"YouTube, ChatGPT / AI tools, WhatsApp / Telegram, Physical notes only",4,,,,,,,,
606,b319601b117de5d02e9d335f82997ad5d2c20f041b094bdd7a67411b8ad1543b,2026-02-26 10:10:18,Week 3,10,0 – 2 hours,1,1,Never,ChatGPT,1 – 3,2,NaN,1,1,False,,Much worse,YouTube,2026-01-31 11:34:19,Tamil Nadu,State University,B.Tech,4th Year,8.0 – 9.0,0 – 2 hours,"YouTube, ChatGPT / AI tools, WhatsApp / Telegram",3,,,,,,,,
607,16a56bf3b362259b32e3bc7d18a95d94213241560809ad3c4d5ddba644365acb,2026-02-26 10:11:24,Week 3,10,0 – 2 hours,2,2,Never,"ChatGPT, Google Gemini",1 – 3,1,NaN,2,1,False,,Much worse,YouTube,2026-02-19 13:19:58,Tamil Nadu,State University,B.Sc,2nd Year,8.0 – 9.0,2 – 4 hours,"YouTube, NPTEL / SWAYAM, Coursera / Udemy / edX, ChatGPT / AI tools, Notion / Anki / Obsidian",5,,,,,,,,
608,8ded4921661c4a18e633a572258dbd0f9a2c004f4aa3e9e2057a670d47566de6,2026-02-26 10:12:20,Week 3,10,2 – 4 hours,1,1,Never,ChatGPT,1 – 3,1,NaN,1,2,False,,Slightly worse,YouTube,2026-02-03 11:19:03,Kerala,Private University,B.Sc,3rd Year,Prefer not to say,2 – 4 hours,"NPTEL / SWAYAM, WhatsApp / Telegram, Physical notes",3,,,,,,,,
609,f8ecea41f5799921e46e5d82b8d41d92dba1fca7a66ca63506cc3c0aab382672,2026-02-26 10:13:20,Week 3,10,2 – 4 hours,1,1,Never,"ChatGPT, Google Gemini",1 – 3,2,NaN,2,1,False,,Slightly worse,YouTube,2026-01-27 17:56:30,Uttar Pradesh,Central University,B.Tech,4th Year,7.0 – 8.0,4 – 6 hours,"YouTube, NPTEL / SWAYAM, Coursera / Udemy / edX, ChatGPT / AI tools, Notion / Anki / Obsidian",5,,,,,,,,
610,c4fc9686cc1b927682fbf989fe97901e479c7d5a214ce073d7cc6062f4682ed6,2026-02-26 10:14:20,Week 3,10,0 – 2 hours,1,1,Never,ChatGPT,1 – 3,2,NaN,2,1,False,,Much worse,YouTube,2026-02-23 10:06:40,Andhra Pradesh,Private University,B.Com,3rd Year,6.0 – 7.0,0 – 2 hours,"Coursera / Udemy / edX, ChatGPT / AI tools, Notion / Anki / Obsidian, WhatsApp / Telegram",4,,,,,,,,
611,266344e1c50b449d6d5dbec5b4b1af3236f13cc0b97871acccf3da3697283f82,2026-02-26 10:14:42,Week 4,10,6+ hours,2,2,Sometimes,"ChatGPT, Google Gemini",3 – 6,4,No quiet study space,3,3,False,,About the same,"YouTube, Coursera / Udemy / edX",2026-01-16 12:24:26,Tamil Nadu,Private University,B.Tech,3rd Year,9.0+,2 – 4 hours,"YouTube, ChatGPT / AI tools, Notion / Anki / Obsidian, WhatsApp / Telegram",4,,,,,,,,
612,b319601b117de5d02e9d335f82997ad5d2c20f041b094bdd7a67411b8ad1543b,2026-02-26 10:15:38,Week 3,8,2 – 4 hours,1,1,Never,Google Gemini,1 – 3,1,NaN,1,1,False,,Slightly worse,YouTube,2026-01-31 11:34:19,Tamil Nadu,State University,B.Tech,4th Year,8.0 – 9.0,0 – 2 hours,"YouTube, ChatGPT / AI tools, WhatsApp / Telegram",3,,,,,,,,
613,7b5c4bd7d59556f437489bc9729a8c19655b90085e45e8dff621cf66913fc521,2026-02-26 10:17:37,Week 3,9,0 – 2 hours,1,2,Never,ChatGPT,1 – 3,1,NaN,1,1,False,,Slightly worse,YouTube,2026-02-23 10:13:22,Kerala,State University,B.Tech,3rd Year,Prefer not to say,2 – 4 hours,"YouTube, NPTEL / SWAYAM, Coursera / Udemy / edX, ChatGPT / AI tools, Notion / Anki / Obsidian, College LMS, WhatsApp / Telegram, Physical notes",8,,,,,,,,
614,16a56bf3b362259b32e3bc7d18a95d94213241560809ad3c4d5ddba644365acb,2026-02-26 10:18:30,Week 3,6,0 – 2 hours,1,1,Never,ChatGPT,1 – 3,1,NaN,1,1,False,,Much worse,YouTube,2026-02-19 13:19:58,Tamil Nadu,State University,B.Sc,2nd Year,8.0 – 9.0,2 – 4 hours,"YouTube, NPTEL / SWAYAM, Coursera / Udemy / edX, ChatGPT / AI tools, Notion / Anki / Obsidian",5,,,,,,,,
615,ea6dc2fae8a61411b9d6de51699ca6787330c0036ffedddf4a649648fefe8732,2026-02-26 10:19:45,Week 3,8,0 – 2 hours,1,1,Never,ChatGPT,0,1,NaN,1,1,False,,Much worse,YouTube,2026-01-31 18:48:18,Andhra Pradesh,Private University,B.Tech,4th Year,7.0 – 8.0,2 – 4 hours,"YouTube, ChatGPT / AI tools, College LMS, WhatsApp / Telegram",4,,,,,,,,
616,e14fc3506630213cf4dbb3dddf035e19aad46cfaf81f1761b7791f1f48a64d67,2026-02-26 10:21:01,Week 3,35,2 – 4 hours,2,2,Rarely,Google Gemini,1 – 3,1,NaN,1,2,False,,Slightly worse,YouTube,2026-02-02 12:45:31,Madhya Pradesh,Central University,B.Tech,3rd Year,8.0 – 9.0,2 – 4 hours,"ChatGPT / AI tools, WhatsApp / Telegram",2,,,,,,,,
617,d2db0cecaf1edf2f34e8fcb492052acd27453600c6cc493e25700d9c3b289761,2026-02-26 10:21:57,Week 3,5,0 – 2 hours,1,1,Never,ChatGPT,0,1,NaN,1,1,False,,Much worse,YouTube,2026-02-02 12:56:07,Uttar Pradesh,IIT / NIT,Other,2nd Year,Prefer not to say,2 – 4 hours,"YouTube, Coursera / Udemy / edX",2,,,,,,,,
618,5e849a6892d6df48c1362529cab706d619efa96a172b3f715bc1f5ccd5ca61ec,2026-02-26 10:22:53,Week 3,5,0 – 2 hours,1,1,Never,ChatGPT,1 – 3,2,NaN,1,1,False,,Much worse,YouTube,2026-02-02 13:01:28,Uttar Pradesh,IIT / NIT,BA,Others,8.0 – 9.0,2 – 4 hours,"YouTube, ChatGPT / AI tools",2,,,,,,,,
619,bed0f2897fdcff9c379616ea83849b1ca59a967db6315c91cd8fcf4fcf4c7216,2026-02-26 10:23:52,Week 3,6,0 – 2 hours,1,1,Never,Google Gemini,0,1,NaN,1,1,False,,Much worse,YouTube,2026-01-31 18:46:23,Andhra Pradesh,State University,B.Sc,2nd Year,7.0 – 8.0,2 – 4 hours,"YouTube, NPTEL / SWAYAM, WhatsApp / Telegram",3,,,,,,,,
620,caf626adf6b1139006e560ca8cc80b33ca449dfd93d89557b2b5dca8a09ea07f,2026-02-26 10:25:56,Week 3,2,0 – 2 hours,1,1,Never,ChatGPT,1 – 3,1,NaN,1,1,False,,Slightly worse,YouTube,2026-02-23 10:06:05,Karnataka,Private University,BA,3rd Year,7.0 – 8.0,2 – 4 hours,"YouTube, NPTEL / SWAYAM, Coursera / Udemy / edX, ChatGPT / AI tools, Notion / Anki / Obsidian, WhatsApp / Telegram",6,,,,,,,,
621,b319601b117de5d02e9d335f82997ad5d2c20f041b094bdd7a67411b8ad1543b,2026-02-26 10:27:04,Week 3,4,0 – 2 hours,1,1,Never,"Claude, GitHub Copilot",1 – 3,1,NaN,1,1,False,,Much worse,YouTube,2026-01-31 11:34:19,Tamil Nadu,State University,B.Tech,4th Year,8.0 – 9.0,0 – 2 hours,"YouTube, ChatGPT / AI tools, WhatsApp / Telegram",3,,,,,,,,
622,f90ab6deefe14d178606a393182b36cdc645169d692772666b9c29214c2a4e40,2026-02-26 10:28:22,Week 3,4,0 – 2 hours,1,1,Never,ChatGPT,0,1,NaN,1,1,False,,Much worse,YouTube,2026-02-05 21:56:57,Telangana,Private University,B.Tech,3rd Year,7.0 – 8.0,0 – 2 hours,"ChatGPT / AI tools, WhatsApp / Telegram",2,,,,,,,,
623,b9c03c59028b4485073ac377b7c14dfe728898b0dccd931ebc2eea5d5b1d746a,2026-02-26 10:29:45,Week 3,6,0 – 2 hours,1,1,Never,Claude,1 – 3,1,NaN,2,1,False,,Much worse,YouTube,2025-12-27 14:52:29,Tamil Nadu,Central University,B.Tech,3rd Year,8.0 – 9.0,2 – 4 hours,"ChatGPT / AI tools, College LMS, WhatsApp / Telegram",3,,,,,,,,
624,cf47f395a464caa7ab1da1745c2d650002296d75e8eac41561b430a83f4382f8,2026-02-26 10:30:56,Week 3,10,0 – 2 hours,1,1,Never,NaN,0,1,NaN,1,1,False,,Much worse,NaN,2026-01-31 18:49:58,Tamil Nadu,Central University,B.Sc,3rd Year,7.0 – 8.0,2 – 4 hours,"YouTube, NPTEL / SWAYAM, Coursera / Udemy / edX, ChatGPT / AI tools, Notion / Anki / Obsidian",5,,,,,,,,
625,266344e1c50b449d6d5dbec5b4b1af3236f13cc0b97871acccf3da3697283f82,2026-02-26 10:32:20,Week 3,8,0 – 2 hours,1,1,Never,Google Gemini,1 – 3,1,NaN,1,1,False,,Much worse,YouTube,2026-01-16 12:24:26,Tamil Nadu,Private University,B.Tech,3rd Year,9.0+,2 – 4 hours,"YouTube, ChatGPT / AI tools, Notion / Anki / Obsidian, WhatsApp / Telegram",4,,,,,,,,
626,7b5c4bd7d59556f437489bc9729a8c19655b90085e45e8dff621cf66913fc521,2026-02-26 10:33:22,Week 3,9,0 – 2 hours,1,1,Never,ChatGPT,0,1,NaN,1,1,False,,Much worse,YouTube,2026-02-23 10:13:22,Kerala,State University,B.Tech,3rd Year,Prefer not to say,2 – 4 hours,"YouTube, NPTEL / SWAYAM, Coursera / Udemy / edX, ChatGPT / AI tools, Notion / Anki / Obsidian, College LMS, WhatsApp / Telegram, Physical notes",8,,,,,,,,
627,2b17d11e7d9c1af7a7fed72e60e90a5ee797f0b6e0cc8645592f6fdc2ad13cd2,2026-02-26 10:35:00,Week 3,10,0 – 2 hours,1,1,Never,ChatGPT,0,1,NaN,1,1,False,,Much worse,YouTube,2026-01-31 18:51:00,Tamil Nadu,State University,B.Tech,1st Year,6.0 – 7.0,2 – 4 hours,"YouTube, Coursera / Udemy / edX, ChatGPT / AI tools, Notion / Anki / Obsidian, WhatsApp / Telegram",5,,,,,,,,
628,b319601b117de5d02e9d335f82997ad5d2c20f041b094bdd7a67411b8ad1543b,2026-02-26 10:36:24,Week 3,3,0 – 2 hours,1,1,Never,Google Gemini,1 – 3,1,NaN,1,1,False,,Much worse,YouTube,2026-01-31 11:34:19,Tamil Nadu,State University,B.Tech,4th Year,8.0 – 9.0,0 – 2 hours,"YouTube, ChatGPT / AI tools, WhatsApp / Telegram",3,,,,,,,,
629,ace8e293cc91c35e822f9101bc4e97d2ad904d1e130b4402fd6a6642f245665e,2026-02-26 10:37:39,Week 3,20,2 – 4 hours,2,2,Rarely,Google Gemini,1 – 3,2,NaN,2,2,False,,Much worse,NaN,2026-02-23 10:12:43,Kerala,State University,B.Tech,2nd Year,6.0 – 7.0,0 – 2 hours,"NPTEL / SWAYAM, Notion / Anki / Obsidian",2,,,,,,,,
630,97b26b3698560201c1218be1d50871d93f4ae1f4a79deeb268b0ba686e43fdeb,2026-02-26 10:39:41,Week 3,22,4 – 6 hours,1,2,Rarely,ChatGPT,1 – 3,2,NaN,2,1,False,,Much worse,YouTube,2025-12-26 07:18:01,Tamil Nadu,Deemed University,B.Tech,3rd Year,8.0 – 9.0,0 – 2 hours,"ChatGPT / AI tools, College LMS, WhatsApp / Telegram",3,,,,,,,,
631,16a56bf3b362259b32e3bc7d18a95d94213241560809ad3c4d5ddba644365acb,2026-02-26 10:41:38,Week 3,15,2 – 4 hours,2,3,Rarely,ChatGPT,3 – 6,3,NaN,2,3,False,80.0,Slightly worse,"College LMS, WhatsApp / Telegram (for study purposes)",2026-02-19 13:19:58,Tamil Nadu,State University,B.Sc,2nd Year,8.0 – 9.0,2 – 4 hours,"YouTube, NPTEL / SWAYAM, Coursera / Udemy / edX, ChatGPT / AI tools, Notion / Anki / Obsidian",5,,,,,,,,
632,81ddebb1fc0e6b009a5655dea87854093d1374914f03d128e615c955c9007504,2026-02-26 10:43:58,Week 3,30,4 – 6 hours,1,2,Rarely,Microsoft Copilot,0,1,NaN,2,1,False,,Slightly worse,YouTube,2026-01-12 20:20:23,Tamil Nadu,Private University,B.Tech,3rd Year,7.0 – 8.0,2 – 4 hours,"YouTube, ChatGPT / AI tools, WhatsApp / Telegram, Physical notes only",4,,,,,,,,
633,f90ab6deefe14d178606a393182b36cdc645169d692772666b9c29214c2a4e40,2026-02-26 10:45:14,Week 3,10,2 – 4 hours,2,2,Never,Google Gemini,1 – 3,2,Poor internet,2,2,False,,Slightly worse,YouTube,2026-02-05 21:56:57,Telangana,Private University,B.Tech,3rd Year,7.0 – 8.0,0 – 2 hours,"ChatGPT / AI tools, WhatsApp / Telegram",2,,,,,,,,
634,132137538b93be89ed6c9815b322a7a0f58530b8c229d1809265140f5cb8c398,2026-02-26 10:47:11,Week 3,10,2 – 4 hours,1,2,Never,ChatGPT,1 – 3,2,Poor internet,1,1,False,,Slightly worse,YouTube,2026-01-13 19:44:22,Tamil Nadu,Deemed University,B.Tech,3rd Year,7.0 – 8.0,2 – 4 hours,"YouTube, ChatGPT / AI tools",2,,,,,,,,
635,9c37b8db9c39e670e8422cf5afe252221762450c6f3d1f72c8ef3cdfe0a584e6,2026-02-26 10:47:57,Week 3,10,2 – 4 hours,2,1,Never,Google Gemini,0,1,Mobile-only access,2,1,False,,Slightly worse,YouTube,2026-02-23 10:10:44,Tamil Nadu,State University,B.Sc,2nd Year,7.0 – 8.0,2 – 4 hours,"YouTube, NPTEL / SWAYAM, Coursera / Udemy / edX, ChatGPT / AI tools, College LMS",5,,,,,,,,
636,48cdb835c278ac6b10eed195f85632896d3be15d20d75197a0b916b2395939a6,2026-02-26 10:48:51,Week 3,39,4 – 6 hours,2,2,Sometimes,Google Gemini,6 – 10,3,Health / stress issues,2,2,False,,Slightly worse,YouTube,2026-01-27 00:18:46,Telangana,IIT / NIT,B.Sc,3rd Year,7.0 – 8.0,0 – 2 hours,"YouTube, NPTEL / SWAYAM, ChatGPT / AI tools, WhatsApp / Telegram, Physical notes only",5,,,,,,,,
637,32b68dc8923730efba7e69129bcc4d5555495cc9359174e99e3d50570ce6de44,2026-02-26 10:50:06,Week 3,10,0 – 2 hours,2,1,Rarely,ChatGPT,1 – 3,1,No quiet study space,2,2,False,,Much worse,YouTube,2026-01-31 14:55:58,Kerala,State University,B.Sc,1st Year,7.0 – 8.0,0 – 2 hours,"YouTube, ChatGPT / AI tools, College LMS, WhatsApp / Telegram",4,,,,,,,,
638,f5df30de694992a770d857d674587e781574c81ffc40be127f93b6a3d3a95f48,2026-02-26 10:51:30,Week 3,20,4 – 6 hours,2,2,Rarely,Google Gemini,1 – 3,2,Mobile-only access,2,2,False,,Slightly worse,YouTube,2026-02-23 10:05:11,Andhra Pradesh,State University,B.Sc,3rd Year,Prefer not to say,2 – 4 hours,"YouTube, Coursera / Udemy / edX, Notion / Anki / Obsidian, WhatsApp / Telegram, Physical notes",5,,,,,,,,
639,5e849a6892d6df48c1362529cab706d619efa96a172b3f715bc1f5ccd5ca61ec,2026-02-26 10:52:28,Week 3,30,4 – 6 hours,1,2,Rarely,"ChatGPT, Google Gemini, Microsoft Copilot, Claude",6 – 10,2,NaN,3,3,False,,Slightly worse,"YouTube, College LMS",2026-02-02 13:01:28,Uttar Pradesh,IIT / NIT,BA,Others,8.0 – 9.0,2 – 4 hours,"YouTube, ChatGPT / AI tools",2,,,,,,,,
640,a091d9857e1b26dac9ad43d43de3cfab7f19df9cadb73e095b0b4a74a5e9bc3d,2026-02-26 10:53:22,Week 3,20,2 – 4 hours,2,3,Rarely,"ChatGPT, Google Gemini",1 – 3,3,NaN,2,2,False,,Slightly worse,YouTube,2026-01-27 19:47:23,Tamil Nadu,Deemed University,B.Tech,4th Year,9.0+,0 – 2 hours,"YouTube, ChatGPT / AI tools, WhatsApp / Telegram",3,,,,,,,,
641,e14fc3506630213cf4dbb3dddf035e19aad46cfaf81f1761b7791f1f48a64d67,2026-02-26 10:54:35,Week 3,20,2 – 4 hours,1,1,Never,ChatGPT,1 – 3,2,NaN,2,2,False,,Much worse,YouTube,2026-02-02 12:45:31,Madhya Pradesh,Central University,B.Tech,3rd Year,8.0 – 9.0,2 – 4 hours,"ChatGPT / AI tools, WhatsApp / Telegram",2,,,,,,,,
642,ad04e596e1af01ab238040c91de85cefe7f49fb2aabec57135e928a5ee02305e,2026-02-26 10:56:13,Week 3,10,0 – 2 hours,1,1,Never,NaN,0,1,NaN,1,1,False,,Much worse,NaN,2026-02-02 13:10:08,Karnataka,IIT / NIT,BBA,Others,7.0 – 8.0,2 – 4 hours,"YouTube, NPTEL / SWAYAM",2,,,,,,,,
643,f8041b50a2c1379ae1a539104ac8cfff2e7475d9225620826e59c80d286afe76,2026-02-26 10:56:57,Week 3,8,2 – 4 hours,1,1,Never,ChatGPT,1 – 3,2,Poor internet,2,2,False,,Much worse,NPTEL / SWAYAM,2026-01-31 18:25:54,Andhra Pradesh,Private University,B.Sc,3rd Year,7.0 – 8.0,0 – 2 hours,"YouTube, NPTEL / SWAYAM, Notion / Anki / Obsidian, College LMS, WhatsApp / Telegram",5,,,,,,,,
644,caf626adf6b1139006e560ca8cc80b33ca449dfd93d89557b2b5dca8a09ea07f,2026-02-26 10:57:55,Week 3,19,2 – 4 hours,2,2,Rarely,Google Gemini,0,1,Mobile-only access,2,1,False,,Slightly worse,YouTube,2026-02-23 10:06:05,Karnataka,Private University,BA,3rd Year,7.0 – 8.0,2 – 4 hours,"YouTube, NPTEL / SWAYAM, Coursera / Udemy / edX, ChatGPT / AI tools, Notion / Anki / Obsidian, WhatsApp / Telegram",6,,,,,,,,
645,781a9f368166d71405348c3b65fa0645e7cab12d017be1e369eb8d7a5cd5fb1d,2026-02-26 10:58:59,Week 3,10,2 – 4 hours,1,2,Rarely,Google Gemini,3 – 6,1,Poor internet,1,2,False,,Much worse,YouTube,2026-02-02 12:40:04,Maharashtra,IIT / NIT,B.Com,4th Year,7.0 – 8.0,2 – 4 hours,"YouTube, NPTEL / SWAYAM, Coursera / Udemy / edX, ChatGPT / AI tools, Notion / Anki / Obsidian, College LMS, WhatsApp / Telegram, Physical notes",8,,,,,,,,
646,48cdb835c278ac6b10eed195f85632896d3be15d20d75197a0b916b2395939a6,2026-02-26 10:59:46,Week 3,20,2 – 4 hours,3,2,Rarely,Google Gemini,0,2,Poor internet,1,2,False,,Much worse,YouTube,2026-01-27 00:18:46,Telangana,IIT / NIT,B.Sc,3rd Year,7.0 – 8.0,0 – 2 hours,"YouTube, NPTEL / SWAYAM, ChatGPT / AI tools, WhatsApp / Telegram, Physical notes only",5,,,,,,,,
647,f5df30de694992a770d857d674587e781574c81ffc40be127f93b6a3d3a95f48,2026-02-26 11:01:22,Week 3,10,0 – 2 hours,2,1,Rarely,ChatGPT,1 – 3,3,NaN,2,2,False,,Slightly worse,YouTube,2026-02-23 10:05:11,Andhra Pradesh,State University,B.Sc,3rd Year,Prefer not to say,2 – 4 hours,"YouTube, Coursera / Udemy / edX, Notion / Anki / Obsidian, WhatsApp / Telegram, Physical notes",5,,,,,,,,
648,8ded4921661c4a18e633a572258dbd0f9a2c004f4aa3e9e2057a670d47566de6,2026-02-26 11:02:50,Week 3,6,0 – 2 hours,1,1,Never,ChatGPT,1 – 3,1,Poor internet,2,1,False,,Much worse,YouTube,2026-02-03 11:19:03,Kerala,Private University,B.Sc,3rd Year,Prefer not to say,2 – 4 hours,"NPTEL / SWAYAM, WhatsApp / Telegram, Physical notes",3,,,,,,,,
649,1dd2975d45d1e27948cae456e3827e3b50778c013fecee985fb0422f4a492ba2,2026-02-26 11:03:53,Week 3,10,2 – 4 hours,1,1,Never,ChatGPT,1 – 3,2,NaN,1,2,False,,Much worse,YouTube,2026-02-19 13:17:59,Andhra Pradesh,State University,B.Tech,2nd Year,7.0 – 8.0,6+ hours,"YouTube, NPTEL / SWAYAM, Coursera / Udemy / edX, ChatGPT / AI tools, Notion / Anki / Obsidian, College LMS, WhatsApp / Telegram, Physical notes",8,,,,,,,,
650,63c23cf4b390284f3ce1175699f5efa501022ba212fe21be99dc9e2d21deebbf,2026-02-26 11:05:33,Week 3,10,0 – 2 hours,1,1,Rarely,ChatGPT,1 – 3,1,NaN,2,1,False,,Much worse,YouTube,2026-02-02 12:38:59,Rajasthan,State University,B.Sc,2nd Year,7.0 – 8.0,4 – 6 hours,"Coursera / Udemy / edX, ChatGPT / AI tools, Notion / Anki / Obsidian, College LMS, Physical notes",5,,,,,,,,
651,74d72de1f5b196019d5bbe209db2b90401f5ea949cebbdda60ac6b0f71acb482,2026-02-26 11:06:33,Week 3,10,2 – 4 hours,2,1,Rarely,Microsoft Copilot,1 – 3,2,Poor internet,2,2,False,,Much worse,YouTube,2026-02-02 12:43:28,Madhya Pradesh,Central University,B.Tech,2nd Year,6.0 – 7.0,2 – 4 hours,"YouTube, ChatGPT / AI tools",2,,,,,,,,
652,63c23cf4b390284f3ce1175699f5efa501022ba212fe21be99dc9e2d21deebbf,2026-02-26 11:07:47,Week 4,30,2 – 4 hours,2,3,Sometimes,"ChatGPT, Google Gemini, Microsoft Copilot",3 – 6,3,No quiet study space,3,2,False,,Slightly worse,"YouTube, College LMS",2026-02-02 12:38:59,Rajasthan,State University,B.Sc,2nd Year,7.0 – 8.0,4 – 6 hours,"Coursera / Udemy / edX, ChatGPT / AI tools, Notion / Anki / Obsidian, College LMS, Physical notes",5,,,,,,,,
653,781a9f368166d71405348c3b65fa0645e7cab12d017be1e369eb8d7a5cd5fb1d,2026-02-26 11:08:33,Week 4,35,2 – 4 hours,3,3,Sometimes,"ChatGPT, Google Gemini, Microsoft Copilot, Claude",3 – 6,3,NaN,3,2,False,,Slightly better,"YouTube, Physical Notes",2026-02-02 12:40:04,Maharashtra,IIT / NIT,B.Com,4th Year,7.0 – 8.0,2 – 4 hours,"YouTube, NPTEL / SWAYAM, Coursera / Udemy / edX, ChatGPT / AI tools, Notion / Anki / Obsidian, College LMS, WhatsApp / Telegram, Physical notes",8,,,,,,,,
654,794e3ecad2e18d7bce8d1013a9e08fe529cc63443905f9864cedec22f7a9459b,2026-02-26 11:09:51,Week 4,43,4 – 6 hours,3,3,Sometimes,"ChatGPT, Google Gemini, Microsoft Copilot",3 – 6,2,NaN,3,2,False,,Slightly better,"YouTube, WhatsApp / Telegram (for study purposes)",2025-12-27 12:35:23,Tamil Nadu,Deemed University,B.Tech,3rd Year,6.0 – 7.0,0 – 2 hours,"YouTube, ChatGPT / AI tools",2,,,,,,,,
655,d2db0cecaf1edf2f34e8fcb492052acd27453600c6cc493e25700d9c3b289761,2026-02-26 11:10:57,Week 4,40,4 – 6 hours,3,3,Sometimes,"ChatGPT, Google Gemini, Microsoft Copilot, Claude",6 – 10,3,NaN,2,3,False,,Slightly better,"YouTube, WhatsApp / Telegram (for study purposes), Physical Notes",2026-02-02 12:56:07,Uttar Pradesh,IIT / NIT,Other,2nd Year,Prefer not to say,2 – 4 hours,"YouTube, Coursera / Udemy / edX",2,,,,,,,,
656,a0844c331d7454600df29956fea1f640e9035aa0e376172eded377ff472dedbe,2026-02-26 11:12:09,Week 4,30,4 – 6 hours,3,2,Often,"ChatGPT, Google Gemini, Microsoft Copilot, Claude, Perplexity AI",3 – 6,3,NaN,3,2,False,,Slightly better,"YouTube, College LMS",2026-01-31 18:46:52,Karnataka,Central University,B.Sc,1st Year,7.0 – 8.0,2 – 4 hours,"NPTEL / SWAYAM, Coursera / Udemy / edX, ChatGPT / AI tools, College LMS, WhatsApp / Telegram, Physical notes",6,,,,,,,,
657,7b5c4bd7d59556f437489bc9729a8c19655b90085e45e8dff621cf66913fc521,2026-02-26 11:13:04,Week 4,45,4 – 6 hours,3,3,Sometimes,"ChatGPT, Google Gemini, Microsoft Copilot",3 – 6,3,NaN,2,3,False,,Slightly better,"YouTube, WhatsApp / Telegram (for study purposes)",2026-02-23 10:13:22,Kerala,State University,B.Tech,3rd Year,Prefer not to say,2 – 4 hours,"YouTube, NPTEL / SWAYAM, Coursera / Udemy / edX, ChatGPT / AI tools, Notion / Anki / Obsidian, College LMS, WhatsApp / Telegram, Physical notes",8,,,,,,,,
658,97b26b3698560201c1218be1d50871d93f4ae1f4a79deeb268b0ba686e43fdeb,2026-02-26 11:13:57,Week 4,40,4 – 6 hours,4,3,Sometimes,"ChatGPT, Google Gemini, Microsoft Copilot",3 – 6,2,NaN,4,3,False,,Slightly better,YouTube,2025-12-26 07:18:01,Tamil Nadu,Deemed University,B.Tech,3rd Year,8.0 – 9.0,0 – 2 hours,"ChatGPT / AI tools, College LMS, WhatsApp / Telegram",3,,,,,,,,
659,c4fc9686cc1b927682fbf989fe97901e479c7d5a214ce073d7cc6062f4682ed6,2026-02-26 11:14:45,Week 4,30,4 – 6 hours,2,4,Sometimes,"ChatGPT, Google Gemini, Microsoft Copilot",3 – 6,3,NaN,3,2,False,,Slightly better,"YouTube, Physical Notes",2026-02-23 10:06:40,Andhra Pradesh,Private University,B.Com,3rd Year,6.0 – 7.0,0 – 2 hours,"Coursera / Udemy / edX, ChatGPT / AI tools, Notion / Anki / Obsidian, WhatsApp / Telegram",4,,,,,,,,
660,8ded4921661c4a18e633a572258dbd0f9a2c004f4aa3e9e2057a670d47566de6,2026-02-26 11:16:21,Week 4,20,2 – 4 hours,3,4,Sometimes,"ChatGPT, Google Gemini, Microsoft Copilot",3 – 6,3,NaN,2,3,False,,Slightly better,"YouTube, WhatsApp / Telegram (for study purposes)",2026-02-03 11:19:03,Kerala,Private University,B.Sc,3rd Year,Prefer not to say,2 – 4 hours,"NPTEL / SWAYAM, WhatsApp / Telegram, Physical notes",3,,,,,,,,
661,3d83828233d057f5e1e37a4c9e784850077d6638768e69b0f6b5d4e5e2dfc994,2026-02-26 11:17:11,Week 4,43,4 – 6 hours,3,3,Rarely,"ChatGPT, Google Gemini, Microsoft Copilot, Claude",3 – 6,2,NaN,3,3,False,,Slightly better,"NPTEL / SWAYAM, Physical Notes",2026-01-12 21:41:37,Tamil Nadu,Private University,B.Tech,3rd Year,8.0 – 9.0,0 – 2 hours,"YouTube, ChatGPT / AI tools",2,,,,,,,,
662,bed0f2897fdcff9c379616ea83849b1ca59a967db6315c91cd8fcf4fcf4c7216,2026-02-26 11:18:19,Week 4,45,4 – 6 hours,4,3,Rarely,"ChatGPT, Google Gemini, Microsoft Copilot",3 – 6,3,NaN,2,3,False,,Slightly better,YouTube,2026-01-31 18:46:23,Andhra Pradesh,State University,B.Sc,2nd Year,7.0 – 8.0,2 – 4 hours,"YouTube, NPTEL / SWAYAM, WhatsApp / Telegram",3,,,,,,,,
663,48cdb835c278ac6b10eed195f85632896d3be15d20d75197a0b916b2395939a6,2026-02-26 11:19:46,Week 4,42,4 – 6 hours,3,3,Sometimes,"ChatGPT, Google Gemini, Microsoft Copilot",6 – 10,2,NaN,3,3,False,,Slightly better,"YouTube, Physical Notes",2026-01-27 00:18:46,Telangana,IIT / NIT,B.Sc,3rd Year,7.0 – 8.0,0 – 2 hours,"YouTube, NPTEL / SWAYAM, ChatGPT / AI tools, WhatsApp / Telegram, Physical notes only",5,,,,,,,,
664,ef4aca4b5a9ddc8cfe1cda04eef5cb540a47e603dac29e3f59b7bdd1a387191d,2026-02-26 11:20:45,Week 4,41,4 – 6 hours,3,2,Sometimes,"ChatGPT, Google Gemini, Microsoft Copilot, Claude",3 – 6,3,NaN,4,3,False,,Slightly better,"YouTube, Physical Notes",2026-02-02 12:52:17,Maharashtra,Private University,B.Tech,Others,6.0 – 7.0,2 – 4 hours,"YouTube, ChatGPT / AI tools",2,,,,,,,,
665,81ddebb1fc0e6b009a5655dea87854093d1374914f03d128e615c955c9007504,2026-02-26 11:21:36,Week 4,46,4 – 6 hours,3,3,Sometimes,"ChatGPT, Google Gemini, Microsoft Copilot",6 – 10,3,NaN,3,3,False,,Slightly better,"YouTube, Physical Notes",2026-01-12 20:20:23,Tamil Nadu,Private University,B.Tech,3rd Year,7.0 – 8.0,2 – 4 hours,"YouTube, ChatGPT / AI tools, WhatsApp / Telegram, Physical notes only",4,,,,,,,,
666,e14fc3506630213cf4dbb3dddf035e19aad46cfaf81f1761b7791f1f48a64d67,2026-02-26 11:22:26,Week 4,35,4 – 6 hours,3,3,Rarely,"ChatGPT, Google Gemini, Microsoft Copilot, Claude",3 – 6,3,NaN,2,3,False,,Slightly better,College LMS,2026-02-02 12:45:31,Madhya Pradesh,Central University,B.Tech,3rd Year,8.0 – 9.0,2 – 4 hours,"ChatGPT / AI tools, WhatsApp / Telegram",2,,,,,,,,
667,9c37b8db9c39e670e8422cf5afe252221762450c6f3d1f72c8ef3cdfe0a584e6,2026-02-26 11:23:50,Week 4,43,4 – 6 hours,3,2,Sometimes,"ChatGPT, Google Gemini, Microsoft Copilot, Claude",3 – 6,2,NaN,4,4,False,,Slightly better,"YouTube, Physical Notes",2026-02-23 10:10:44,Tamil Nadu,State University,B.Sc,2nd Year,7.0 – 8.0,2 – 4 hours,"YouTube, NPTEL / SWAYAM, Coursera / Udemy / edX, ChatGPT / AI tools, College LMS",5,,,,,,,,
668,8ded4921661c4a18e633a572258dbd0f9a2c004f4aa3e9e2057a670d47566de6,2026-02-26 11:24:37,Week 4,35,4 – 6 hours,2,3,Rarely,"ChatGPT, Google Gemini, Microsoft Copilot",1 – 3,2,NaN,3,4,False,,Slightly worse,"YouTube, Physical Notes",2026-02-03 11:19:03,Kerala,Private University,B.Sc,3rd Year,Prefer not to say,2 – 4 hours,"NPTEL / SWAYAM, WhatsApp / Telegram, Physical notes",3,,,,,,,,
669,81ddebb1fc0e6b009a5655dea87854093d1374914f03d128e615c955c9007504,2026-02-26 11:26:41,Week 4,34,2 – 4 hours,2,3,Sometimes,"ChatGPT, Google Gemini, Microsoft Copilot, Claude, Perplexity AI",3 – 6,3,NaN,3,3,False,,Slightly better,"YouTube, Physical Notes",2026-01-12 20:20:23,Tamil Nadu,Private University,B.Tech,3rd Year,7.0 – 8.0,2 – 4 hours,"YouTube, ChatGPT / AI tools, WhatsApp / Telegram, Physical notes only",4,,,,,,,,
670,e9f047d3c2da21e5de56f3abab5c156cedf45843e25e1cc9c00e542a0848fb89,2026-02-26 11:27:38,Week 4,35,4 – 6 hours,3,3,Sometimes,"ChatGPT, Google Gemini, Microsoft Copilot",3 – 6,3,NaN,2,2,False,,Slightly better,"YouTube, Physical Notes",2026-02-23 10:04:41,Andhra Pradesh,Central University,B.Tech,2nd Year,7.0 – 8.0,0 – 2 hours,"YouTube, NPTEL / SWAYAM, Coursera / Udemy / edX, Notion / Anki / Obsidian, WhatsApp / Telegram",5,,,,,,,,
671,ace8e293cc91c35e822f9101bc4e97d2ad904d1e130b4402fd6a6642f245665e,2026-02-26 11:28:27,Week 4,34,2 – 4 hours,2,2,Sometimes,"ChatGPT, Google Gemini, Microsoft Copilot",6 – 10,3,NaN,3,3,False,,Slightly worse,"YouTube, WhatsApp / Telegram (for study purposes)",2026-02-23 10:12:43,Kerala,State University,B.Tech,2nd Year,6.0 – 7.0,0 – 2 hours,"NPTEL / SWAYAM, Notion / Anki / Obsidian",2,,,,,,,,
672,ef4aca4b5a9ddc8cfe1cda04eef5cb540a47e603dac29e3f59b7bdd1a387191d,2026-02-26 11:29:18,Week 4,35,4 – 6 hours,3,3,Rarely,"ChatGPT, Google Gemini, Microsoft Copilot, Claude",3 – 6,2,NaN,2,3,False,,Slightly better,"YouTube, Physical Notes",2026-02-02 12:52:17,Maharashtra,Private University,B.Tech,Others,6.0 – 7.0,2 – 4 hours,"YouTube, ChatGPT / AI tools",2,,,,,,,,
673,0e155a1241bd00b2d588262223a52e0f8a911a4000092f096e6968dccae9e61b,2026-02-26 11:30:03,Week 4,45,4 – 6 hours,3,2,Sometimes,"ChatGPT, Google Gemini, Microsoft Copilot",3 – 6,3,NaN,2,3,False,,Slightly worse,"YouTube, WhatsApp / Telegram (for study purposes)",2026-02-03 11:16:29,Tamil Nadu,IIT / NIT,B.Tech,4th Year,8.0 – 9.0,2 – 4 hours,"ChatGPT / AI tools, College LMS",2,,,,,,,,
674,6cdee50dedfbbd1a46317cf81321165ab42071b577d2f1514daac32cb4160095,2026-02-26 11:30:50,Week 4,45,4 – 6 hours,3,2,Sometimes,"ChatGPT, Google Gemini, Microsoft Copilot",6 – 10,2,NaN,2,3,False,,Slightly better,"YouTube, Physical Notes",2026-02-02 12:39:28,Gujarat,Private University,B.Tech,3rd Year,8.0 – 9.0,6+ hours,NaN,1,,,,,,,,
675,f5df30de694992a770d857d674587e781574c81ffc40be127f93b6a3d3a95f48,2026-02-26 11:31:43,Week 4,34,4 – 6 hours,3,3,Sometimes,"ChatGPT, Google Gemini, Microsoft Copilot, Claude, Perplexity AI",3 – 6,4,NaN,3,2,False,,Slightly better,"YouTube, Physical Notes",2026-02-23 10:05:11,Andhra Pradesh,State University,B.Sc,3rd Year,Prefer not to say,2 – 4 hours,"YouTube, Coursera / Udemy / edX, Notion / Anki / Obsidian, WhatsApp / Telegram, Physical notes",5,,,,,,,,
676,bed0f2897fdcff9c379616ea83849b1ca59a967db6315c91cd8fcf4fcf4c7216,2026-02-26 11:32:30,Week 4,45,4 – 6 hours,4,2,Sometimes,"ChatGPT, Google Gemini, Microsoft Copilot",3 – 6,3,NaN,2,3,False,,Slightly better,"YouTube, Physical Notes",2026-01-31 18:46:23,Andhra Pradesh,State University,B.Sc,2nd Year,7.0 – 8.0,2 – 4 hours,"YouTube, NPTEL / SWAYAM, WhatsApp / Telegram",3,,,,,,,,
677,1ad669ada84e5263e09135c0723aae8e30fcb58819e440892efde165dd587a5e,2026-02-26 11:33:22,Week 4,46,4 – 6 hours,3,2,Sometimes,"ChatGPT, Google Gemini, Microsoft Copilot, QuillBot",3 – 6,3,NaN,2,2,False,,Slightly better,"YouTube, College LMS",2026-02-03 11:18:21,Karnataka,State University,BBA,3rd Year,7.0 – 8.0,2 – 4 hours,"YouTube, Coursera / Udemy / edX",2,,,,,,,,
678,1ad669ada84e5263e09135c0723aae8e30fcb58819e440892efde165dd587a5e,2026-02-26 11:34:07,Week 4,33,2 – 4 hours,3,2,Sometimes,"ChatGPT, Google Gemini, Microsoft Copilot, Grammarly, QuillBot",3 – 6,3,NaN,3,3,False,,Slightly better,"YouTube, College LMS",2026-02-03 11:18:21,Karnataka,State University,BBA,3rd Year,7.0 – 8.0,2 – 4 hours,"YouTube, Coursera / Udemy / edX",2,,,,,,,,
679,8773494ab4b07b7f7350b8d37e960ba5d05e7caf5ffbb75a943c63465a604b7f,2026-02-26 11:34:51,Week 4,43,4 – 6 hours,3,2,Sometimes,"ChatGPT, Google Gemini, Grammarly, QuillBot",3 – 6,2,NaN,3,3,False,,Slightly better,"YouTube, WhatsApp / Telegram (for study purposes)",2026-01-31 18:47:34,Tamil Nadu,IIT / NIT,B.Tech,2nd Year,9.0+,4 – 6 hours,"YouTube, NPTEL / SWAYAM, Coursera / Udemy / edX, ChatGPT / AI tools, College LMS, WhatsApp / Telegram, Physical notes",7,,,,,,,,
680,132137538b93be89ed6c9815b322a7a0f58530b8c229d1809265140f5cb8c398,2026-02-26 11:35:36,Week 4,42,4 – 6 hours,3,3,Often,"ChatGPT, Google Gemini, GitHub Copilot",6 – 10,3,NaN,2,3,False,,Slightly better,"YouTube, WhatsApp / Telegram (for study purposes)",2026-01-13 19:44:22,Tamil Nadu,Deemed University,B.Tech,3rd Year,7.0 – 8.0,2 – 4 hours,"YouTube, ChatGPT / AI tools",2,,,,,,,,
681,b319601b117de5d02e9d335f82997ad5d2c20f041b094bdd7a67411b8ad1543b,2026-02-26 11:36:40,Week 4,46,4 – 6 hours,3,3,Rarely,"ChatGPT, Google Gemini, Microsoft Copilot, Claude, Perplexity AI, QuillBot, GitHub Copilot",3 – 6,3,NaN,3,3,False,,Slightly better,"YouTube, College LMS",2026-01-31 11:34:19,Tamil Nadu,State University,B.Tech,4th Year,8.0 – 9.0,0 – 2 hours,"YouTube, ChatGPT / AI tools, WhatsApp / Telegram",3,,,,,,,,
682,132137538b93be89ed6c9815b322a7a0f58530b8c229d1809265140f5cb8c398,2026-02-26 11:37:27,Week 4,44,4 – 6 hours,3,3,Sometimes,"ChatGPT, Google Gemini, Microsoft Copilot",3 – 6,2,NaN,3,3,False,,Slightly better,"YouTube, WhatsApp / Telegram (for study purposes), Physical Notes",2026-01-13 19:44:22,Tamil Nadu,Deemed University,B.Tech,3rd Year,7.0 – 8.0,2 – 4 hours,"YouTube, ChatGPT / AI tools",2,,,,,,,,
683,9f7b57d47f3cd447af0a85a35c1ce5b1287d471159595088cd7493a849b93059,2026-02-26 11:38:16,Week 4,32,4 – 6 hours,2,2,Sometimes,"ChatGPT, Google Gemini, Microsoft Copilot",3 – 6,3,NaN,3,1,False,,Slightly better,"YouTube, Physical Notes",2026-02-02 12:38:26,Punjab,Central University,B.Tech,1st Year,6.0 – 7.0,4 – 6 hours,"YouTube, NPTEL / SWAYAM, Coursera / Udemy / edX, ChatGPT / AI tools, College LMS, WhatsApp / Telegram",6,,,,,,,,
684,74d72de1f5b196019d5bbe209db2b90401f5ea949cebbdda60ac6b0f71acb482,2026-02-26 11:39:09,Week 4,43,4 – 6 hours,3,2,Sometimes,"ChatGPT, Google Gemini, Microsoft Copilot",1 – 3,2,NaN,2,2,False,,Slightly better,"YouTube, WhatsApp / Telegram (for study purposes)",2026-02-02 12:43:28,Madhya Pradesh,Central University,B.Tech,2nd Year,6.0 – 7.0,2 – 4 hours,"YouTube, ChatGPT / AI tools",2,,,,,,,,
685,e8386eec4c2f671d625ec0a877e0c9af57a196443df6751cfd908bc4bb188c51,2026-02-26 11:39:55,Week 4,44,4 – 6 hours,3,3,Rarely,"ChatGPT, Google Gemini, Microsoft Copilot",3 – 6,4,NaN,3,3,False,,Slightly better,"YouTube, WhatsApp / Telegram (for study purposes)",2026-01-31 18:42:45,Kerala,State University,B.Com,2nd Year,Prefer not to say,2 – 4 hours,"YouTube, NPTEL / SWAYAM, Coursera / Udemy / edX, Notion / Anki / Obsidian, Physical notes",5,,,,,,,,
686,2b17d11e7d9c1af7a7fed72e60e90a5ee797f0b6e0cc8645592f6fdc2ad13cd2,2026-02-26 11:40:43,Week 4,44,4 – 6 hours,3,3,Sometimes,"ChatGPT, Google Gemini, Microsoft Copilot",3 – 6,3,NaN,3,2,False,,Slightly better,"YouTube, WhatsApp / Telegram (for study purposes)",2026-01-31 18:51:00,Tamil Nadu,State University,B.Tech,1st Year,6.0 – 7.0,2 – 4 hours,"YouTube, Coursera / Udemy / edX, ChatGPT / AI tools, Notion / Anki / Obsidian, WhatsApp / Telegram",5,,,,,,,,
687,266344e1c50b449d6d5dbec5b4b1af3236f13cc0b97871acccf3da3697283f82,2026-02-26 11:41:27,Week 4,33,2 – 4 hours,3,2,Sometimes,"ChatGPT, Google Gemini, Microsoft Copilot",3 – 6,2,NaN,4,1,False,,Slightly better,"YouTube, WhatsApp / Telegram (for study purposes)",2026-01-16 12:24:26,Tamil Nadu,Private University,B.Tech,3rd Year,9.0+,2 – 4 hours,"YouTube, ChatGPT / AI tools, Notion / Anki / Obsidian, WhatsApp / Telegram",4,,,,,,,,
688,1dd2975d45d1e27948cae456e3827e3b50778c013fecee985fb0422f4a492ba2,2026-02-26 11:42:25,Week 4,47,4 – 6 hours,3,3,Rarely,"ChatGPT, Google Gemini, Microsoft Copilot",3 – 6,2,NaN,3,3,False,,Slightly better,"YouTube, WhatsApp / Telegram (for study purposes)",2026-02-19 13:17:59,Andhra Pradesh,State University,B.Tech,2nd Year,7.0 – 8.0,6+ hours,"YouTube, NPTEL / SWAYAM, Coursera / Udemy / edX, ChatGPT / AI tools, Notion / Anki / Obsidian, College LMS, WhatsApp / Telegram, Physical notes",8,,,,,,,,
689,3a16c6fa9dbc26f91e12cdd112bec4f2953a34f47097d3424e3f551bb022a684,2026-02-26 11:43:07,Week 4,55,4 – 6 hours,3,4,Rarely,"ChatGPT, Google Gemini, Microsoft Copilot, Claude",6 – 10,3,NaN,3,3,False,,Slightly better,"YouTube, WhatsApp / Telegram (for study purposes)",2026-01-31 18:44:48,Tamil Nadu,Private University,BBA,1st Year,6.0 – 7.0,0 – 2 hours,"YouTube, Coursera / Udemy / edX, ChatGPT / AI tools, College LMS, WhatsApp / Telegram, Physical notes",6,,,,,,,,
690,2b17d11e7d9c1af7a7fed72e60e90a5ee797f0b6e0cc8645592f6fdc2ad13cd2,2026-02-26 11:44:03,Week 4,54,4 – 6 hours,3,3,Rarely,"ChatGPT, Google Gemini, Microsoft Copilot",1 – 3,4,NaN,3,3,False,,Slightly better,"YouTube, WhatsApp / Telegram (for study purposes)",2026-01-31 18:51:00,Tamil Nadu,State University,B.Tech,1st Year,6.0 – 7.0,2 – 4 hours,"YouTube, Coursera / Udemy / edX, ChatGPT / AI tools, Notion / Anki / Obsidian, WhatsApp / Telegram",5,,,,,,,,
691,63c23cf4b390284f3ce1175699f5efa501022ba212fe21be99dc9e2d21deebbf,2026-02-26 11:45:19,Week 4,50,4 – 6 hours,3,3,Rarely,"ChatGPT, Google Gemini, Microsoft Copilot, Claude, Perplexity AI",1 – 3,2,NaN,3,4,False,,Slightly better,"YouTube, WhatsApp / Telegram (for study purposes), Physical Notes",2026-02-02 12:38:59,Rajasthan,State University,B.Sc,2nd Year,7.0 – 8.0,4 – 6 hours,"Coursera / Udemy / edX, ChatGPT / AI tools, Notion / Anki / Obsidian, College LMS, Physical notes",5,,,,,,,,
692,b9c03c59028b4485073ac377b7c14dfe728898b0dccd931ebc2eea5d5b1d746a,2026-02-26 11:46:12,Week 4,33,2 – 4 hours,2,3,Sometimes,"ChatGPT, Google Gemini, Microsoft Copilot",3 – 6,2,NaN,4,3,False,,Slightly better,"YouTube, WhatsApp / Telegram (for study purposes), Physical Notes",2025-12-27 14:52:29,Tamil Nadu,Central University,B.Tech,3rd Year,8.0 – 9.0,2 – 4 hours,"ChatGPT / AI tools, College LMS, WhatsApp / Telegram",3,,,,,,,,
693,16a56bf3b362259b32e3bc7d18a95d94213241560809ad3c4d5ddba644365acb,2026-02-26 11:47:09,Week 4,44,4 – 6 hours,2,3,Rarely,"ChatGPT, Google Gemini, Microsoft Copilot, Claude",3 – 6,3,NaN,3,2,False,,Slightly better,"YouTube, Physical Notes",2026-02-19 13:19:58,Tamil Nadu,State University,B.Sc,2nd Year,8.0 – 9.0,2 – 4 hours,"YouTube, NPTEL / SWAYAM, Coursera / Udemy / edX, ChatGPT / AI tools, Notion / Anki / Obsidian",5,,,,,,,,
694,32b68dc8923730efba7e69129bcc4d5555495cc9359174e99e3d50570ce6de44,2026-02-26 11:47:59,Week 4,44,4 – 6 hours,3,3,Often,"ChatGPT, Google Gemini, Microsoft Copilot, Claude",3 – 6,3,NaN,3,3,False,,Slightly better,"YouTube, WhatsApp / Telegram (for study purposes)",2026-01-31 14:55:58,Kerala,State University,B.Sc,1st Year,7.0 – 8.0,0 – 2 hours,"YouTube, ChatGPT / AI tools, College LMS, WhatsApp / Telegram",4,,,,,,,,
695,c4fc9686cc1b927682fbf989fe97901e479c7d5a214ce073d7cc6062f4682ed6,2026-02-26 11:48:57,Week 4,41,4 – 6 hours,3,2,Sometimes,"ChatGPT, Google Gemini, Microsoft Copilot, Claude",3 – 6,3,NaN,4,3,False,,Slightly better,"YouTube, WhatsApp / Telegram (for study purposes)",2026-02-23 10:06:40,Andhra Pradesh,Private University,B.Com,3rd Year,6.0 – 7.0,0 – 2 hours,"Coursera / Udemy / edX, ChatGPT / AI tools, Notion / Anki / Obsidian, WhatsApp / Telegram",4,,,,,,,,
696,132137538b93be89ed6c9815b322a7a0f58530b8c229d1809265140f5cb8c398,2026-02-26 11:50:14,Week 4,33,2 – 4 hours,2,3,Rarely,"ChatGPT, Google Gemini, Microsoft Copilot",3 – 6,1,NaN,2,2,False,,Slightly better,"YouTube, College LMS",2026-01-13 19:44:22,Tamil Nadu,Deemed University,B.Tech,3rd Year,7.0 – 8.0,2 – 4 hours,"YouTube, ChatGPT / AI tools",2,,,,,,,,
697,a0844c331d7454600df29956fea1f640e9035aa0e376172eded377ff472dedbe,2026-02-26 11:51:05,Week 4,44,4 – 6 hours,2,3,Sometimes,"ChatGPT, Google Gemini, Microsoft Copilot",3 – 6,3,NaN,2,2,False,,Slightly better,"YouTube, College LMS, WhatsApp / Telegram (for study purposes)",2026-01-31 18:46:52,Karnataka,Central University,B.Sc,1st Year,7.0 – 8.0,2 – 4 hours,"NPTEL / SWAYAM, Coursera / Udemy / edX, ChatGPT / AI tools, College LMS, WhatsApp / Telegram, Physical notes",6,,,,,,,,
698,f72f420debc36def28125c58c71822ce49043914a9406e73923965f87c8cb669,2026-02-26 11:51:53,Week 4,43,4 – 6 hours,3,2,Sometimes,"ChatGPT, Google Gemini, Microsoft Copilot",3 – 6,2,NaN,3,2,False,,Slightly better,"YouTube, WhatsApp / Telegram (for study purposes)",2026-01-12 23:37:58,Karnataka,Private University,BA,3rd Year,8.0 – 9.0,0 – 2 hours,"YouTube, ChatGPT / AI tools, WhatsApp / Telegram, Physical notes only",4,,,,,,,,
699,b9c03c59028b4485073ac377b7c14dfe728898b0dccd931ebc2eea5d5b1d746a,2026-02-26 11:52:52,Week 4,45,4 – 6 hours,2,2,Sometimes,"ChatGPT, QuillBot",3 – 6,3,NaN,3,3,False,,Slightly better,"YouTube, College LMS",2025-12-27 14:52:29,Tamil Nadu,Central University,B.Tech,3rd Year,8.0 – 9.0,2 – 4 hours,"ChatGPT / AI tools, College LMS, WhatsApp / Telegram",3,,,,,,,,
700,266344e1c50b449d6d5dbec5b4b1af3236f13cc0b97871acccf3da3697283f82,2026-02-26 11:53:38,Week 4,44,2 – 4 hours,3,3,Rarely,"ChatGPT, Google Gemini, Microsoft Copilot, Claude",3 – 6,3,NaN,3,2,False,,Slightly better,"YouTube, WhatsApp / Telegram (for study purposes)",2026-01-16 12:24:26,Tamil Nadu,Private University,B.Tech,3rd Year,9.0+,2 – 4 hours,"YouTube, ChatGPT / AI tools, Notion / Anki / Obsidian, WhatsApp / Telegram",4,,,,,,,,
701,ef4aca4b5a9ddc8cfe1cda04eef5cb540a47e603dac29e3f59b7bdd1a387191d,2026-02-26 16:28:05,Week 1,0,0 – 2 hours,1,1,Never,"ChatGPT, Google Gemini, Microsoft Copilot",1 – 3,4,Health / stress issues,1,2,False,,About the same,YouTube,2026-02-02 12:52:17,Maharashtra,Private University,B.Tech,Others,6.0 – 7.0,2 – 4 hours,"YouTube, ChatGPT / AI tools",2,,,,,,,,
702,32b68dc8923730efba7e69129bcc4d5555495cc9359174e99e3d50570ce6de44,2026-03-01 20:17:48,Week 6,5,0 – 2 hours,4,1,Never,ChatGPT,3 – 6,4,NaN,4,4,False,,About the same,WhatsApp / Telegram (for study purposes),2026-01-31 14:55:58,Kerala,State University,B.Sc,1st Year,7.0 – 8.0,0 – 2 hours,"YouTube, ChatGPT / AI tools, College LMS, WhatsApp / Telegram",4,,,,,,,,
703,3a16c6fa9dbc26f91e12cdd112bec4f2953a34f47097d3424e3f551bb022a684,2026-03-05 16:57:48,Week 1,7,2 – 4 hours,2,2,Never,"ChatGPT, Google Gemini, Claude, QuillBot",3 – 6,2,"No quiet study space, Health / stress issues",2,2,False,70.0,Much worse,NaN,2026-01-31 18:44:48,Tamil Nadu,Private University,BBA,1st Year,6.0 – 7.0,0 – 2 hours,"YouTube, Coursera / Udemy / edX, ChatGPT / AI tools, College LMS, WhatsApp / Telegram, Physical notes",6,,,,,,,,
704,266344e1c50b449d6d5dbec5b4b1af3236f13cc0b97871acccf3da3697283f82,2026-03-05 16:58:48,Week 1,4,2 – 4 hours,3,3,Sometimes,"ChatGPT, Google Gemini",3 – 6,3,Mobile-only access,2,2,False,,Slightly worse,College LMS,2026-01-16 12:24:26,Tamil Nadu,Private University,B.Tech,3rd Year,9.0+,2 – 4 hours,"YouTube, ChatGPT / AI tools, Notion / Anki / Obsidian, WhatsApp / Telegram",4,,,,,,,,
705,48cdb835c278ac6b10eed195f85632896d3be15d20d75197a0b916b2395939a6,2026-03-05 16:59:42,Week 1,4,2 – 4 hours,3,2,Rarely,"ChatGPT, Google Gemini",1 – 3,2,"Poor internet, Mobile-only access",2,2,False,,Slightly worse,"NPTEL / SWAYAM, College LMS",2026-01-27 00:18:46,Telangana,IIT / NIT,B.Sc,3rd Year,7.0 – 8.0,0 – 2 hours,"YouTube, NPTEL / SWAYAM, ChatGPT / AI tools, WhatsApp / Telegram, Physical notes only",5,,,,,,,,
706,3a16c6fa9dbc26f91e12cdd112bec4f2953a34f47097d3424e3f551bb022a684,2026-03-05 17:00:39,Week 1,3,2 – 4 hours,2,3,Rarely,"ChatGPT, Google Gemini",3 – 6,2,"Mobile-only access, No quiet study space",2,2,False,,Slightly worse,"YouTube, NPTEL / SWAYAM, Coursera / Udemy / edX",2026-01-31 18:44:48,Tamil Nadu,Private University,BBA,1st Year,6.0 – 7.0,0 – 2 hours,"YouTube, Coursera / Udemy / edX, ChatGPT / AI tools, College LMS, WhatsApp / Telegram, Physical notes",6,,,,,,,,
707,b319601b117de5d02e9d335f82997ad5d2c20f041b094bdd7a67411b8ad1543b,2026-03-05 17:01:25,Week 1,3,2 – 4 hours,2,2,Rarely,"ChatGPT, Google Gemini",1 – 3,2,"Poor internet, Mobile-only access",2,2,False,,Slightly worse,"YouTube, NPTEL / SWAYAM, Coursera / Udemy / edX",2026-01-31 11:34:19,Tamil Nadu,State University,B.Tech,4th Year,8.0 – 9.0,0 – 2 hours,"YouTube, ChatGPT / AI tools, WhatsApp / Telegram",3,,,,,,,,
708,132137538b93be89ed6c9815b322a7a0f58530b8c229d1809265140f5cb8c398,2026-03-05 17:03:10,Week 2,6,2 – 4 hours,2,2,Sometimes,"ChatGPT, Google Gemini, Claude",3 – 6,3,"Poor internet, Mobile-only access, No quiet study space",3,3,False,,About the same,"YouTube, NPTEL / SWAYAM, College LMS",2026-01-13 19:44:22,Tamil Nadu,Deemed University,B.Tech,3rd Year,7.0 – 8.0,2 – 4 hours,"YouTube, ChatGPT / AI tools",2,,,,,,,,
709,e9f047d3c2da21e5de56f3abab5c156cedf45843e25e1cc9c00e542a0848fb89,2026-03-05 17:04:26,Week 2,13,2 – 4 hours,3,4,Often,"ChatGPT, Google Gemini",6 – 10,5,"No quiet study space, Health / stress issues, None",5,5,False,,Slightly better,"YouTube, NPTEL / SWAYAM",2026-02-23 10:04:41,Andhra Pradesh,Central University,B.Tech,2nd Year,7.0 – 8.0,0 – 2 hours,"YouTube, NPTEL / SWAYAM, Coursera / Udemy / edX, Notion / Anki / Obsidian, WhatsApp / Telegram",5,,,,,,,,
710,384ceb85e96e6aa2ecda396e81a782b00f64a547b8639cec5570f556cec3c71d,2026-03-05 17:05:29,Week 1,30,4 – 6 hours,4,4,Always,"ChatGPT, Claude, Canva AI",6 – 10,3,Health / stress issues,3,3,False,80.0,Slightly worse,YouTube,2026-02-23 10:05:39,Kerala,Private University,B.Com,2nd Year,8.0 – 9.0,4 – 6 hours,"NPTEL / SWAYAM, Coursera / Udemy / edX, College LMS, Physical notes",4,,,,,,,,
711,a091d9857e1b26dac9ad43d43de3cfab7f19df9cadb73e095b0b4a74a5e9bc3d,2026-03-05 17:06:14,Week 2,20,6+ hours,5,5,Often,"ChatGPT, Google Gemini",6 – 10,4,"Poor internet, Mobile-only access",4,4,False,,Slightly better,"YouTube, NPTEL / SWAYAM, Coursera / Udemy / edX",2026-01-27 19:47:23,Tamil Nadu,Deemed University,B.Tech,4th Year,9.0+,0 – 2 hours,"YouTube, ChatGPT / AI tools, WhatsApp / Telegram",3,,,,,,,,
712,794e3ecad2e18d7bce8d1013a9e08fe529cc63443905f9864cedec22f7a9459b,2026-03-05 17:07:04,Week 2,20,6+ hours,5,5,Sometimes,"ChatGPT, Google Gemini, Microsoft Copilot, Claude",6 – 10,4,"Poor internet, Mobile-only access",5,5,False,,About the same,"YouTube, College LMS",2025-12-27 12:35:23,Tamil Nadu,Deemed University,B.Tech,3rd Year,6.0 – 7.0,0 – 2 hours,"YouTube, ChatGPT / AI tools",2,,,,,,,,
713,a091d9857e1b26dac9ad43d43de3cfab7f19df9cadb73e095b0b4a74a5e9bc3d,2026-03-05 17:07:50,Week 3,3,0 – 2 hours,2,1,Never,"ChatGPT, Google Gemini",1 – 3,1,Poor internet,1,1,False,,Much worse,College LMS,2026-01-27 19:47:23,Tamil Nadu,Deemed University,B.Tech,4th Year,9.0+,0 – 2 hours,"YouTube, ChatGPT / AI tools, WhatsApp / Telegram",3,,,,,,,,
714,27d91473394ea1f8f97a8f1740492902f4ab1abbfe0b003e4536904eaba6dca0,2026-03-05 17:08:35,Week 3,2,0 – 2 hours,2,2,Rarely,Google Gemini,1 – 3,2,"Mobile-only access, No quiet study space",2,1,False,,Slightly worse,Coursera / Udemy / edX,2026-01-31 18:43:28,Tamil Nadu,IIT / NIT,B.Tech,3rd Year,7.0 – 8.0,2 – 4 hours,"YouTube, NPTEL / SWAYAM, Coursera / Udemy / edX, ChatGPT / AI tools, Notion / Anki / Obsidian, College LMS, WhatsApp / Telegram, Physical notes",8,,,,,,,,
715,3a16c6fa9dbc26f91e12cdd112bec4f2953a34f47097d3424e3f551bb022a684,2026-03-05 17:08:36,Week 1,39,4 – 6 hours,4,3,Sometimes,"ChatGPT, Claude",6 – 10,4,Poor internet,4,4,False,,Slightly better,"YouTube, College LMS",2026-01-31 18:44:48,Tamil Nadu,Private University,BBA,1st Year,6.0 – 7.0,0 – 2 hours,"YouTube, Coursera / Udemy / edX, ChatGPT / AI tools, College LMS, WhatsApp / Telegram, Physical notes",6,,,,,,,,
716,bed0f2897fdcff9c379616ea83849b1ca59a967db6315c91cd8fcf4fcf4c7216,2026-03-05 17:09:59,Week 3,5,0 – 2 hours,2,2,Rarely,Google Gemini,1 – 3,2,Poor internet,2,3,False,,Much worse,NPTEL / SWAYAM,2026-01-31 18:46:23,Andhra Pradesh,State University,B.Sc,2nd Year,7.0 – 8.0,2 – 4 hours,"YouTube, NPTEL / SWAYAM, WhatsApp / Telegram",3,,,,,,,,
717,c4fc9686cc1b927682fbf989fe97901e479c7d5a214ce073d7cc6062f4682ed6,2026-03-05 17:10:05,Week 1,22,4 – 6 hours,4,4,Never,"ChatGPT, Google Gemini",6 – 10,4,Poor internet,4,3,False,66.0,About the same,NPTEL / SWAYAM,2026-02-23 10:06:40,Andhra Pradesh,Private University,B.Com,3rd Year,6.0 – 7.0,0 – 2 hours,"Coursera / Udemy / edX, ChatGPT / AI tools, Notion / Anki / Obsidian, WhatsApp / Telegram",4,,,,,,,,
718,522e39ae01bce33e97b085b9517a3680984adf0d38e718487e3314eb74127ab2,2026-03-05 17:11:27,Week 3,3,2 – 4 hours,1,2,Rarely,"Claude, QuillBot",1 – 3,3,"Poor internet, Mobile-only access, No quiet study space, Health / stress issues, None",2,2,False,,Slightly worse,"Notion / Anki / Obsidian, Physical Notes",2026-01-31 18:48:52,Tamil Nadu,State University,B.Tech,2nd Year,Below 6.0,0 – 2 hours,"YouTube, ChatGPT / AI tools, WhatsApp / Telegram",3,,,,,,,,
719,e8386eec4c2f671d625ec0a877e0c9af57a196443df6751cfd908bc4bb188c51,2026-03-05 17:11:45,Week 2,35,4 – 6 hours,4,4,Often,"ChatGPT, Perplexity AI",6 – 10,4,Mobile-only access,4,4,False,75.0,About the same,"YouTube, NPTEL / SWAYAM",2026-01-31 18:42:45,Kerala,State University,B.Com,2nd Year,Prefer not to say,2 – 4 hours,"YouTube, NPTEL / SWAYAM, Coursera / Udemy / edX, Notion / Anki / Obsidian, Physical notes",5,,,,,,,,
720,86b1b7c8fd97ac6aa33f3f67e3c3652ee35ae2226cc4798385726481eea05f57,2026-03-05 17:13:19,Week 3,8,2 – 4 hours,2,3,Never,"ChatGPT, Google Gemini, Microsoft Copilot, Claude, Perplexity AI, Grammarly, QuillBot, Notion AI, Jasper AI, GitHub Copilot, Codeium, Replit AI, Tabnine, Canva AI, DALL·E, Midjourney, Adobe Firefly, Khanmigo (Khan Academy AI)",1 – 3,1,"Poor internet, Mobile-only access, No quiet study space, Health / stress issues",1,1,False,,Much worse,"YouTube, NPTEL / SWAYAM, Coursera / Udemy / edX, College LMS, Notion / Anki / Obsidian, WhatsApp / Telegram (for study purposes), Physical Notes",2026-01-31 18:50:27,Tamil Nadu,Central University,B.Tech,1st Year,7.0 – 8.0,0 – 2 hours,"YouTube, ChatGPT / AI tools, College LMS, WhatsApp / Telegram",4,,,,,,,,
721,8bfc27000534160835a23ec100f95667b3894c6b3e90a6027721d3322ad782dc,2026-03-05 17:14:13,Week 2,49,4 – 6 hours,5,4,Often,"ChatGPT, Google Gemini",6 – 10,4,"Poor internet, Health / stress issues",4,5,False,70.0,Much better,"YouTube, NPTEL / SWAYAM",2026-02-05 21:46:59,Telangana,Private University,B.Tech,3rd Year,9.0+,0 – 2 hours,"YouTube, ChatGPT / AI tools, Physical notes",3,,,,,,,,
722,a0844c331d7454600df29956fea1f640e9035aa0e376172eded377ff472dedbe,2026-03-05 17:14:43,Week 4,0,0 – 2 hours,4,1,Rarely,"ChatGPT, Google Gemini, Claude, Perplexity AI",3 – 6,3,"Poor internet, Mobile-only access, No quiet study space, Health / stress issues",2,1,False,,Much worse,"College LMS, Notion / Anki / Obsidian",2026-01-31 18:46:52,Karnataka,Central University,B.Sc,1st Year,7.0 – 8.0,2 – 4 hours,"NPTEL / SWAYAM, Coursera / Udemy / edX, ChatGPT / AI tools, College LMS, WhatsApp / Telegram, Physical notes",6,,,,,,,,
723,781a9f368166d71405348c3b65fa0645e7cab12d017be1e369eb8d7a5cd5fb1d,2026-03-05 17:15:01,Week 2,55,4 – 6 hours,5,5,Always,"ChatGPT, Google Gemini",6 – 10,4,"Mobile-only access, No quiet study space",5,5,False,88.0,Much better,"YouTube, NPTEL / SWAYAM",2026-02-02 12:40:04,Maharashtra,IIT / NIT,B.Com,4th Year,7.0 – 8.0,2 – 4 hours,"YouTube, NPTEL / SWAYAM, Coursera / Udemy / edX, ChatGPT / AI tools, Notion / Anki / Obsidian, College LMS, WhatsApp / Telegram, Physical notes",8,,,,,,,,
724,f8ecea41f5799921e46e5d82b8d41d92dba1fca7a66ca63506cc3c0aab382672,2026-03-05 17:15:53,Week 4,8,0 – 2 hours,3,2,Rarely,"ChatGPT, Claude",1 – 3,3,"Mobile-only access, No quiet study space",3,2,False,,Much worse,"YouTube, NPTEL / SWAYAM, Coursera / Udemy / edX, College LMS",2026-01-27 17:56:30,Uttar Pradesh,Central University,B.Tech,4th Year,7.0 – 8.0,4 – 6 hours,"YouTube, NPTEL / SWAYAM, Coursera / Udemy / edX, ChatGPT / AI tools, Notion / Anki / Obsidian",5,,,,,,,,
725,132137538b93be89ed6c9815b322a7a0f58530b8c229d1809265140f5cb8c398,2026-03-05 17:17:21,Week 4,14,0 – 2 hours,2,2,Rarely,"ChatGPT, Google Gemini",1 – 3,2,"Poor internet, Mobile-only access",2,2,False,,Much worse,"NPTEL / SWAYAM, Coursera / Udemy / edX, WhatsApp / Telegram (for study purposes)",2026-01-13 19:44:22,Tamil Nadu,Deemed University,B.Tech,3rd Year,7.0 – 8.0,2 – 4 hours,"YouTube, ChatGPT / AI tools",2,,,,,,,,
726,7b5c4bd7d59556f437489bc9729a8c19655b90085e45e8dff621cf66913fc521,2026-03-05 17:18:14,Week 4,4,2 – 4 hours,2,2,Sometimes,"ChatGPT, Google Gemini, Microsoft Copilot",3 – 6,2,"Poor internet, Mobile-only access, No quiet study space",3,3,False,,Slightly worse,"YouTube, College LMS",2026-02-23 10:13:22,Kerala,State University,B.Tech,3rd Year,Prefer not to say,2 – 4 hours,"YouTube, NPTEL / SWAYAM, Coursera / Udemy / edX, ChatGPT / AI tools, Notion / Anki / Obsidian, College LMS, WhatsApp / Telegram, Physical notes",8,,,,,,,,
727,97b26b3698560201c1218be1d50871d93f4ae1f4a79deeb268b0ba686e43fdeb,2026-03-05 17:19:01,Week 4,10,2 – 4 hours,3,2,Never,"ChatGPT, Google Gemini, Microsoft Copilot, Claude",3 – 6,2,"Poor internet, Mobile-only access, No quiet study space, Health / stress issues",2,3,False,,Slightly worse,NaN,2025-12-26 07:18:01,Tamil Nadu,Deemed University,B.Tech,3rd Year,8.0 – 9.0,0 – 2 hours,"ChatGPT / AI tools, College LMS, WhatsApp / Telegram",3,,,,,,,,
728,e14fc3506630213cf4dbb3dddf035e19aad46cfaf81f1761b7791f1f48a64d67,2026-03-05 17:19:53,Week 3,70,6+ hours,5,5,Always,"ChatGPT, Google Gemini",10+,5,NaN,5,3,False,77.0,Slightly better,YouTube,2026-02-02 12:45:31,Madhya Pradesh,Central University,B.Tech,3rd Year,8.0 – 9.0,2 – 4 hours,"ChatGPT / AI tools, WhatsApp / Telegram",2,,,,,,,,
729,781a9f368166d71405348c3b65fa0645e7cab12d017be1e369eb8d7a5cd5fb1d,2026-03-05 17:20:52,Week 4,59,6+ hours,5,5,Always,"ChatGPT, Google Gemini",10+,5,Health / stress issues,5,5,False,78.0,Much better,"YouTube, NPTEL / SWAYAM",2026-02-02 12:40:04,Maharashtra,IIT / NIT,B.Com,4th Year,7.0 – 8.0,2 – 4 hours,"YouTube, NPTEL / SWAYAM, Coursera / Udemy / edX, ChatGPT / AI tools, Notion / Anki / Obsidian, College LMS, WhatsApp / Telegram, Physical notes",8,,,,,,,,
730,caf626adf6b1139006e560ca8cc80b33ca449dfd93d89557b2b5dca8a09ea07f,2026-03-05 17:21:43,Week 4,50,6+ hours,5,5,Sometimes,"ChatGPT, Google Gemini",10+,5,Poor internet,5,5,False,50.0,Slightly worse,YouTube,2026-02-23 10:06:05,Karnataka,Private University,BA,3rd Year,7.0 – 8.0,2 – 4 hours,"YouTube, NPTEL / SWAYAM, Coursera / Udemy / edX, ChatGPT / AI tools, Notion / Anki / Obsidian, WhatsApp / Telegram",6,,,,,,,,
731,49c29b44c0f2dba949371e3de5aaea4ace47ef333c771bda5ab86551a01e7a7d,2026-03-05 17:22:39,Week 4,3,0 – 2 hours,1,1,Never,ChatGPT,1 – 3,2,Poor internet,1,1,False,34.0,Much worse,YouTube,2026-02-02 12:49:39,Uttar Pradesh,Central University,B.Tech,Others,8.0 – 9.0,2 – 4 hours,"YouTube, ChatGPT / AI tools",2,,,,,,,,
732,3a16c6fa9dbc26f91e12cdd112bec4f2953a34f47097d3424e3f551bb022a684,2025-12-26 07:20:19,Week 1,18,0 – 2 hours,3,1,Often,"ChatGPT / AI tools, College LMS, WhatsApp / Telegram",6 – 10,4,"Poor internet, No quiet study space",3,4,False,70.0,About the same,NaN,2026-01-31 18:44:48,Tamil Nadu,Private University,BBA,1st Year,6.0 – 7.0,0 – 2 hours,"YouTube, Coursera / Udemy / edX, ChatGPT / AI tools, College LMS, WhatsApp / Telegram, Physical notes",6,,,,,,,,
733,5e849a6892d6df48c1362529cab706d619efa96a172b3f715bc1f5ccd5ca61ec,2025-12-26 19:16:08,Week 1,0,6+ hours,5,1,Never,NaN,0,1,Poor internet,5,5,False,0.0,Much better,NaN,2026-02-02 13:01:28,Uttar Pradesh,IIT / NIT,BA,Others,8.0 – 9.0,2 – 4 hours,"YouTube, ChatGPT / AI tools",2,,,,,,,,
734,a091d9857e1b26dac9ad43d43de3cfab7f19df9cadb73e095b0b4a74a5e9bc3d,2025-12-27 12:32:17,Week 1,30,6+ hours,5,5,Always,"YouTube, NPTEL / SWAYAM, Coursera / Udemy / edX, ChatGPT / AI tools, Notion / Anki / Obsidian, College LMS, WhatsApp / Telegram, Physical notes only, None",3 – 6,5,No quiet study space,5,5,False,10.0,Much better,NaN,2026-01-27 19:47:23,Tamil Nadu,Deemed University,B.Tech,4th Year,9.0+,0 – 2 hours,"YouTube, ChatGPT / AI tools, WhatsApp / Telegram",3,,,,,,,,
735,caf626adf6b1139006e560ca8cc80b33ca449dfd93d89557b2b5dca8a09ea07f,2025-12-27 12:37:17,Week 1,3,0 – 2 hours,3,1,Rarely,"YouTube, ChatGPT / AI tools, Physical notes only",3 – 6,3,"Poor internet, No quiet study space, Health / stress issues",2,1,False,70.0,Slightly worse,NaN,2026-02-23 10:06:05,Karnataka,Private University,BA,3rd Year,7.0 – 8.0,2 – 4 hours,"YouTube, NPTEL / SWAYAM, Coursera / Udemy / edX, ChatGPT / AI tools, Notion / Anki / Obsidian, WhatsApp / Telegram",6,,,,,,,,
736,781a9f368166d71405348c3b65fa0645e7cab12d017be1e369eb8d7a5cd5fb1d,2025-12-27 14:54:03,Week 1,10,0 – 2 hours,2,1,Rarely,"Coursera / Udemy / edX, ChatGPT / AI tools, College LMS, WhatsApp / Telegram",3 – 6,4,"Poor internet, Mobile-only access, Health / stress issues",5,5,False,50.0,About the same,NaN,2026-02-02 12:40:04,Maharashtra,IIT / NIT,B.Com,4th Year,7.0 – 8.0,2 – 4 hours,"YouTube, NPTEL / SWAYAM, Coursera / Udemy / edX, ChatGPT / AI tools, Notion / Anki / Obsidian, College LMS, WhatsApp / Telegram, Physical notes",8,,,,,,,,
737,e9f047d3c2da21e5de56f3abab5c156cedf45843e25e1cc9c00e542a0848fb89,2025-12-29 14:24:18,Week 1,42,6+ hours,4,4,Often,"YouTube, Coursera / Udemy / edX, ChatGPT / AI tools, Notion / Anki / Obsidian, College LMS, WhatsApp / Telegram",6 – 10,5,NaN,5,3,False,85.0,Slightly better,NaN,2026-02-23 10:04:41,Andhra Pradesh,Central University,B.Tech,2nd Year,7.0 – 8.0,0 – 2 hours,"YouTube, NPTEL / SWAYAM, Coursera / Udemy / edX, Notion / Anki / Obsidian, WhatsApp / Telegram",5,,,,,,,,
738,ef4aca4b5a9ddc8cfe1cda04eef5cb540a47e603dac29e3f59b7bdd1a387191d,2026-01-12 20:21:27,Week 1,10,0 – 2 hours,3,1,Rarely,"ChatGPT, Google Gemini, Microsoft Copilot, Claude",3 – 6,3,"No quiet study space, Health / stress issues",3,5,False,85.0,About the same,"YouTube, College LMS, WhatsApp / Telegram (for study purposes), Physical Notes",2026-02-02 12:52:17,Maharashtra,Private University,B.Tech,Others,6.0 – 7.0,2 – 4 hours,"YouTube, ChatGPT / AI tools",2,,,,,,,,
739,ef4aca4b5a9ddc8cfe1cda04eef5cb540a47e603dac29e3f59b7bdd1a387191d,2026-01-12 20:23:04,Week 1,4,0 – 2 hours,3,2,Often,"ChatGPT, Google Gemini, Perplexity AI",1 – 3,4,"Poor internet, No quiet study space",3,2,False,77.0,About the same,"YouTube, Coursera / Udemy / edX, WhatsApp / Telegram (for study purposes)",2026-02-02 12:52:17,Maharashtra,Private University,B.Tech,Others,6.0 – 7.0,2 – 4 hours,"YouTube, ChatGPT / AI tools",2,,,,,,,,
740,0e155a1241bd00b2d588262223a52e0f8a911a4000092f096e6968dccae9e61b,2026-01-12 21:35:58,Week 1,5,2 – 4 hours,2,1,Rarely,"ChatGPT, Google Gemini, Microsoft Copilot, Perplexity AI, GitHub Copilot",3 – 6,3,"Poor internet, Mobile-only access, No quiet study space",3,3,False,50.0,Slightly worse,"YouTube, NPTEL / SWAYAM, WhatsApp / Telegram (for study purposes), Physical Notes",2026-02-03 11:16:29,Tamil Nadu,IIT / NIT,B.Tech,4th Year,8.0 – 9.0,2 – 4 hours,"ChatGPT / AI tools, College LMS",2,,,,,,,,
741,9c37b8db9c39e670e8422cf5afe252221762450c6f3d1f72c8ef3cdfe0a584e6,2026-01-12 21:44:30,Week 1,3,0 – 2 hours,1,1,Rarely,"ChatGPT, Google Gemini, Microsoft Copilot",1 – 3,3,NaN,2,2,False,,About the same,YouTube,2026-02-23 10:10:44,Tamil Nadu,State University,B.Sc,2nd Year,7.0 – 8.0,2 – 4 hours,"YouTube, NPTEL / SWAYAM, Coursera / Udemy / edX, ChatGPT / AI tools, College LMS",5,,,,,,,,
742,b7c45e43b3e4defcfa15c66053995acfb95306f516892ea504b4a561e64a85b9,2026-01-12 22:33:54,Week 1,5,0 – 2 hours,3,2,Sometimes,"ChatGPT, Perplexity AI, Replit AI",3 – 6,4,Poor internet,3,3,False,,About the same,YouTube,2026-01-31 18:40:13,Tamil Nadu,IIT / NIT,B.Sc,2nd Year,6.0 – 7.0,0 – 2 hours,"YouTube, NPTEL / SWAYAM, ChatGPT / AI tools",3,,,,,,,,
743,e9f047d3c2da21e5de56f3abab5c156cedf45843e25e1cc9c00e542a0848fb89,2026-01-12 23:15:31,Week 1,2,0 – 2 hours,1,1,Never,"ChatGPT, Google Gemini",1 – 3,1,"Poor internet, No quiet study space",1,1,False,,Slightly worse,"YouTube, WhatsApp / Telegram (for study purposes), Physical Notes",2026-02-23 10:04:41,Andhra Pradesh,Central University,B.Tech,2nd Year,7.0 – 8.0,0 – 2 hours,"YouTube, NPTEL / SWAYAM, Coursera / Udemy / edX, Notion / Anki / Obsidian, WhatsApp / Telegram",5,,,,,,,,
744,8ded4921661c4a18e633a572258dbd0f9a2c004f4aa3e9e2057a670d47566de6,2026-01-13 19:46:14,Week 2,3,2 – 4 hours,3,3,Rarely,"ChatGPT, Perplexity AI",1 – 3,3,"No quiet study space, Health / stress issues",3,3,False,,About the same,"YouTube, College LMS, Notion / Anki / Obsidian",2026-02-03 11:19:03,Kerala,Private University,B.Sc,3rd Year,Prefer not to say,2 – 4 hours,"NPTEL / SWAYAM, WhatsApp / Telegram, Physical notes",3,,,,,,,,
745,27d91473394ea1f8f97a8f1740492902f4ab1abbfe0b003e4536904eaba6dca0,2026-01-16 12:27:49,Week 1,14,2 – 4 hours,2,2,Rarely,"ChatGPT, Perplexity AI",3 – 6,4,"Mobile-only access, No quiet study space",2,4,False,,Much worse,"YouTube, Notion / Anki / Obsidian, WhatsApp / Telegram (for study purposes)",2026-01-31 18:43:28,Tamil Nadu,IIT / NIT,B.Tech,3rd Year,7.0 – 8.0,2 – 4 hours,"YouTube, NPTEL / SWAYAM, Coursera / Udemy / edX, ChatGPT / AI tools, Notion / Anki / Obsidian, College LMS, WhatsApp / Telegram, Physical notes",8,,,,,,,,
746,f90ab6deefe14d178606a393182b36cdc645169d692772666b9c29214c2a4e40,2026-01-31 11:32:52,Week 1,5,0 – 2 hours,4,4,Often,"ChatGPT, Google Gemini, Claude, Perplexity AI, Notion AI, Replit AI, Canva AI, DALL·E",3 – 6,4,Health / stress issues,4,4,False,80.0,Slightly better,"YouTube, WhatsApp / Telegram (for study purposes)",2026-02-05 21:56:57,Telangana,Private University,B.Tech,3rd Year,7.0 – 8.0,0 – 2 hours,"ChatGPT / AI tools, WhatsApp / Telegram",2,,,,,,,,
747,cf47f395a464caa7ab1da1745c2d650002296d75e8eac41561b430a83f4382f8,2026-01-31 14:55:23,Week 1,60,4 – 6 hours,4,3,Sometimes,"ChatGPT, Microsoft Copilot, GitHub Copilot, Replit AI",3 – 6,3,"Poor internet, No quiet study space",3,3,False,,Slightly better,"YouTube, WhatsApp / Telegram (for study purposes), Physical Notes",2026-01-31 18:49:58,Tamil Nadu,Central University,B.Sc,3rd Year,7.0 – 8.0,2 – 4 hours,"YouTube, NPTEL / SWAYAM, Coursera / Udemy / edX, ChatGPT / AI tools, Notion / Anki / Obsidian",5,,,,,,,,
748,16a56bf3b362259b32e3bc7d18a95d94213241560809ad3c4d5ddba644365acb,2026-01-31 16:07:51,Week 1,20,0 – 2 hours,3,1,Never,Google Gemini,3 – 6,5,"Poor internet, No quiet study space",2,5,False,75.0,Slightly worse,"YouTube, Notion / Anki / Obsidian",2026-02-19 13:19:58,Tamil Nadu,State University,B.Sc,2nd Year,8.0 – 9.0,2 – 4 hours,"YouTube, NPTEL / SWAYAM, Coursera / Udemy / edX, ChatGPT / AI tools, Notion / Anki / Obsidian",5,,,,,,,,
749,e9f047d3c2da21e5de56f3abab5c156cedf45843e25e1cc9c00e542a0848fb89,2026-01-31 16:39:48,Week 1,20,4 – 6 hours,3,3,Sometimes,"ChatGPT, Google Gemini",1 – 3,3,Health / stress issues,3,2,False,,Slightly worse,"YouTube, NPTEL / SWAYAM, WhatsApp / Telegram (for study purposes), Physical Notes",2026-02-23 10:04:41,Andhra Pradesh,Central University,B.Tech,2nd Year,7.0 – 8.0,0 – 2 hours,"YouTube, NPTEL / SWAYAM, Coursera / Udemy / edX, Notion / Anki / Obsidian, WhatsApp / Telegram",5,,,,,,,,
750,5e849a6892d6df48c1362529cab706d619efa96a172b3f715bc1f5ccd5ca61ec,2026-01-31 17:56:30,Week 1,4,2 – 4 hours,1,1,Never,ChatGPT,1 – 3,3,Poor internet,1,1,False,,Much worse,Physical Notes,2026-02-02 13:01:28,Uttar Pradesh,IIT / NIT,BA,Others,8.0 – 9.0,2 – 4 hours,"YouTube, ChatGPT / AI tools",2,,,,,,,,
751,b7c45e43b3e4defcfa15c66053995acfb95306f516892ea504b4a561e64a85b9,2026-01-31 18:23:25,Week 1,13,0 – 2 hours,1,1,Never,"ChatGPT, Google Gemini, Perplexity AI, Canva AI",6 – 10,3,"Poor internet, Mobile-only access, Health / stress issues",2,3,False,50.0,Slightly worse,"YouTube, College LMS, WhatsApp / Telegram (for study purposes), Physical Notes",2026-01-31 18:40:13,Tamil Nadu,IIT / NIT,B.Sc,2nd Year,6.0 – 7.0,0 – 2 hours,"YouTube, NPTEL / SWAYAM, ChatGPT / AI tools",3,,,,,,,,
752,781a9f368166d71405348c3b65fa0645e7cab12d017be1e369eb8d7a5cd5fb1d,2026-01-31 18:55:41,Week 1,14,0 – 2 hours,1,1,Never,"ChatGPT, Google Gemini, Microsoft Copilot, Perplexity AI",3 – 6,3,"Poor internet, Mobile-only access",2,4,False,,Slightly worse,"YouTube, Coursera / Udemy / edX, College LMS, Physical Notes",2026-02-02 12:40:04,Maharashtra,IIT / NIT,B.Com,4th Year,7.0 – 8.0,2 – 4 hours,"YouTube, NPTEL / SWAYAM, Coursera / Udemy / edX, ChatGPT / AI tools, Notion / Anki / Obsidian, College LMS, WhatsApp / Telegram, Physical notes",8,,,,,,,,
753,48cdb835c278ac6b10eed195f85632896d3be15d20d75197a0b916b2395939a6,2026-01-31 18:57:01,Week 1,23,2 – 4 hours,3,3,Sometimes,"ChatGPT, Google Gemini, Microsoft Copilot, Claude, Perplexity AI, Grammarly, QuillBot, GitHub Copilot, Canva AI, Khanmigo (Khan Academy AI)",6 – 10,4,No quiet study space,3,3,False,70.0,About the same,"YouTube, NPTEL / SWAYAM, Coursera / Udemy / edX, College LMS, WhatsApp / Telegram (for study purposes), Physical Notes",2026-01-27 00:18:46,Telangana,IIT / NIT,B.Sc,3rd Year,7.0 – 8.0,0 – 2 hours,"YouTube, NPTEL / SWAYAM, ChatGPT / AI tools, WhatsApp / Telegram, Physical notes only",5,,,,,,,,
754,ef4aca4b5a9ddc8cfe1cda04eef5cb540a47e603dac29e3f59b7bdd1a387191d,2026-01-31 19:00:49,Week 1,26,2 – 4 hours,2,2,Sometimes,"ChatGPT, Google Gemini, Microsoft Copilot, Claude, Perplexity AI, Grammarly, Notion AI, GitHub Copilot, Codeium, Canva AI, DALL·E",3 – 6,3,"Poor internet, Mobile-only access",2,4,False,70.0,Slightly worse,"YouTube, NPTEL / SWAYAM, Coursera / Udemy / edX, College LMS, WhatsApp / Telegram (for study purposes), Physical Notes",2026-02-02 12:52:17,Maharashtra,Private University,B.Tech,Others,6.0 – 7.0,2 – 4 hours,"YouTube, ChatGPT / AI tools",2,,,,,,,,
755,9f7b57d47f3cd447af0a85a35c1ce5b1287d471159595088cd7493a849b93059,2026-01-31 19:02:01,Week 1,22,2 – 4 hours,3,2,Rarely,"ChatGPT, Google Gemini, Microsoft Copilot, Claude, Perplexity AI, Grammarly, GitHub Copilot, Codeium, Replit AI, Tabnine, Canva AI",6 – 10,4,NaN,3,3,False,80.0,About the same,"YouTube, NPTEL / SWAYAM, Coursera / Udemy / edX, College LMS, WhatsApp / Telegram (for study purposes), Physical Notes",2026-02-02 12:38:26,Punjab,Central University,B.Tech,1st Year,6.0 – 7.0,4 – 6 hours,"YouTube, NPTEL / SWAYAM, Coursera / Udemy / edX, ChatGPT / AI tools, College LMS, WhatsApp / Telegram",6,,,,,,,,
756,9f7b57d47f3cd447af0a85a35c1ce5b1287d471159595088cd7493a849b93059,2026-01-31 19:04:48,Week 1,30,2 – 4 hours,3,3,Sometimes,"ChatGPT, Google Gemini, Microsoft Copilot, Claude, QuillBot, Notion AI, GitHub Copilot, Midjourney, Adobe Firefly, Khanmigo (Khan Academy AI)",6 – 10,4,"Poor internet, Health / stress issues",3,5,False,,Slightly worse,"YouTube, NPTEL / SWAYAM, Coursera / Udemy / edX, College LMS, WhatsApp / Telegram (for study purposes), Physical Notes",2026-02-02 12:38:26,Punjab,Central University,B.Tech,1st Year,6.0 – 7.0,4 – 6 hours,"YouTube, NPTEL / SWAYAM, Coursera / Udemy / edX, ChatGPT / AI tools, College LMS, WhatsApp / Telegram",6,,,,,,,,
757,f72f420debc36def28125c58c71822ce49043914a9406e73923965f87c8cb669,2026-01-31 19:05:17,Week 1,60,4 – 6 hours,4,3,Rarely,"ChatGPT, Google Gemini",6 – 10,4,"No quiet study space, Health / stress issues",3,4,False,0.0,About the same,"YouTube, Physical Notes",2026-01-12 23:37:58,Karnataka,Private University,BA,3rd Year,8.0 – 9.0,0 – 2 hours,"YouTube, ChatGPT / AI tools, WhatsApp / Telegram, Physical notes only",4,,,,,,,,
758,794e3ecad2e18d7bce8d1013a9e08fe529cc63443905f9864cedec22f7a9459b,2026-01-31 19:06:54,Week 1,50,4 – 6 hours,3,3,Often,"ChatGPT, Google Gemini, Microsoft Copilot, Claude, Perplexity AI, GitHub Copilot",6 – 10,5,"Poor internet, No quiet study space",2,5,False,75.0,About the same,"YouTube, College LMS, WhatsApp / Telegram (for study purposes), Physical Notes",2025-12-27 12:35:23,Tamil Nadu,Deemed University,B.Tech,3rd Year,6.0 – 7.0,0 – 2 hours,"YouTube, ChatGPT / AI tools",2,,,,,,,,
759,c4fc9686cc1b927682fbf989fe97901e479c7d5a214ce073d7cc6062f4682ed6,2026-01-31 19:10:39,Week 1,40,4 – 6 hours,4,4,Sometimes,"ChatGPT, Google Gemini, Microsoft Copilot, Claude, Perplexity AI, Grammarly, Jasper AI, GitHub Copilot, Replit AI, Canva AI, Adobe Firefly, Khanmigo (Khan Academy AI)",6 – 10,5,NaN,3,3,False,80.0,Slightly better,"YouTube, NPTEL / SWAYAM, College LMS, WhatsApp / Telegram (for study purposes), Physical Notes",2026-02-23 10:06:40,Andhra Pradesh,Private University,B.Com,3rd Year,6.0 – 7.0,0 – 2 hours,"Coursera / Udemy / edX, ChatGPT / AI tools, Notion / Anki / Obsidian, WhatsApp / Telegram",4,,,,,,,,
760,cf47f395a464caa7ab1da1745c2d650002296d75e8eac41561b430a83f4382f8,2026-01-31 19:13:43,Week 1,50,6+ hours,3,2,Often,"ChatGPT, Google Gemini, Microsoft Copilot, Claude, Perplexity AI, Grammarly",3 – 6,4,No quiet study space,3,5,False,60.0,About the same,"YouTube, NPTEL / SWAYAM, Coursera / Udemy / edX, College LMS, WhatsApp / Telegram (for study purposes), Physical Notes",2026-01-31 18:49:58,Tamil Nadu,Central University,B.Sc,3rd Year,7.0 – 8.0,2 – 4 hours,"YouTube, NPTEL / SWAYAM, Coursera / Udemy / edX, ChatGPT / AI tools, Notion / Anki / Obsidian",5,,,,,,,,
761,781a9f368166d71405348c3b65fa0645e7cab12d017be1e369eb8d7a5cd5fb1d,2026-01-31 19:15:02,Week 1,45,4 – 6 hours,2,2,Rarely,"ChatGPT, Google Gemini, Microsoft Copilot, Claude, Perplexity AI, Grammarly, Codeium, Replit AI, Tabnine, Canva AI",10+,5,NaN,2,4,False,70.0,Slightly worse,"YouTube, Coursera / Udemy / edX, WhatsApp / Telegram (for study purposes), Physical Notes",2026-02-02 12:40:04,Maharashtra,IIT / NIT,B.Com,4th Year,7.0 – 8.0,2 – 4 hours,"YouTube, NPTEL / SWAYAM, Coursera / Udemy / edX, ChatGPT / AI tools, Notion / Anki / Obsidian, College LMS, WhatsApp / Telegram, Physical notes",8,,,,,,,,
762,c4fc9686cc1b927682fbf989fe97901e479c7d5a214ce073d7cc6062f4682ed6,2026-01-31 19:16:03,Week 1,35,2 – 4 hours,2,1,Never,"ChatGPT, Google Gemini",3 – 6,3,"Poor internet, No quiet study space, Health / stress issues",2,5,False,50.0,Slightly worse,"YouTube, WhatsApp / Telegram (for study purposes), Physical Notes",2026-02-23 10:06:40,Andhra Pradesh,Private University,B.Com,3rd Year,6.0 – 7.0,0 – 2 hours,"Coursera / Udemy / edX, ChatGPT / AI tools, Notion / Anki / Obsidian, WhatsApp / Telegram",4,,,,,,,,
763,3d83828233d057f5e1e37a4c9e784850077d6638768e69b0f6b5d4e5e2dfc994,2026-01-31 19:17:08,Week 1,49,6+ hours,3,2,Always,"ChatGPT, Google Gemini, Microsoft Copilot, Claude, Perplexity AI, Grammarly, Jasper AI",6 – 10,5,"Poor internet, No quiet study space, Health / stress issues",3,5,False,80.0,About the same,"YouTube, NPTEL / SWAYAM, WhatsApp / Telegram (for study purposes), Physical Notes",2026-01-12 21:41:37,Tamil Nadu,Private University,B.Tech,3rd Year,8.0 – 9.0,0 – 2 hours,"YouTube, ChatGPT / AI tools",2,,,,,,,,
764,e8386eec4c2f671d625ec0a877e0c9af57a196443df6751cfd908bc4bb188c51,2026-01-31 19:18:01,Week 1,60,6+ hours,4,2,Sometimes,"ChatGPT, Google Gemini, Microsoft Copilot, Claude, Perplexity AI, Grammarly, GitHub Copilot",6 – 10,5,No quiet study space,3,3,False,75.0,About the same,"YouTube, Coursera / Udemy / edX, College LMS, WhatsApp / Telegram (for study purposes), Physical Notes",2026-01-31 18:42:45,Kerala,State University,B.Com,2nd Year,Prefer not to say,2 – 4 hours,"YouTube, NPTEL / SWAYAM, Coursera / Udemy / edX, Notion / Anki / Obsidian, Physical notes",5,,,,,,,,
765,522e39ae01bce33e97b085b9517a3680984adf0d38e718487e3314eb74127ab2,2026-01-31 19:38:23,Week 1,30,2 – 4 hours,3,1,Sometimes,"ChatGPT, Microsoft Copilot, Claude, Perplexity AI, Notion AI",3 – 6,4,"Poor internet, No quiet study space, Health / stress issues",3,5,False,90.0,Slightly worse,"YouTube, WhatsApp / Telegram (for study purposes), Physical Notes",2026-01-31 18:48:52,Tamil Nadu,State University,B.Tech,2nd Year,Below 6.0,0 – 2 hours,"YouTube, ChatGPT / AI tools, WhatsApp / Telegram",3,,,,,,,,
766,c4fc9686cc1b927682fbf989fe97901e479c7d5a214ce073d7cc6062f4682ed6,2026-01-31 21:34:43,Week 1,2,0 – 2 hours,3,1,Sometimes,"ChatGPT, Google Gemini, Claude, Perplexity AI, Notion AI",1 – 3,4,"Poor internet, Mobile-only access, No quiet study space, Health / stress issues",3,5,False,80.0,Slightly worse,"YouTube, Notion / Anki / Obsidian, Physical Notes",2026-02-23 10:06:40,Andhra Pradesh,Private University,B.Com,3rd Year,6.0 – 7.0,0 – 2 hours,"Coursera / Udemy / edX, ChatGPT / AI tools, Notion / Anki / Obsidian, WhatsApp / Telegram",4,,,,,,,,
767,7b5c4bd7d59556f437489bc9729a8c19655b90085e45e8dff621cf66913fc521,2026-01-31 21:35:59,Week 1,22,2 – 4 hours,4,4,Sometimes,"ChatGPT, Google Gemini, Perplexity AI",6 – 10,5,"Poor internet, Mobile-only access, Health / stress issues",4,5,False,,Much better,"YouTube, College LMS, Notion / Anki / Obsidian, WhatsApp / Telegram (for study purposes), Physical Notes",2026-02-23 10:13:22,Kerala,State University,B.Tech,3rd Year,Prefer not to say,2 – 4 hours,"YouTube, NPTEL / SWAYAM, Coursera / Udemy / edX, ChatGPT / AI tools, Notion / Anki / Obsidian, College LMS, WhatsApp / Telegram, Physical notes",8,,,,,,,,
768,ef4aca4b5a9ddc8cfe1cda04eef5cb540a47e603dac29e3f59b7bdd1a387191d,2026-02-01 20:06:39,Week 1,6,0 – 2 hours,4,1,Never,"ChatGPT, Google Gemini",3 – 6,5,Health / stress issues,5,4,False,80.0,About the same,"YouTube, WhatsApp / Telegram (for study purposes), Physical Notes",2026-02-02 12:52:17,Maharashtra,Private University,B.Tech,Others,6.0 – 7.0,2 – 4 hours,"YouTube, ChatGPT / AI tools",2,,,,,,,,
769,b319601b117de5d02e9d335f82997ad5d2c20f041b094bdd7a67411b8ad1543b,2026-02-02 00:28:33,Week 1,3,0 – 2 hours,1,1,Rarely,"ChatGPT, Google Gemini, Microsoft Copilot, Claude, Perplexity AI, Grammarly",1 – 3,4,"No quiet study space, Health / stress issues",1,4,False,,About the same,"YouTube, College LMS, WhatsApp / Telegram (for study purposes), Physical Notes",2026-01-31 11:34:19,Tamil Nadu,State University,B.Tech,4th Year,8.0 – 9.0,0 – 2 hours,"YouTube, ChatGPT / AI tools, WhatsApp / Telegram",3,,,,,,,,
770,e9f047d3c2da21e5de56f3abab5c156cedf45843e25e1cc9c00e542a0848fb89,2026-02-02 21:55:05,Week 1,12,2 – 4 hours,3,3,Rarely,"ChatGPT, Google Gemini, Claude, Canva AI",3 – 6,3,Mobile-only access,3,3,False,,About the same,"YouTube, Coursera / Udemy / edX",2026-02-23 10:04:41,Andhra Pradesh,Central University,B.Tech,2nd Year,7.0 – 8.0,0 – 2 hours,"YouTube, NPTEL / SWAYAM, Coursera / Udemy / edX, Notion / Anki / Obsidian, WhatsApp / Telegram",5,,,,,,,,
771,e14fc3506630213cf4dbb3dddf035e19aad46cfaf81f1761b7791f1f48a64d67,2026-02-03 10:30:21,Week 1,20,2 – 4 hours,3,1,Often,"ChatGPT, Google Gemini",10+,5,Health / stress issues,3,4,False,,About the same,YouTube,2026-02-02 12:45:31,Madhya Pradesh,Central University,B.Tech,3rd Year,8.0 – 9.0,2 – 4 hours,"ChatGPT / AI tools, WhatsApp / Telegram",2,,,,,,,,
772,6cdee50dedfbbd1a46317cf81321165ab42071b577d2f1514daac32cb4160095,2026-02-03 10:38:09,Week 2,16,0 – 2 hours,5,5,Always,"ChatGPT, Google Gemini, Claude, Perplexity AI, GitHub Copilot",1 – 3,4,No quiet study space,4,4,False,85.0,Much better,"YouTube, Coursera / Udemy / edX, Physical Notes",2026-02-02 12:39:28,Gujarat,Private University,B.Tech,3rd Year,8.0 – 9.0,6+ hours,NaN,1,,,,,,,,
773,63c23cf4b390284f3ce1175699f5efa501022ba212fe21be99dc9e2d21deebbf,2026-02-03 11:15:07,Week 2,9,0 – 2 hours,3,3,Sometimes,"Claude, Perplexity AI, Grammarly, QuillBot, GitHub Copilot",1 – 3,3,"Poor internet, Mobile-only access",3,3,False,,About the same,"Coursera / Udemy / edX, Notion / Anki / Obsidian",2026-02-02 12:38:59,Rajasthan,State University,B.Sc,2nd Year,7.0 – 8.0,4 – 6 hours,"Coursera / Udemy / edX, ChatGPT / AI tools, Notion / Anki / Obsidian, College LMS, Physical notes",5,,,,,,,,
774,26234105c87439e0dc4fb999632d3a5406775cc0728c26840e4a6b26d071341b,2026-02-03 11:16:33,Week 2,5,2 – 4 hours,3,2,Sometimes,"ChatGPT, Google Gemini",6 – 10,3,"Poor internet, Mobile-only access, No quiet study space, Health / stress issues",2,4,False,50.0,Slightly worse,"YouTube, WhatsApp / Telegram (for study purposes)",2026-01-12 20:18:58,Tamil Nadu,Private University,B.Tech,2nd Year,6.0 – 7.0,0 – 2 hours,"YouTube, ChatGPT / AI tools, College LMS",3,,,,,,,,
845,522e39ae01bce33e97b085b9517a3680984adf0d38e718487e3314eb74127ab2,2026-02-26 10:09:09,Week 3,15,0 – 2 hours,1,1,Never,"ChatGPT, Google Gemini",1 – 3,2,NaN,1,1,False,,Slightly worse,"YouTube, College LMS, Physical Notes",2026-01-31 18:48:52,Tamil Nadu,State University,B.Tech,2nd Year,Below 6.0,0 – 2 hours,"YouTube, ChatGPT / AI tools, WhatsApp / Telegram",3,,,,,,,,
775,27d91473394ea1f8f97a8f1740492902f4ab1abbfe0b003e4536904eaba6dca0,2026-02-03 11:57:11,Week 1,50,6+ hours,5,5,Often,"ChatGPT, Google Gemini, Perplexity AI, Midjourney, None",10+,5,Health / stress issues,5,5,False,,Slightly better,"YouTube, College LMS, WhatsApp / Telegram (for study purposes)",2026-01-31 18:43:28,Tamil Nadu,IIT / NIT,B.Tech,3rd Year,7.0 – 8.0,2 – 4 hours,"YouTube, NPTEL / SWAYAM, Coursera / Udemy / edX, ChatGPT / AI tools, Notion / Anki / Obsidian, College LMS, WhatsApp / Telegram, Physical notes",8,,,,,,,,
776,86b1b7c8fd97ac6aa33f3f67e3c3652ee35ae2226cc4798385726481eea05f57,2026-02-03 11:58:01,Week 2,20,2 – 4 hours,3,3,Rarely,"ChatGPT, Google Gemini, Perplexity AI, Jasper AI",3 – 6,3,Mobile-only access,3,3,False,80.0,Slightly worse,"YouTube, College LMS, WhatsApp / Telegram (for study purposes)",2026-01-31 18:50:27,Tamil Nadu,Central University,B.Tech,1st Year,7.0 – 8.0,0 – 2 hours,"YouTube, ChatGPT / AI tools, College LMS, WhatsApp / Telegram",4,,,,,,,,
777,a091d9857e1b26dac9ad43d43de3cfab7f19df9cadb73e095b0b4a74a5e9bc3d,2026-02-03 12:00:28,Week 1,42,4 – 6 hours,4,4,Sometimes,"ChatGPT, Perplexity AI, Tabnine, Canva AI",1 – 3,4,NaN,4,4,False,,About the same,"YouTube, NPTEL / SWAYAM, Notion / Anki / Obsidian, Physical Notes",2026-01-27 19:47:23,Tamil Nadu,Deemed University,B.Tech,4th Year,9.0+,0 – 2 hours,"YouTube, ChatGPT / AI tools, WhatsApp / Telegram",3,,,,,,,,
778,781a9f368166d71405348c3b65fa0645e7cab12d017be1e369eb8d7a5cd5fb1d,2026-02-03 12:05:44,Week 1,38,2 – 4 hours,3,2,Always,"Google Gemini, Perplexity AI, QuillBot, Codeium, Replit AI, Canva AI, Khanmigo (Khan Academy AI)",10+,4,"No quiet study space, None",3,3,False,,Much better,"YouTube, Coursera / Udemy / edX",2026-02-02 12:40:04,Maharashtra,IIT / NIT,B.Com,4th Year,7.0 – 8.0,2 – 4 hours,"YouTube, NPTEL / SWAYAM, Coursera / Udemy / edX, ChatGPT / AI tools, Notion / Anki / Obsidian, College LMS, WhatsApp / Telegram, Physical notes",8,,,,,,,,
779,a0844c331d7454600df29956fea1f640e9035aa0e376172eded377ff472dedbe,2026-02-03 12:20:13,Week 1,13,0 – 2 hours,3,4,Always,"ChatGPT, Microsoft Copilot, Claude, Grammarly, Notion AI, GitHub Copilot",3 – 6,3,Poor internet,2,3,False,70.0,About the same,"YouTube, NPTEL / SWAYAM, College LMS, WhatsApp / Telegram (for study purposes), Physical Notes",2026-01-31 18:46:52,Karnataka,Central University,B.Sc,1st Year,7.0 – 8.0,2 – 4 hours,"NPTEL / SWAYAM, Coursera / Udemy / edX, ChatGPT / AI tools, College LMS, WhatsApp / Telegram, Physical notes",6,,,,,,,,
780,8773494ab4b07b7f7350b8d37e960ba5d05e7caf5ffbb75a943c63465a604b7f,2026-02-03 12:28:44,Week 1,20,0 – 2 hours,3,4,Always,"ChatGPT, Google Gemini, Microsoft Copilot, Claude, Perplexity AI, QuillBot, Canva AI",3 – 6,3,"Poor internet, Mobile-only access, No quiet study space",2,4,False,50.0,Slightly worse,"Coursera / Udemy / edX, WhatsApp / Telegram (for study purposes), Physical Notes",2026-01-31 18:47:34,Tamil Nadu,IIT / NIT,B.Tech,2nd Year,9.0+,4 – 6 hours,"YouTube, NPTEL / SWAYAM, Coursera / Udemy / edX, ChatGPT / AI tools, College LMS, WhatsApp / Telegram, Physical notes",7,,,,,,,,
781,2b17d11e7d9c1af7a7fed72e60e90a5ee797f0b6e0cc8645592f6fdc2ad13cd2,2026-02-03 12:29:41,Week 1,60,6+ hours,3,3,Rarely,"ChatGPT, Google Gemini, Microsoft Copilot, Claude, Perplexity AI, Grammarly, QuillBot, Replit AI, Tabnine, Canva AI, DALL·E, Midjourney",6 – 10,3,"Poor internet, Health / stress issues",3,5,False,90.0,Slightly better,"YouTube, NPTEL / SWAYAM, Coursera / Udemy / edX, College LMS",2026-01-31 18:51:00,Tamil Nadu,State University,B.Tech,1st Year,6.0 – 7.0,2 – 4 hours,"YouTube, Coursera / Udemy / edX, ChatGPT / AI tools, Notion / Anki / Obsidian, WhatsApp / Telegram",5,,,,,,,,
782,219d4ac6903fffab5ab1d64d6ed0b331adcc691f0e116fb7f62cefba91f7b0ec,2026-02-03 12:42:02,Week 1,25,4 – 6 hours,4,3,Sometimes,"ChatGPT, Google Gemini, Perplexity AI",3 – 6,4,NaN,4,3,False,85.0,Slightly better,"YouTube, Coursera / Udemy / edX, Notion / Anki / Obsidian",2025-12-26 18:34:24,Andhra Pradesh,Private University,B.Tech,3rd Year,9.0+,0 – 2 hours,ChatGPT / AI tools,1,,,,,,,,
783,b319601b117de5d02e9d335f82997ad5d2c20f041b094bdd7a67411b8ad1543b,2026-02-03 12:43:56,Week 1,20,2 – 4 hours,2,2,Rarely,"Claude, Grammarly",1 – 3,2,Poor internet,2,4,False,75.0,Much worse,College LMS,2026-01-31 11:34:19,Tamil Nadu,State University,B.Tech,4th Year,8.0 – 9.0,0 – 2 hours,"YouTube, ChatGPT / AI tools, WhatsApp / Telegram",3,,,,,,,,
784,266344e1c50b449d6d5dbec5b4b1af3236f13cc0b97871acccf3da3697283f82,2026-02-03 12:46:15,Week 1,15,2 – 4 hours,2,2,Never,"ChatGPT, Microsoft Copilot",0,3,Health / stress issues,3,5,False,,About the same,YouTube,2026-01-16 12:24:26,Tamil Nadu,Private University,B.Tech,3rd Year,9.0+,2 – 4 hours,"YouTube, ChatGPT / AI tools, Notion / Anki / Obsidian, WhatsApp / Telegram",4,,,,,,,,
785,74d72de1f5b196019d5bbe209db2b90401f5ea949cebbdda60ac6b0f71acb482,2026-02-03 12:51:53,Week 1,35,6+ hours,5,4,Sometimes,"ChatGPT, Claude",6 – 10,5,"Mobile-only access, Health / stress issues",4,2,False,85.0,Slightly better,YouTube,2026-02-02 12:43:28,Madhya Pradesh,Central University,B.Tech,2nd Year,6.0 – 7.0,2 – 4 hours,"YouTube, ChatGPT / AI tools",2,,,,,,,,
786,74d72de1f5b196019d5bbe209db2b90401f5ea949cebbdda60ac6b0f71acb482,2026-02-03 12:53:19,Week 1,15,0 – 2 hours,2,1,Never,NaN,0,1,Poor internet,2,4,False,,About the same,"YouTube, Physical Notes",2026-02-02 12:43:28,Madhya Pradesh,Central University,B.Tech,2nd Year,6.0 – 7.0,2 – 4 hours,"YouTube, ChatGPT / AI tools",2,,,,,,,,
787,81ddebb1fc0e6b009a5655dea87854093d1374914f03d128e615c955c9007504,2026-02-03 12:55:32,Week 1,25,2 – 4 hours,3,3,Often,ChatGPT,3 – 6,3,NaN,3,3,False,78.0,Slightly better,"YouTube, Coursera / Udemy / edX, College LMS",2026-01-12 20:20:23,Tamil Nadu,Private University,B.Tech,3rd Year,7.0 – 8.0,2 – 4 hours,"YouTube, ChatGPT / AI tools, WhatsApp / Telegram, Physical notes only",4,,,,,,,,
788,a0844c331d7454600df29956fea1f640e9035aa0e376172eded377ff472dedbe,2026-02-03 17:14:22,Week 3,30,2 – 4 hours,3,2,Often,"ChatGPT, Google Gemini, GitHub Copilot",10+,5,Health / stress issues,4,5,False,,Slightly better,"YouTube, College LMS",2026-01-31 18:46:52,Karnataka,Central University,B.Sc,1st Year,7.0 – 8.0,2 – 4 hours,"NPTEL / SWAYAM, Coursera / Udemy / edX, ChatGPT / AI tools, College LMS, WhatsApp / Telegram, Physical notes",6,,,,,,,,
789,8bfc27000534160835a23ec100f95667b3894c6b3e90a6027721d3322ad782dc,2026-02-05 21:45:35,Week 1,0,4 – 6 hours,3,3,Sometimes,"ChatGPT, Google Gemini, Claude, Perplexity AI, Canva AI",1 – 3,3,NaN,3,3,False,,About the same,"YouTube, NPTEL / SWAYAM, Coursera / Udemy / edX, College LMS, WhatsApp / Telegram (for study purposes)",2026-02-05 21:46:59,Telangana,Private University,B.Tech,3rd Year,9.0+,0 – 2 hours,"YouTube, ChatGPT / AI tools, Physical notes",3,,,,,,,,
790,384ceb85e96e6aa2ecda396e81a782b00f64a547b8639cec5570f556cec3c71d,2026-02-05 21:49:41,Week 1,10,0 – 2 hours,5,3,Sometimes,"ChatGPT, Google Gemini, Microsoft Copilot, Perplexity AI, GitHub Copilot, Canva AI, Khanmigo (Khan Academy AI)",1 – 3,3,"Poor internet, Mobile-only access, No quiet study space",3,5,False,94.0,Much better,"YouTube, NPTEL / SWAYAM, Coursera / Udemy / edX, College LMS, Notion / Anki / Obsidian, WhatsApp / Telegram (for study purposes), Physical Notes",2026-02-23 10:05:39,Kerala,Private University,B.Com,2nd Year,8.0 – 9.0,4 – 6 hours,"NPTEL / SWAYAM, Coursera / Udemy / edX, College LMS, Physical notes",4,,,,,,,,
791,d2db0cecaf1edf2f34e8fcb492052acd27453600c6cc493e25700d9c3b289761,2026-02-05 21:53:36,Week 1,70,2 – 4 hours,1,1,Sometimes,ChatGPT,10+,3,NaN,2,1,False,,Slightly better,"YouTube, WhatsApp / Telegram (for study purposes)",2026-02-02 12:56:07,Uttar Pradesh,IIT / NIT,Other,2nd Year,Prefer not to say,2 – 4 hours,"YouTube, Coursera / Udemy / edX",2,,,,,,,,
792,ad04e596e1af01ab238040c91de85cefe7f49fb2aabec57135e928a5ee02305e,2026-02-05 22:29:26,Week 1,0,0 – 2 hours,1,1,Never,"ChatGPT, Google Gemini, Microsoft Copilot",1 – 3,3,"Poor internet, Mobile-only access, No quiet study space, Health / stress issues",1,4,False,70.0,About the same,YouTube,2026-02-02 13:10:08,Karnataka,IIT / NIT,BBA,Others,7.0 – 8.0,2 – 4 hours,"YouTube, NPTEL / SWAYAM",2,,,,,,,,
793,3d83828233d057f5e1e37a4c9e784850077d6638768e69b0f6b5d4e5e2dfc994,2026-02-08 10:09:09,Week 2,1,0 – 2 hours,4,1,Never,"ChatGPT, Google Gemini",3 – 6,5,NaN,5,5,False,,About the same,WhatsApp / Telegram (for study purposes),2026-01-12 21:41:37,Tamil Nadu,Private University,B.Tech,3rd Year,8.0 – 9.0,0 – 2 hours,"YouTube, ChatGPT / AI tools",2,,,,,,,,
794,7b5c4bd7d59556f437489bc9729a8c19655b90085e45e8dff621cf66913fc521,2026-02-16 08:39:48,Week 3,4,0 – 2 hours,3,1,Never,ChatGPT,6 – 10,4,NaN,4,3,False,,About the same,"YouTube, WhatsApp / Telegram (for study purposes)",2026-02-23 10:13:22,Kerala,State University,B.Tech,3rd Year,Prefer not to say,2 – 4 hours,"YouTube, NPTEL / SWAYAM, Coursera / Udemy / edX, ChatGPT / AI tools, Notion / Anki / Obsidian, College LMS, WhatsApp / Telegram, Physical notes",8,,,,,,,,
795,a0844c331d7454600df29956fea1f640e9035aa0e376172eded377ff472dedbe,2026-02-19 09:15:03,Week 2,6,0 – 2 hours,3,3,Rarely,"ChatGPT, Google Gemini, Claude",1 – 3,4,"Poor internet, No quiet study space",4,4,False,80.0,Slightly better,"YouTube, WhatsApp / Telegram (for study purposes), Physical Notes",2026-01-31 18:46:52,Karnataka,Central University,B.Sc,1st Year,7.0 – 8.0,2 – 4 hours,"NPTEL / SWAYAM, Coursera / Udemy / edX, ChatGPT / AI tools, College LMS, WhatsApp / Telegram, Physical notes",6,,,,,,,,
796,a091d9857e1b26dac9ad43d43de3cfab7f19df9cadb73e095b0b4a74a5e9bc3d,2026-02-19 09:18:05,Week 3,5,0 – 2 hours,2,2,Rarely,"ChatGPT, Google Gemini",1 – 3,2,"Poor internet, No quiet study space, Health / stress issues",2,4,False,60.0,Slightly worse,"NPTEL / SWAYAM, WhatsApp / Telegram (for study purposes), Physical Notes",2026-01-27 19:47:23,Tamil Nadu,Deemed University,B.Tech,4th Year,9.0+,0 – 2 hours,"YouTube, ChatGPT / AI tools, WhatsApp / Telegram",3,,,,,,,,
797,5e849a6892d6df48c1362529cab706d619efa96a172b3f715bc1f5ccd5ca61ec,2026-02-19 09:19:09,Week 3,6,0 – 2 hours,3,3,Never,"ChatGPT, Google Gemini, Claude, Perplexity AI, GitHub Copilot",3 – 6,3,"Poor internet, No quiet study space",3,3,False,,About the same,"YouTube, Notion / Anki / Obsidian, WhatsApp / Telegram (for study purposes), Physical Notes",2026-02-02 13:01:28,Uttar Pradesh,IIT / NIT,BA,Others,8.0 – 9.0,2 – 4 hours,"YouTube, ChatGPT / AI tools",2,,,,,,,,
798,f90ab6deefe14d178606a393182b36cdc645169d692772666b9c29214c2a4e40,2026-02-19 09:20:04,Week 4,7,2 – 4 hours,3,4,Never,"ChatGPT, Google Gemini, Microsoft Copilot, Claude, Perplexity AI",1 – 3,3,Poor internet,3,4,False,,About the same,"YouTube, WhatsApp / Telegram (for study purposes), Physical Notes",2026-02-05 21:56:57,Telangana,Private University,B.Tech,3rd Year,7.0 – 8.0,0 – 2 hours,"ChatGPT / AI tools, WhatsApp / Telegram",2,,,,,,,,
799,e14fc3506630213cf4dbb3dddf035e19aad46cfaf81f1761b7791f1f48a64d67,2026-02-19 09:21:21,Week 4,7,2 – 4 hours,3,3,Never,"ChatGPT, Google Gemini, GitHub Copilot",1 – 3,2,Health / stress issues,2,3,False,70.0,About the same,"YouTube, WhatsApp / Telegram (for study purposes), Physical Notes",2026-02-02 12:45:31,Madhya Pradesh,Central University,B.Tech,3rd Year,8.0 – 9.0,2 – 4 hours,"ChatGPT / AI tools, WhatsApp / Telegram",2,,,,,,,,
800,6cdee50dedfbbd1a46317cf81321165ab42071b577d2f1514daac32cb4160095,2026-02-19 09:22:29,Week 4,5,0 – 2 hours,1,1,Never,ChatGPT,1 – 3,2,Poor internet,2,2,False,,Slightly worse,YouTube,2026-02-02 12:39:28,Gujarat,Private University,B.Tech,3rd Year,8.0 – 9.0,6+ hours,NaN,1,,,,,,,,
801,caf626adf6b1139006e560ca8cc80b33ca449dfd93d89557b2b5dca8a09ea07f,2026-02-19 09:23:22,Week 4,8,2 – 4 hours,4,4,Never,"ChatGPT, Google Gemini, Microsoft Copilot, Claude, GitHub Copilot",3 – 6,4,Poor internet,4,4,False,60.0,Slightly better,"YouTube, WhatsApp / Telegram (for study purposes), Physical Notes",2026-02-23 10:06:05,Karnataka,Private University,BA,3rd Year,7.0 – 8.0,2 – 4 hours,"YouTube, NPTEL / SWAYAM, Coursera / Udemy / edX, ChatGPT / AI tools, Notion / Anki / Obsidian, WhatsApp / Telegram",6,,,,,,,,
802,ef4aca4b5a9ddc8cfe1cda04eef5cb540a47e603dac29e3f59b7bdd1a387191d,2026-02-22 21:39:27,Week 4,6,0 – 2 hours,5,1,Never,ChatGPT,3 – 6,4,Health / stress issues,3,3,False,80.0,Slightly worse,"WhatsApp / Telegram (for study purposes), Physical Notes",2026-02-02 12:52:17,Maharashtra,Private University,B.Tech,Others,6.0 – 7.0,2 – 4 hours,"YouTube, ChatGPT / AI tools",2,,,,,,,,
803,f8041b50a2c1379ae1a539104ac8cfff2e7475d9225620826e59c80d286afe76,2026-02-23 10:18:52,Week 1,20,2 – 4 hours,3,3,Sometimes,"ChatGPT, Google Gemini, Microsoft Copilot, Claude, Perplexity AI, Grammarly, GitHub Copilot",3 – 6,4,"Poor internet, Mobile-only access, No quiet study space, Health / stress issues",2,2,False,,About the same,"YouTube, NPTEL / SWAYAM, Coursera / Udemy / edX, College LMS, WhatsApp / Telegram (for study purposes)",2026-01-31 18:25:54,Andhra Pradesh,Private University,B.Sc,3rd Year,7.0 – 8.0,0 – 2 hours,"YouTube, NPTEL / SWAYAM, Notion / Anki / Obsidian, College LMS, WhatsApp / Telegram",5,,,,,,,,
804,27d91473394ea1f8f97a8f1740492902f4ab1abbfe0b003e4536904eaba6dca0,2026-02-23 10:19:54,Week 1,30,2 – 4 hours,3,3,Often,"ChatGPT, Microsoft Copilot, Perplexity AI, Grammarly, QuillBot, Codeium, Tabnine",3 – 6,4,"Poor internet, No quiet study space, Health / stress issues, None",5,4,False,50.0,About the same,"NPTEL / SWAYAM, College LMS, Notion / Anki / Obsidian",2026-01-31 18:43:28,Tamil Nadu,IIT / NIT,B.Tech,3rd Year,7.0 – 8.0,2 – 4 hours,"YouTube, NPTEL / SWAYAM, Coursera / Udemy / edX, ChatGPT / AI tools, Notion / Anki / Obsidian, College LMS, WhatsApp / Telegram, Physical notes",8,,,,,,,,
805,3a16c6fa9dbc26f91e12cdd112bec4f2953a34f47097d3424e3f551bb022a684,2026-02-23 10:20:56,Week 1,35,4 – 6 hours,4,4,Often,"ChatGPT, Google Gemini, Microsoft Copilot, Perplexity AI, Grammarly, QuillBot",6 – 10,4,"Poor internet, No quiet study space, Health / stress issues",3,4,False,75.0,Slightly better,"YouTube, NPTEL / SWAYAM, Coursera / Udemy / edX, College LMS, Physical Notes",2026-01-31 18:44:48,Tamil Nadu,Private University,BBA,1st Year,6.0 – 7.0,0 – 2 hours,"YouTube, Coursera / Udemy / edX, ChatGPT / AI tools, College LMS, WhatsApp / Telegram, Physical notes",6,,,,,,,,
806,f8041b50a2c1379ae1a539104ac8cfff2e7475d9225620826e59c80d286afe76,2026-02-23 10:22:44,Week 1,30,4 – 6 hours,3,3,Sometimes,"ChatGPT, Google Gemini, Microsoft Copilot, Claude, Notion AI, GitHub Copilot, Codeium",3 – 6,4,"Mobile-only access, No quiet study space",2,3,False,,About the same,"NPTEL / SWAYAM, College LMS, Notion / Anki / Obsidian, WhatsApp / Telegram (for study purposes)",2026-01-31 18:25:54,Andhra Pradesh,Private University,B.Sc,3rd Year,7.0 – 8.0,0 – 2 hours,"YouTube, NPTEL / SWAYAM, Notion / Anki / Obsidian, College LMS, WhatsApp / Telegram",5,,,,,,,,
807,2b17d11e7d9c1af7a7fed72e60e90a5ee797f0b6e0cc8645592f6fdc2ad13cd2,2026-02-23 10:23:43,Week 1,40,4 – 6 hours,2,2,Never,"ChatGPT, Google Gemini, Microsoft Copilot, Claude, Perplexity AI, Grammarly, QuillBot, Notion AI, Jasper AI, GitHub Copilot, Codeium, Replit AI, Tabnine",3 – 6,3,No quiet study space,3,4,False,59.0,Slightly worse,"YouTube, NPTEL / SWAYAM, College LMS, Notion / Anki / Obsidian, WhatsApp / Telegram (for study purposes)",2026-01-31 18:51:00,Tamil Nadu,State University,B.Tech,1st Year,6.0 – 7.0,2 – 4 hours,"YouTube, Coursera / Udemy / edX, ChatGPT / AI tools, Notion / Anki / Obsidian, WhatsApp / Telegram",5,,,,,,,,
808,b319601b117de5d02e9d335f82997ad5d2c20f041b094bdd7a67411b8ad1543b,2026-02-23 10:35:09,Week 2,45,4 – 6 hours,4,2,Rarely,"ChatGPT, Google Gemini, Microsoft Copilot, Claude, Perplexity AI, Grammarly, Jasper AI, Tabnine, Canva AI, Adobe Firefly",6 – 10,4,Mobile-only access,4,4,False,80.0,Slightly better,"YouTube, Coursera / Udemy / edX, Notion / Anki / Obsidian, Physical Notes",2026-01-31 11:34:19,Tamil Nadu,State University,B.Tech,4th Year,8.0 – 9.0,0 – 2 hours,"YouTube, ChatGPT / AI tools, WhatsApp / Telegram",3,,,,,,,,
809,1dd2975d45d1e27948cae456e3827e3b50778c013fecee985fb0422f4a492ba2,2026-02-23 10:35:57,Week 2,50,4 – 6 hours,2,2,Rarely,"ChatGPT, Google Gemini, Microsoft Copilot, Claude, Grammarly, Jasper AI, Codeium, Replit AI, DALL·E, Adobe Firefly, Khanmigo (Khan Academy AI)",6 – 10,4,NaN,4,3,False,90.0,Slightly better,"YouTube, NPTEL / SWAYAM, Coursera / Udemy / edX, College LMS, Notion / Anki / Obsidian",2026-02-19 13:17:59,Andhra Pradesh,State University,B.Tech,2nd Year,7.0 – 8.0,6+ hours,"YouTube, NPTEL / SWAYAM, Coursera / Udemy / edX, ChatGPT / AI tools, Notion / Anki / Obsidian, College LMS, WhatsApp / Telegram, Physical notes",8,,,,,,,,
810,49c29b44c0f2dba949371e3de5aaea4ace47ef333c771bda5ab86551a01e7a7d,2026-02-23 10:36:55,Week 2,60,6+ hours,3,3,Sometimes,"ChatGPT, Google Gemini, Microsoft Copilot, Claude, Grammarly, QuillBot, Jasper AI, Codeium, Tabnine, Canva AI, Adobe Firefly",10+,5,Health / stress issues,5,5,False,80.0,Slightly better,"YouTube, NPTEL / SWAYAM, Coursera / Udemy / edX, College LMS, Notion / Anki / Obsidian, WhatsApp / Telegram (for study purposes), Physical Notes",2026-02-02 12:49:39,Uttar Pradesh,Central University,B.Tech,Others,8.0 – 9.0,2 – 4 hours,"YouTube, ChatGPT / AI tools",2,,,,,,,,
811,b9c03c59028b4485073ac377b7c14dfe728898b0dccd931ebc2eea5d5b1d746a,2026-02-23 10:37:44,Week 2,70,6+ hours,3,3,Sometimes,"ChatGPT, Google Gemini, Microsoft Copilot, Claude, Perplexity AI, Grammarly, QuillBot, Notion AI, Codeium, Replit AI, Canva AI, DALL·E, Midjourney, Adobe Firefly",6 – 10,4,"Poor internet, No quiet study space, Health / stress issues",5,4,False,,About the same,"YouTube, NPTEL / SWAYAM, Coursera / Udemy / edX, College LMS, Notion / Anki / Obsidian, WhatsApp / Telegram (for study purposes), Physical Notes",2025-12-27 14:52:29,Tamil Nadu,Central University,B.Tech,3rd Year,8.0 – 9.0,2 – 4 hours,"ChatGPT / AI tools, College LMS, WhatsApp / Telegram",3,,,,,,,,
812,7b5c4bd7d59556f437489bc9729a8c19655b90085e45e8dff621cf66913fc521,2026-02-23 10:38:39,Week 2,60,6+ hours,3,3,Often,"ChatGPT, Google Gemini, Microsoft Copilot, Claude, Perplexity AI, Grammarly, Jasper AI, GitHub Copilot, Canva AI",6 – 10,3,NaN,4,4,False,75.0,Much better,"YouTube, NPTEL / SWAYAM, Coursera / Udemy / edX, College LMS, Notion / Anki / Obsidian, WhatsApp / Telegram (for study purposes), Physical Notes",2026-02-23 10:13:22,Kerala,State University,B.Tech,3rd Year,Prefer not to say,2 – 4 hours,"YouTube, NPTEL / SWAYAM, Coursera / Udemy / edX, ChatGPT / AI tools, Notion / Anki / Obsidian, College LMS, WhatsApp / Telegram, Physical notes",8,,,,,,,,
813,27d91473394ea1f8f97a8f1740492902f4ab1abbfe0b003e4536904eaba6dca0,2026-02-23 10:40:54,Week 2,70,6+ hours,4,1,Often,"ChatGPT, Google Gemini, Microsoft Copilot, Claude, Perplexity AI, Grammarly, QuillBot, Notion AI, GitHub Copilot, DALL·E",10+,4,Health / stress issues,4,4,False,85.0,About the same,"YouTube, NPTEL / SWAYAM, Coursera / Udemy / edX, College LMS, Notion / Anki / Obsidian, WhatsApp / Telegram (for study purposes), Physical Notes",2026-01-31 18:43:28,Tamil Nadu,IIT / NIT,B.Tech,3rd Year,7.0 – 8.0,2 – 4 hours,"YouTube, NPTEL / SWAYAM, Coursera / Udemy / edX, ChatGPT / AI tools, Notion / Anki / Obsidian, College LMS, WhatsApp / Telegram, Physical notes",8,,,,,,,,
814,49c29b44c0f2dba949371e3de5aaea4ace47ef333c771bda5ab86551a01e7a7d,2026-02-23 10:42:01,Week 2,65,6+ hours,4,2,Sometimes,"ChatGPT, Google Gemini, Microsoft Copilot, Claude, Perplexity AI, Grammarly, QuillBot, Notion AI, Codeium",6 – 10,4,Health / stress issues,3,3,False,70.0,Much better,"YouTube, NPTEL / SWAYAM, Coursera / Udemy / edX, College LMS, Notion / Anki / Obsidian, WhatsApp / Telegram (for study purposes), Physical Notes",2026-02-02 12:49:39,Uttar Pradesh,Central University,B.Tech,Others,8.0 – 9.0,2 – 4 hours,"YouTube, ChatGPT / AI tools",2,,,,,,,,
815,49c29b44c0f2dba949371e3de5aaea4ace47ef333c771bda5ab86551a01e7a7d,2026-02-23 10:42:59,Week 2,55,6+ hours,5,5,Always,"ChatGPT, Google Gemini, Microsoft Copilot, Claude, Perplexity AI, Grammarly, QuillBot, Jasper AI, GitHub Copilot, Replit AI",10+,5,No quiet study space,5,5,False,80.0,Slightly better,"YouTube, NPTEL / SWAYAM, Coursera / Udemy / edX, College LMS, WhatsApp / Telegram (for study purposes)",2026-02-02 12:49:39,Uttar Pradesh,Central University,B.Tech,Others,8.0 – 9.0,2 – 4 hours,"YouTube, ChatGPT / AI tools",2,,,,,,,,
816,384ceb85e96e6aa2ecda396e81a782b00f64a547b8639cec5570f556cec3c71d,2026-02-23 10:44:12,Week 2,50,6+ hours,5,2,Sometimes,"ChatGPT, Google Gemini, Microsoft Copilot, Claude, Perplexity AI, Grammarly, Notion AI, Codeium, Tabnine, Canva AI",10+,5,Mobile-only access,5,4,False,66.0,Slightly worse,"YouTube, NPTEL / SWAYAM, Coursera / Udemy / edX, College LMS, Notion / Anki / Obsidian, WhatsApp / Telegram (for study purposes), Physical Notes",2026-02-23 10:05:39,Kerala,Private University,B.Com,2nd Year,8.0 – 9.0,4 – 6 hours,"NPTEL / SWAYAM, Coursera / Udemy / edX, College LMS, Physical notes",4,,,,,,,,
817,ea6dc2fae8a61411b9d6de51699ca6787330c0036ffedddf4a649648fefe8732,2026-02-23 10:45:06,Week 2,60,6+ hours,5,3,Sometimes,"ChatGPT, Google Gemini, Microsoft Copilot, Claude, Perplexity AI, Grammarly, QuillBot, Notion AI, GitHub Copilot, Replit AI, Canva AI, Adobe Firefly",6 – 10,4,"Poor internet, No quiet study space",5,4,False,56.0,Much worse,"YouTube, NPTEL / SWAYAM, Coursera / Udemy / edX, College LMS, Notion / Anki / Obsidian, WhatsApp / Telegram (for study purposes), Physical Notes",2026-01-31 18:48:18,Andhra Pradesh,Private University,B.Tech,4th Year,7.0 – 8.0,2 – 4 hours,"YouTube, ChatGPT / AI tools, College LMS, WhatsApp / Telegram",4,,,,,,,,
818,1dd2975d45d1e27948cae456e3827e3b50778c013fecee985fb0422f4a492ba2,2026-02-23 10:46:14,Week 2,56,6+ hours,5,2,Sometimes,"ChatGPT, Google Gemini, Microsoft Copilot, Claude, Perplexity AI, Grammarly, QuillBot, Notion AI",10+,4,"Poor internet, Mobile-only access",3,3,False,60.0,Slightly worse,"YouTube, NPTEL / SWAYAM, Coursera / Udemy / edX, College LMS, Notion / Anki / Obsidian, WhatsApp / Telegram (for study purposes), Physical Notes",2026-02-19 13:17:59,Andhra Pradesh,State University,B.Tech,2nd Year,7.0 – 8.0,6+ hours,"YouTube, NPTEL / SWAYAM, Coursera / Udemy / edX, ChatGPT / AI tools, Notion / Anki / Obsidian, College LMS, WhatsApp / Telegram, Physical notes",8,,,,,,,,
846,9f7b57d47f3cd447af0a85a35c1ce5b1287d471159595088cd7493a849b93059,2026-02-26 10:10:18,Week 3,10,0 – 2 hours,1,1,Never,ChatGPT,1 – 3,2,NaN,1,1,False,,Much worse,YouTube,2026-02-02 12:38:26,Punjab,Central University,B.Tech,1st Year,6.0 – 7.0,4 – 6 hours,"YouTube, NPTEL / SWAYAM, Coursera / Udemy / edX, ChatGPT / AI tools, College LMS, WhatsApp / Telegram",6,,,,,,,,
819,32b68dc8923730efba7e69129bcc4d5555495cc9359174e99e3d50570ce6de44,2026-02-23 10:47:04,Week 2,60,4 – 6 hours,4,5,Sometimes,"ChatGPT, Google Gemini, Microsoft Copilot, Claude, Perplexity AI, Grammarly, QuillBot, Notion AI, Jasper AI",10+,5,Poor internet,5,5,False,75.0,About the same,"YouTube, College LMS, WhatsApp / Telegram (for study purposes), Physical Notes",2026-01-31 14:55:58,Kerala,State University,B.Sc,1st Year,7.0 – 8.0,0 – 2 hours,"YouTube, ChatGPT / AI tools, College LMS, WhatsApp / Telegram",4,,,,,,,,
820,219d4ac6903fffab5ab1d64d6ed0b331adcc691f0e116fb7f62cefba91f7b0ec,2026-02-23 10:48:16,Week 2,45,4 – 6 hours,5,3,Often,"ChatGPT, Google Gemini, Claude, Perplexity AI, Grammarly",6 – 10,4,Poor internet,5,4,False,90.0,Slightly better,"YouTube, NPTEL / SWAYAM, College LMS, WhatsApp / Telegram (for study purposes)",2025-12-26 18:34:24,Andhra Pradesh,Private University,B.Tech,3rd Year,9.0+,0 – 2 hours,ChatGPT / AI tools,1,,,,,,,,
821,781a9f368166d71405348c3b65fa0645e7cab12d017be1e369eb8d7a5cd5fb1d,2026-02-23 10:49:33,Week 3,20,2 – 4 hours,2,2,Rarely,"ChatGPT, Google Gemini",3 – 6,3,Poor internet,2,2,False,,Slightly worse,"YouTube, WhatsApp / Telegram (for study purposes)",2026-02-02 12:40:04,Maharashtra,IIT / NIT,B.Com,4th Year,7.0 – 8.0,2 – 4 hours,"YouTube, NPTEL / SWAYAM, Coursera / Udemy / edX, ChatGPT / AI tools, Notion / Anki / Obsidian, College LMS, WhatsApp / Telegram, Physical notes",8,,,,,,,,
822,794e3ecad2e18d7bce8d1013a9e08fe529cc63443905f9864cedec22f7a9459b,2026-02-23 11:07:02,Week 3,40,4 – 6 hours,3,3,Sometimes,"ChatGPT, Google Gemini, Microsoft Copilot, Claude, Perplexity AI, Grammarly",3 – 6,2,NaN,3,3,False,,Slightly worse,"YouTube, College LMS, Notion / Anki / Obsidian",2025-12-27 12:35:23,Tamil Nadu,Deemed University,B.Tech,3rd Year,6.0 – 7.0,0 – 2 hours,"YouTube, ChatGPT / AI tools",2,,,,,,,,
823,86b1b7c8fd97ac6aa33f3f67e3c3652ee35ae2226cc4798385726481eea05f57,2026-02-23 11:07:50,Week 3,30,2 – 4 hours,2,2,Rarely,"ChatGPT, Google Gemini, Perplexity AI, Grammarly",1 – 3,2,NaN,3,3,False,,Slightly worse,"YouTube, NPTEL / SWAYAM, Coursera / Udemy / edX, College LMS",2026-01-31 18:50:27,Tamil Nadu,Central University,B.Tech,1st Year,7.0 – 8.0,0 – 2 hours,"YouTube, ChatGPT / AI tools, College LMS, WhatsApp / Telegram",4,,,,,,,,
824,1dd2975d45d1e27948cae456e3827e3b50778c013fecee985fb0422f4a492ba2,2026-02-23 11:08:32,Week 3,30,4 – 6 hours,2,2,Sometimes,"ChatGPT, Google Gemini, Microsoft Copilot, Claude, Perplexity AI",1 – 3,2,Poor internet,2,2,False,,Much worse,"YouTube, NPTEL / SWAYAM, Coursera / Udemy / edX, College LMS",2026-02-19 13:17:59,Andhra Pradesh,State University,B.Tech,2nd Year,7.0 – 8.0,6+ hours,"YouTube, NPTEL / SWAYAM, Coursera / Udemy / edX, ChatGPT / AI tools, Notion / Anki / Obsidian, College LMS, WhatsApp / Telegram, Physical notes",8,,,,,,,,
825,1ad669ada84e5263e09135c0723aae8e30fcb58819e440892efde165dd587a5e,2026-02-23 11:09:19,Week 3,30,2 – 4 hours,3,3,Sometimes,"ChatGPT, Google Gemini, Microsoft Copilot, Claude, Perplexity AI, QuillBot",1 – 3,3,NaN,3,3,False,,About the same,"YouTube, NPTEL / SWAYAM, Coursera / Udemy / edX, College LMS",2026-02-03 11:18:21,Karnataka,State University,BBA,3rd Year,7.0 – 8.0,2 – 4 hours,"YouTube, Coursera / Udemy / edX",2,,,,,,,,
826,9c37b8db9c39e670e8422cf5afe252221762450c6f3d1f72c8ef3cdfe0a584e6,2026-02-23 11:12:41,Week 3,20,2 – 4 hours,3,3,Sometimes,"ChatGPT, Google Gemini, Microsoft Copilot, Claude, Perplexity AI, Grammarly, QuillBot",1 – 3,3,Health / stress issues,2,2,False,,Slightly worse,"YouTube, NPTEL / SWAYAM, Coursera / Udemy / edX, College LMS, Notion / Anki / Obsidian",2026-02-23 10:10:44,Tamil Nadu,State University,B.Sc,2nd Year,7.0 – 8.0,2 – 4 hours,"YouTube, NPTEL / SWAYAM, Coursera / Udemy / edX, ChatGPT / AI tools, College LMS",5,,,,,,,,
827,b319601b117de5d02e9d335f82997ad5d2c20f041b094bdd7a67411b8ad1543b,2026-02-23 11:13:20,Week 3,20,2 – 4 hours,2,2,Rarely,"ChatGPT, Google Gemini, Microsoft Copilot, Claude",1 – 3,2,NaN,3,2,False,,About the same,"YouTube, Coursera / Udemy / edX, Notion / Anki / Obsidian",2026-01-31 11:34:19,Tamil Nadu,State University,B.Tech,4th Year,8.0 – 9.0,0 – 2 hours,"YouTube, ChatGPT / AI tools, WhatsApp / Telegram",3,,,,,,,,
828,6cdee50dedfbbd1a46317cf81321165ab42071b577d2f1514daac32cb4160095,2026-02-23 11:14:00,Week 4,10,0 – 2 hours,1,1,Never,"ChatGPT, Google Gemini",1 – 3,2,Poor internet,1,1,False,,Much worse,"YouTube, Coursera / Udemy / edX",2026-02-02 12:39:28,Gujarat,Private University,B.Tech,3rd Year,8.0 – 9.0,6+ hours,NaN,1,,,,,,,,
829,27d91473394ea1f8f97a8f1740492902f4ab1abbfe0b003e4536904eaba6dca0,2026-02-24 12:14:09,Week 2,50,6+ hours,4,4,Sometimes,"ChatGPT, Google Gemini, Microsoft Copilot, Claude, Grammarly, QuillBot, Notion AI, Midjourney, Adobe Firefly, Khanmigo (Khan Academy AI)",6 – 10,5,"Poor internet, Mobile-only access, Health / stress issues",3,3,False,60.0,About the same,"YouTube, NPTEL / SWAYAM, Coursera / Udemy / edX, College LMS, Notion / Anki / Obsidian, WhatsApp / Telegram (for study purposes)",2026-01-31 18:43:28,Tamil Nadu,IIT / NIT,B.Tech,3rd Year,7.0 – 8.0,2 – 4 hours,"YouTube, NPTEL / SWAYAM, Coursera / Udemy / edX, ChatGPT / AI tools, Notion / Anki / Obsidian, College LMS, WhatsApp / Telegram, Physical notes",8,,,,,,,,
830,8773494ab4b07b7f7350b8d37e960ba5d05e7caf5ffbb75a943c63465a604b7f,2026-02-24 12:16:26,Week 2,40,4 – 6 hours,3,3,Sometimes,"ChatGPT, Google Gemini, Microsoft Copilot, Claude, Perplexity AI, Grammarly, QuillBot, GitHub Copilot, Codeium",6 – 10,4,"Poor internet, Mobile-only access, No quiet study space",3,3,False,70.0,Slightly better,"YouTube, NPTEL / SWAYAM, Coursera / Udemy / edX, College LMS, Notion / Anki / Obsidian, Physical Notes",2026-01-31 18:47:34,Tamil Nadu,IIT / NIT,B.Tech,2nd Year,9.0+,4 – 6 hours,"YouTube, NPTEL / SWAYAM, Coursera / Udemy / edX, ChatGPT / AI tools, College LMS, WhatsApp / Telegram, Physical notes",7,,,,,,,,
831,e9f047d3c2da21e5de56f3abab5c156cedf45843e25e1cc9c00e542a0848fb89,2026-02-25 23:11:19,Week 3,4,2 – 4 hours,3,3,Sometimes,"ChatGPT, Microsoft Copilot, QuillBot",1 – 3,3,No quiet study space,3,3,False,,Slightly worse,YouTube,2026-02-23 10:04:41,Andhra Pradesh,Central University,B.Tech,2nd Year,7.0 – 8.0,0 – 2 hours,"YouTube, NPTEL / SWAYAM, Coursera / Udemy / edX, Notion / Anki / Obsidian, WhatsApp / Telegram",5,,,,,,,,
832,caf626adf6b1139006e560ca8cc80b33ca449dfd93d89557b2b5dca8a09ea07f,2026-02-26 00:09:17,Week 3,2,0 – 2 hours,2,2,Rarely,ChatGPT,1 – 3,2,Poor internet,2,2,False,,Slightly worse,NaN,2026-02-23 10:06:05,Karnataka,Private University,BA,3rd Year,7.0 – 8.0,2 – 4 hours,"YouTube, NPTEL / SWAYAM, Coursera / Udemy / edX, ChatGPT / AI tools, Notion / Anki / Obsidian, WhatsApp / Telegram",6,,,,,,,,
833,3d83828233d057f5e1e37a4c9e784850077d6638768e69b0f6b5d4e5e2dfc994,2026-02-26 00:14:22,Week 2,9,6+ hours,5,5,Often,"ChatGPT, Google Gemini, Claude",3 – 6,4,NaN,4,5,False,,Much better,"YouTube, WhatsApp / Telegram (for study purposes), Physical Notes",2026-01-12 21:41:37,Tamil Nadu,Private University,B.Tech,3rd Year,8.0 – 9.0,0 – 2 hours,"YouTube, ChatGPT / AI tools",2,,,,,,,,
834,d2db0cecaf1edf2f34e8fcb492052acd27453600c6cc493e25700d9c3b289761,2026-02-26 00:14:46,Week 1,68,4 – 6 hours,4,4,Often,"ChatGPT, Google Gemini, Microsoft Copilot, Claude, Perplexity AI",10+,5,NaN,4,4,False,,Slightly better,YouTube,2026-02-02 12:56:07,Uttar Pradesh,IIT / NIT,Other,2nd Year,Prefer not to say,2 – 4 hours,"YouTube, Coursera / Udemy / edX",2,,,,,,,,
835,3a16c6fa9dbc26f91e12cdd112bec4f2953a34f47097d3424e3f551bb022a684,2026-02-26 00:16:28,Week 2,68,6+ hours,5,5,Always,"ChatGPT, Google Gemini, Microsoft Copilot, Claude, Perplexity AI",10+,5,NaN,5,5,False,80.0,Much better,"YouTube, College LMS, WhatsApp / Telegram (for study purposes), Physical Notes",2026-01-31 18:44:48,Tamil Nadu,Private University,BBA,1st Year,6.0 – 7.0,0 – 2 hours,"YouTube, Coursera / Udemy / edX, ChatGPT / AI tools, College LMS, WhatsApp / Telegram, Physical notes",6,,,,,,,,
836,63c23cf4b390284f3ce1175699f5efa501022ba212fe21be99dc9e2d21deebbf,2026-02-26 00:17:35,Week 3,50,4 – 6 hours,3,3,Sometimes,ChatGPT,3 – 6,4,NaN,2,2,False,,Slightly worse,YouTube,2026-02-02 12:38:59,Rajasthan,State University,B.Sc,2nd Year,7.0 – 8.0,4 – 6 hours,"Coursera / Udemy / edX, ChatGPT / AI tools, Notion / Anki / Obsidian, College LMS, Physical notes",5,,,,,,,,
837,7b5c4bd7d59556f437489bc9729a8c19655b90085e45e8dff621cf66913fc521,2026-02-26 00:18:16,Week 4,2,0 – 2 hours,2,2,Rarely,NaN,0,1,NaN,1,1,False,,Much worse,NaN,2026-02-23 10:13:22,Kerala,State University,B.Tech,3rd Year,Prefer not to say,2 – 4 hours,"YouTube, NPTEL / SWAYAM, Coursera / Udemy / edX, ChatGPT / AI tools, Notion / Anki / Obsidian, College LMS, WhatsApp / Telegram, Physical notes",8,,,,,,,,
838,9f7b57d47f3cd447af0a85a35c1ce5b1287d471159595088cd7493a849b93059,2026-02-26 00:18:30,Week 4,40,2 – 4 hours,3,3,Never,ChatGPT,1 – 3,3,NaN,3,1,False,,Much worse,YouTube,2026-02-02 12:38:26,Punjab,Central University,B.Tech,1st Year,6.0 – 7.0,4 – 6 hours,"YouTube, NPTEL / SWAYAM, Coursera / Udemy / edX, ChatGPT / AI tools, College LMS, WhatsApp / Telegram",6,,,,,,,,
839,3a16c6fa9dbc26f91e12cdd112bec4f2953a34f47097d3424e3f551bb022a684,2026-02-26 09:56:15,Week 1,67,6+ hours,4,4,Often,"ChatGPT, Google Gemini, Microsoft Copilot, Claude, Perplexity AI",6 – 10,4,NaN,4,4,False,,Slightly better,"YouTube, College LMS, WhatsApp / Telegram (for study purposes), Physical Notes",2026-01-31 18:44:48,Tamil Nadu,Private University,BBA,1st Year,6.0 – 7.0,0 – 2 hours,"YouTube, Coursera / Udemy / edX, ChatGPT / AI tools, College LMS, WhatsApp / Telegram, Physical notes",6,,,,,,,,
840,27d91473394ea1f8f97a8f1740492902f4ab1abbfe0b003e4536904eaba6dca0,2026-02-26 09:57:57,Week 2,69,6+ hours,5,5,Always,"ChatGPT, Google Gemini, Microsoft Copilot, Claude, Perplexity AI, Canva AI",10+,5,NaN,5,5,False,80.0,Much better,"YouTube, College LMS, WhatsApp / Telegram (for study purposes), Physical Notes",2026-01-31 18:43:28,Tamil Nadu,IIT / NIT,B.Tech,3rd Year,7.0 – 8.0,2 – 4 hours,"YouTube, NPTEL / SWAYAM, Coursera / Udemy / edX, ChatGPT / AI tools, Notion / Anki / Obsidian, College LMS, WhatsApp / Telegram, Physical notes",8,,,,,,,,
841,81ddebb1fc0e6b009a5655dea87854093d1374914f03d128e615c955c9007504,2026-02-26 10:04:30,Week 3,46,4 – 6 hours,3,3,Sometimes,"ChatGPT, Microsoft Copilot",3 – 6,2,NaN,3,2,False,,Slightly worse,"YouTube, College LMS, WhatsApp / Telegram (for study purposes), Physical Notes",2026-01-12 20:20:23,Tamil Nadu,Private University,B.Tech,3rd Year,7.0 – 8.0,2 – 4 hours,"YouTube, ChatGPT / AI tools, WhatsApp / Telegram, Physical notes only",4,,,,,,,,
842,9f7b57d47f3cd447af0a85a35c1ce5b1287d471159595088cd7493a849b93059,2026-02-26 10:05:56,Week 3,20,2 – 4 hours,2,2,Never,"ChatGPT, Google Gemini",1 – 3,2,NaN,2,1,False,,Slightly better,YouTube,2026-02-02 12:38:26,Punjab,Central University,B.Tech,1st Year,6.0 – 7.0,4 – 6 hours,"YouTube, NPTEL / SWAYAM, Coursera / Udemy / edX, ChatGPT / AI tools, College LMS, WhatsApp / Telegram",6,,,,,,,,
843,b7c45e43b3e4defcfa15c66053995acfb95306f516892ea504b4a561e64a85b9,2026-02-26 10:07:56,Week 3,10,0 – 2 hours,1,1,Never,"ChatGPT, Google Gemini",1 – 3,2,NaN,1,1,False,,Much worse,"YouTube, College LMS",2026-01-31 18:40:13,Tamil Nadu,IIT / NIT,B.Sc,2nd Year,6.0 – 7.0,0 – 2 hours,"YouTube, NPTEL / SWAYAM, ChatGPT / AI tools",3,,,,,,,,
844,2b17d11e7d9c1af7a7fed72e60e90a5ee797f0b6e0cc8645592f6fdc2ad13cd2,2026-02-26 10:07:59,Week 3,17,6+ hours,3,3,Sometimes,"ChatGPT, Perplexity AI",6 – 10,4,NaN,4,3,False,,About the same,"YouTube, WhatsApp / Telegram (for study purposes), Physical Notes",2026-01-31 18:51:00,Tamil Nadu,State University,B.Tech,1st Year,6.0 – 7.0,2 – 4 hours,"YouTube, Coursera / Udemy / edX, ChatGPT / AI tools, Notion / Anki / Obsidian, WhatsApp / Telegram",5,,,,,,,,
847,b9c03c59028b4485073ac377b7c14dfe728898b0dccd931ebc2eea5d5b1d746a,2026-02-26 10:11:24,Week 3,10,0 – 2 hours,2,2,Never,"ChatGPT, Google Gemini",1 – 3,1,NaN,2,1,False,,Much worse,YouTube,2025-12-27 14:52:29,Tamil Nadu,Central University,B.Tech,3rd Year,8.0 – 9.0,2 – 4 hours,"ChatGPT / AI tools, College LMS, WhatsApp / Telegram",3,,,,,,,,
848,266344e1c50b449d6d5dbec5b4b1af3236f13cc0b97871acccf3da3697283f82,2026-02-26 10:12:20,Week 3,10,2 – 4 hours,1,1,Never,ChatGPT,1 – 3,1,NaN,1,2,False,,Slightly worse,YouTube,2026-01-16 12:24:26,Tamil Nadu,Private University,B.Tech,3rd Year,9.0+,2 – 4 hours,"YouTube, ChatGPT / AI tools, Notion / Anki / Obsidian, WhatsApp / Telegram",4,,,,,,,,
849,f5df30de694992a770d857d674587e781574c81ffc40be127f93b6a3d3a95f48,2026-02-26 10:13:20,Week 3,10,2 – 4 hours,1,1,Never,"ChatGPT, Google Gemini",1 – 3,2,NaN,2,1,False,,Slightly worse,YouTube,2026-02-23 10:05:11,Andhra Pradesh,State University,B.Sc,3rd Year,Prefer not to say,2 – 4 hours,"YouTube, Coursera / Udemy / edX, Notion / Anki / Obsidian, WhatsApp / Telegram, Physical notes",5,,,,,,,,
850,a0844c331d7454600df29956fea1f640e9035aa0e376172eded377ff472dedbe,2026-02-26 10:14:20,Week 3,10,0 – 2 hours,1,1,Never,ChatGPT,1 – 3,2,NaN,2,1,False,,Much worse,YouTube,2026-01-31 18:46:52,Karnataka,Central University,B.Sc,1st Year,7.0 – 8.0,2 – 4 hours,"NPTEL / SWAYAM, Coursera / Udemy / edX, ChatGPT / AI tools, College LMS, WhatsApp / Telegram, Physical notes",6,,,,,,,,
851,f90ab6deefe14d178606a393182b36cdc645169d692772666b9c29214c2a4e40,2026-02-26 10:14:42,Week 4,10,6+ hours,2,2,Sometimes,"ChatGPT, Google Gemini",3 – 6,4,No quiet study space,3,3,False,,About the same,"YouTube, Coursera / Udemy / edX",2026-02-05 21:56:57,Telangana,Private University,B.Tech,3rd Year,7.0 – 8.0,0 – 2 hours,"ChatGPT / AI tools, WhatsApp / Telegram",2,,,,,,,,
852,c4fc9686cc1b927682fbf989fe97901e479c7d5a214ce073d7cc6062f4682ed6,2026-02-26 10:15:38,Week 3,8,2 – 4 hours,1,1,Never,Google Gemini,1 – 3,1,NaN,1,1,False,,Slightly worse,YouTube,2026-02-23 10:06:40,Andhra Pradesh,Private University,B.Com,3rd Year,6.0 – 7.0,0 – 2 hours,"Coursera / Udemy / edX, ChatGPT / AI tools, Notion / Anki / Obsidian, WhatsApp / Telegram",4,,,,,,,,
853,f72f420debc36def28125c58c71822ce49043914a9406e73923965f87c8cb669,2026-02-26 10:17:37,Week 3,9,0 – 2 hours,1,2,Never,ChatGPT,1 – 3,1,NaN,1,1,False,,Slightly worse,YouTube,2026-01-12 23:37:58,Karnataka,Private University,BA,3rd Year,8.0 – 9.0,0 – 2 hours,"YouTube, ChatGPT / AI tools, WhatsApp / Telegram, Physical notes only",4,,,,,,,,
854,266344e1c50b449d6d5dbec5b4b1af3236f13cc0b97871acccf3da3697283f82,2026-02-26 10:18:30,Week 3,6,0 – 2 hours,1,1,Never,ChatGPT,1 – 3,1,NaN,1,1,False,,Much worse,YouTube,2026-01-16 12:24:26,Tamil Nadu,Private University,B.Tech,3rd Year,9.0+,2 – 4 hours,"YouTube, ChatGPT / AI tools, Notion / Anki / Obsidian, WhatsApp / Telegram",4,,,,,,,,
855,e9f047d3c2da21e5de56f3abab5c156cedf45843e25e1cc9c00e542a0848fb89,2026-02-26 10:19:45,Week 3,8,0 – 2 hours,1,1,Never,ChatGPT,0,1,NaN,1,1,False,,Much worse,YouTube,2026-02-23 10:04:41,Andhra Pradesh,Central University,B.Tech,2nd Year,7.0 – 8.0,0 – 2 hours,"YouTube, NPTEL / SWAYAM, Coursera / Udemy / edX, Notion / Anki / Obsidian, WhatsApp / Telegram",5,,,,,,,,
856,794e3ecad2e18d7bce8d1013a9e08fe529cc63443905f9864cedec22f7a9459b,2026-02-26 10:21:01,Week 3,35,2 – 4 hours,2,2,Rarely,Google Gemini,1 – 3,1,NaN,1,2,False,,Slightly worse,YouTube,2025-12-27 12:35:23,Tamil Nadu,Deemed University,B.Tech,3rd Year,6.0 – 7.0,0 – 2 hours,"YouTube, ChatGPT / AI tools",2,,,,,,,,
857,a091d9857e1b26dac9ad43d43de3cfab7f19df9cadb73e095b0b4a74a5e9bc3d,2026-02-26 10:21:57,Week 3,5,0 – 2 hours,1,1,Never,ChatGPT,0,1,NaN,1,1,False,,Much worse,YouTube,2026-01-27 19:47:23,Tamil Nadu,Deemed University,B.Tech,4th Year,9.0+,0 – 2 hours,"YouTube, ChatGPT / AI tools, WhatsApp / Telegram",3,,,,,,,,
858,1dd2975d45d1e27948cae456e3827e3b50778c013fecee985fb0422f4a492ba2,2026-02-26 10:22:53,Week 3,5,0 – 2 hours,1,1,Never,ChatGPT,1 – 3,2,NaN,1,1,False,,Much worse,YouTube,2026-02-19 13:17:59,Andhra Pradesh,State University,B.Tech,2nd Year,7.0 – 8.0,6+ hours,"YouTube, NPTEL / SWAYAM, Coursera / Udemy / edX, ChatGPT / AI tools, Notion / Anki / Obsidian, College LMS, WhatsApp / Telegram, Physical notes",8,,,,,,,,
859,a0844c331d7454600df29956fea1f640e9035aa0e376172eded377ff472dedbe,2026-02-26 10:23:52,Week 3,6,0 – 2 hours,1,1,Never,Google Gemini,0,1,NaN,1,1,False,,Much worse,YouTube,2026-01-31 18:46:52,Karnataka,Central University,B.Sc,1st Year,7.0 – 8.0,2 – 4 hours,"NPTEL / SWAYAM, Coursera / Udemy / edX, ChatGPT / AI tools, College LMS, WhatsApp / Telegram, Physical notes",6,,,,,,,,
860,caf626adf6b1139006e560ca8cc80b33ca449dfd93d89557b2b5dca8a09ea07f,2026-02-26 10:25:56,Week 3,2,0 – 2 hours,1,1,Never,ChatGPT,1 – 3,1,NaN,1,1,False,,Slightly worse,YouTube,2026-02-23 10:06:05,Karnataka,Private University,BA,3rd Year,7.0 – 8.0,2 – 4 hours,"YouTube, NPTEL / SWAYAM, Coursera / Udemy / edX, ChatGPT / AI tools, Notion / Anki / Obsidian, WhatsApp / Telegram",6,,,,,,,,
861,e9f047d3c2da21e5de56f3abab5c156cedf45843e25e1cc9c00e542a0848fb89,2026-02-26 10:27:04,Week 3,4,0 – 2 hours,1,1,Never,"Claude, GitHub Copilot",1 – 3,1,NaN,1,1,False,,Much worse,YouTube,2026-02-23 10:04:41,Andhra Pradesh,Central University,B.Tech,2nd Year,7.0 – 8.0,0 – 2 hours,"YouTube, NPTEL / SWAYAM, Coursera / Udemy / edX, Notion / Anki / Obsidian, WhatsApp / Telegram",5,,,,,,,,
862,a0844c331d7454600df29956fea1f640e9035aa0e376172eded377ff472dedbe,2026-02-26 10:28:22,Week 3,4,0 – 2 hours,1,1,Never,ChatGPT,0,1,NaN,1,1,False,,Much worse,YouTube,2026-01-31 18:46:52,Karnataka,Central University,B.Sc,1st Year,7.0 – 8.0,2 – 4 hours,"NPTEL / SWAYAM, Coursera / Udemy / edX, ChatGPT / AI tools, College LMS, WhatsApp / Telegram, Physical notes",6,,,,,,,,
863,49c29b44c0f2dba949371e3de5aaea4ace47ef333c771bda5ab86551a01e7a7d,2026-02-26 10:29:45,Week 3,6,0 – 2 hours,1,1,Never,Claude,1 – 3,1,NaN,2,1,False,,Much worse,YouTube,2026-02-02 12:49:39,Uttar Pradesh,Central University,B.Tech,Others,8.0 – 9.0,2 – 4 hours,"YouTube, ChatGPT / AI tools",2,,,,,,,,
864,ace8e293cc91c35e822f9101bc4e97d2ad904d1e130b4402fd6a6642f245665e,2026-02-26 10:30:56,Week 3,10,0 – 2 hours,1,1,Never,NaN,0,1,NaN,1,1,False,,Much worse,NaN,2026-02-23 10:12:43,Kerala,State University,B.Tech,2nd Year,6.0 – 7.0,0 – 2 hours,"NPTEL / SWAYAM, Notion / Anki / Obsidian",2,,,,,,,,
865,384ceb85e96e6aa2ecda396e81a782b00f64a547b8639cec5570f556cec3c71d,2026-02-26 10:32:20,Week 3,8,0 – 2 hours,1,1,Never,Google Gemini,1 – 3,1,NaN,1,1,False,,Much worse,YouTube,2026-02-23 10:05:39,Kerala,Private University,B.Com,2nd Year,8.0 – 9.0,4 – 6 hours,"NPTEL / SWAYAM, Coursera / Udemy / edX, College LMS, Physical notes",4,,,,,,,,
866,74d72de1f5b196019d5bbe209db2b90401f5ea949cebbdda60ac6b0f71acb482,2026-02-26 10:33:22,Week 3,9,0 – 2 hours,1,1,Never,ChatGPT,0,1,NaN,1,1,False,,Much worse,YouTube,2026-02-02 12:43:28,Madhya Pradesh,Central University,B.Tech,2nd Year,6.0 – 7.0,2 – 4 hours,"YouTube, ChatGPT / AI tools",2,,,,,,,,
867,6cdee50dedfbbd1a46317cf81321165ab42071b577d2f1514daac32cb4160095,2026-02-26 10:35:00,Week 3,10,0 – 2 hours,1,1,Never,ChatGPT,0,1,NaN,1,1,False,,Much worse,YouTube,2026-02-02 12:39:28,Gujarat,Private University,B.Tech,3rd Year,8.0 – 9.0,6+ hours,NaN,1,,,,,,,,
868,32b68dc8923730efba7e69129bcc4d5555495cc9359174e99e3d50570ce6de44,2026-02-26 10:36:24,Week 3,3,0 – 2 hours,1,1,Never,Google Gemini,1 – 3,1,NaN,1,1,False,,Much worse,YouTube,2026-01-31 14:55:58,Kerala,State University,B.Sc,1st Year,7.0 – 8.0,0 – 2 hours,"YouTube, ChatGPT / AI tools, College LMS, WhatsApp / Telegram",4,,,,,,,,
869,219d4ac6903fffab5ab1d64d6ed0b331adcc691f0e116fb7f62cefba91f7b0ec,2026-02-26 10:37:39,Week 3,20,2 – 4 hours,2,2,Rarely,Google Gemini,1 – 3,2,NaN,2,2,False,,Much worse,NaN,2025-12-26 18:34:24,Andhra Pradesh,Private University,B.Tech,3rd Year,9.0+,0 – 2 hours,ChatGPT / AI tools,1,,,,,,,,
870,bed0f2897fdcff9c379616ea83849b1ca59a967db6315c91cd8fcf4fcf4c7216,2026-02-26 10:39:41,Week 3,22,4 – 6 hours,1,2,Rarely,ChatGPT,1 – 3,2,NaN,2,1,False,,Much worse,YouTube,2026-01-31 18:46:23,Andhra Pradesh,State University,B.Sc,2nd Year,7.0 – 8.0,2 – 4 hours,"YouTube, NPTEL / SWAYAM, WhatsApp / Telegram",3,,,,,,,,
871,ea6dc2fae8a61411b9d6de51699ca6787330c0036ffedddf4a649648fefe8732,2026-02-26 10:41:38,Week 3,15,2 – 4 hours,2,3,Rarely,ChatGPT,3 – 6,3,NaN,2,3,False,80.0,Slightly worse,"College LMS, WhatsApp / Telegram (for study purposes)",2026-01-31 18:48:18,Andhra Pradesh,Private University,B.Tech,4th Year,7.0 – 8.0,2 – 4 hours,"YouTube, ChatGPT / AI tools, College LMS, WhatsApp / Telegram",4,,,,,,,,
872,bed0f2897fdcff9c379616ea83849b1ca59a967db6315c91cd8fcf4fcf4c7216,2026-02-26 10:43:58,Week 3,30,4 – 6 hours,1,2,Rarely,Microsoft Copilot,0,1,NaN,2,1,False,,Slightly worse,YouTube,2026-01-31 18:46:23,Andhra Pradesh,State University,B.Sc,2nd Year,7.0 – 8.0,2 – 4 hours,"YouTube, NPTEL / SWAYAM, WhatsApp / Telegram",3,,,,,,,,
873,1dd2975d45d1e27948cae456e3827e3b50778c013fecee985fb0422f4a492ba2,2026-02-26 10:45:14,Week 3,10,2 – 4 hours,2,2,Never,Google Gemini,1 – 3,2,Poor internet,2,2,False,,Slightly worse,YouTube,2026-02-19 13:17:59,Andhra Pradesh,State University,B.Tech,2nd Year,7.0 – 8.0,6+ hours,"YouTube, NPTEL / SWAYAM, Coursera / Udemy / edX, ChatGPT / AI tools, Notion / Anki / Obsidian, College LMS, WhatsApp / Telegram, Physical notes",8,,,,,,,,
874,522e39ae01bce33e97b085b9517a3680984adf0d38e718487e3314eb74127ab2,2026-02-26 10:47:11,Week 3,10,2 – 4 hours,1,2,Never,ChatGPT,1 – 3,2,Poor internet,1,1,False,,Slightly worse,YouTube,2026-01-31 18:48:52,Tamil Nadu,State University,B.Tech,2nd Year,Below 6.0,0 – 2 hours,"YouTube, ChatGPT / AI tools, WhatsApp / Telegram",3,,,,,,,,
875,bed0f2897fdcff9c379616ea83849b1ca59a967db6315c91cd8fcf4fcf4c7216,2026-02-26 10:47:57,Week 3,10,2 – 4 hours,2,1,Never,Google Gemini,0,1,Mobile-only access,2,1,False,,Slightly worse,YouTube,2026-01-31 18:46:23,Andhra Pradesh,State University,B.Sc,2nd Year,7.0 – 8.0,2 – 4 hours,"YouTube, NPTEL / SWAYAM, WhatsApp / Telegram",3,,,,,,,,
876,26234105c87439e0dc4fb999632d3a5406775cc0728c26840e4a6b26d071341b,2026-02-26 10:48:51,Week 3,39,4 – 6 hours,2,2,Sometimes,Google Gemini,6 – 10,3,Health / stress issues,2,2,False,,Slightly worse,YouTube,2026-01-12 20:18:58,Tamil Nadu,Private University,B.Tech,2nd Year,6.0 – 7.0,0 – 2 hours,"YouTube, ChatGPT / AI tools, College LMS",3,,,,,,,,
877,8773494ab4b07b7f7350b8d37e960ba5d05e7caf5ffbb75a943c63465a604b7f,2026-02-26 10:50:06,Week 3,10,0 – 2 hours,2,1,Rarely,ChatGPT,1 – 3,1,No quiet study space,2,2,False,,Much worse,YouTube,2026-01-31 18:47:34,Tamil Nadu,IIT / NIT,B.Tech,2nd Year,9.0+,4 – 6 hours,"YouTube, NPTEL / SWAYAM, Coursera / Udemy / edX, ChatGPT / AI tools, College LMS, WhatsApp / Telegram, Physical notes",7,,,,,,,,
878,ea6dc2fae8a61411b9d6de51699ca6787330c0036ffedddf4a649648fefe8732,2026-02-26 10:51:30,Week 3,20,4 – 6 hours,2,2,Rarely,Google Gemini,1 – 3,2,Mobile-only access,2,2,False,,Slightly worse,YouTube,2026-01-31 18:48:18,Andhra Pradesh,Private University,B.Tech,4th Year,7.0 – 8.0,2 – 4 hours,"YouTube, ChatGPT / AI tools, College LMS, WhatsApp / Telegram",4,,,,,,,,
879,384ceb85e96e6aa2ecda396e81a782b00f64a547b8639cec5570f556cec3c71d,2026-02-26 10:52:28,Week 3,30,4 – 6 hours,1,2,Rarely,"ChatGPT, Google Gemini, Microsoft Copilot, Claude",6 – 10,2,NaN,3,3,False,,Slightly worse,"YouTube, College LMS",2026-02-23 10:05:39,Kerala,Private University,B.Com,2nd Year,8.0 – 9.0,4 – 6 hours,"NPTEL / SWAYAM, Coursera / Udemy / edX, College LMS, Physical notes",4,,,,,,,,
880,e9f047d3c2da21e5de56f3abab5c156cedf45843e25e1cc9c00e542a0848fb89,2026-02-26 10:53:22,Week 3,20,2 – 4 hours,2,3,Rarely,"ChatGPT, Google Gemini",1 – 3,3,NaN,2,2,False,,Slightly worse,YouTube,2026-02-23 10:04:41,Andhra Pradesh,Central University,B.Tech,2nd Year,7.0 – 8.0,0 – 2 hours,"YouTube, NPTEL / SWAYAM, Coursera / Udemy / edX, Notion / Anki / Obsidian, WhatsApp / Telegram",5,,,,,,,,
881,522e39ae01bce33e97b085b9517a3680984adf0d38e718487e3314eb74127ab2,2026-02-26 10:54:35,Week 3,20,2 – 4 hours,1,1,Never,ChatGPT,1 – 3,2,NaN,2,2,False,,Much worse,YouTube,2026-01-31 18:48:52,Tamil Nadu,State University,B.Tech,2nd Year,Below 6.0,0 – 2 hours,"YouTube, ChatGPT / AI tools, WhatsApp / Telegram",3,,,,,,,,
882,e8386eec4c2f671d625ec0a877e0c9af57a196443df6751cfd908bc4bb188c51,2026-02-26 10:56:13,Week 3,10,0 – 2 hours,1,1,Never,NaN,0,1,NaN,1,1,False,,Much worse,NaN,2026-01-31 18:42:45,Kerala,State University,B.Com,2nd Year,Prefer not to say,2 – 4 hours,"YouTube, NPTEL / SWAYAM, Coursera / Udemy / edX, Notion / Anki / Obsidian, Physical notes",5,,,,,,,,
883,32b68dc8923730efba7e69129bcc4d5555495cc9359174e99e3d50570ce6de44,2026-02-26 10:56:57,Week 3,8,2 – 4 hours,1,1,Never,ChatGPT,1 – 3,2,Poor internet,2,2,False,,Much worse,NPTEL / SWAYAM,2026-01-31 14:55:58,Kerala,State University,B.Sc,1st Year,7.0 – 8.0,0 – 2 hours,"YouTube, ChatGPT / AI tools, College LMS, WhatsApp / Telegram",4,,,,,,,,
884,8ded4921661c4a18e633a572258dbd0f9a2c004f4aa3e9e2057a670d47566de6,2026-02-26 10:57:55,Week 3,19,2 – 4 hours,2,2,Rarely,Google Gemini,0,1,Mobile-only access,2,1,False,,Slightly worse,YouTube,2026-02-03 11:19:03,Kerala,Private University,B.Sc,3rd Year,Prefer not to say,2 – 4 hours,"NPTEL / SWAYAM, WhatsApp / Telegram, Physical notes",3,,,,,,,,
885,b9c03c59028b4485073ac377b7c14dfe728898b0dccd931ebc2eea5d5b1d746a,2026-02-26 10:58:59,Week 3,10,2 – 4 hours,1,2,Rarely,Google Gemini,3 – 6,1,Poor internet,1,2,False,,Much worse,YouTube,2025-12-27 14:52:29,Tamil Nadu,Central University,B.Tech,3rd Year,8.0 – 9.0,2 – 4 hours,"ChatGPT / AI tools, College LMS, WhatsApp / Telegram",3,,,,,,,,
886,86b1b7c8fd97ac6aa33f3f67e3c3652ee35ae2226cc4798385726481eea05f57,2026-02-26 10:59:46,Week 3,20,2 – 4 hours,3,2,Rarely,Google Gemini,0,2,Poor internet,1,2,False,,Much worse,YouTube,2026-01-31 18:50:27,Tamil Nadu,Central University,B.Tech,1st Year,7.0 – 8.0,0 – 2 hours,"YouTube, ChatGPT / AI tools, College LMS, WhatsApp / Telegram",4,,,,,,,,
887,b7c45e43b3e4defcfa15c66053995acfb95306f516892ea504b4a561e64a85b9,2026-02-26 11:01:22,Week 3,10,0 – 2 hours,2,1,Rarely,ChatGPT,1 – 3,3,NaN,2,2,False,,Slightly worse,YouTube,2026-01-31 18:40:13,Tamil Nadu,IIT / NIT,B.Sc,2nd Year,6.0 – 7.0,0 – 2 hours,"YouTube, NPTEL / SWAYAM, ChatGPT / AI tools",3,,,,,,,,
888,e14fc3506630213cf4dbb3dddf035e19aad46cfaf81f1761b7791f1f48a64d67,2026-02-26 11:02:50,Week 3,6,0 – 2 hours,1,1,Never,ChatGPT,1 – 3,1,Poor internet,2,1,False,,Much worse,YouTube,2026-02-02 12:45:31,Madhya Pradesh,Central University,B.Tech,3rd Year,8.0 – 9.0,2 – 4 hours,"ChatGPT / AI tools, WhatsApp / Telegram",2,,,,,,,,
889,8ded4921661c4a18e633a572258dbd0f9a2c004f4aa3e9e2057a670d47566de6,2026-02-26 11:03:53,Week 3,10,2 – 4 hours,1,1,Never,ChatGPT,1 – 3,2,NaN,1,2,False,,Much worse,YouTube,2026-02-03 11:19:03,Kerala,Private University,B.Sc,3rd Year,Prefer not to say,2 – 4 hours,"NPTEL / SWAYAM, WhatsApp / Telegram, Physical notes",3,,,,,,,,
890,e9f047d3c2da21e5de56f3abab5c156cedf45843e25e1cc9c00e542a0848fb89,2026-02-26 11:05:33,Week 3,10,0 – 2 hours,1,1,Rarely,ChatGPT,1 – 3,1,NaN,2,1,False,,Much worse,YouTube,2026-02-23 10:04:41,Andhra Pradesh,Central University,B.Tech,2nd Year,7.0 – 8.0,0 – 2 hours,"YouTube, NPTEL / SWAYAM, Coursera / Udemy / edX, Notion / Anki / Obsidian, WhatsApp / Telegram",5,,,,,,,,
891,8ded4921661c4a18e633a572258dbd0f9a2c004f4aa3e9e2057a670d47566de6,2026-02-26 11:06:33,Week 3,10,2 – 4 hours,2,1,Rarely,Microsoft Copilot,1 – 3,2,Poor internet,2,2,False,,Much worse,YouTube,2026-02-03 11:19:03,Kerala,Private University,B.Sc,3rd Year,Prefer not to say,2 – 4 hours,"NPTEL / SWAYAM, WhatsApp / Telegram, Physical notes",3,,,,,,,,
892,26234105c87439e0dc4fb999632d3a5406775cc0728c26840e4a6b26d071341b,2026-02-26 11:07:47,Week 4,30,2 – 4 hours,2,3,Sometimes,"ChatGPT, Google Gemini, Microsoft Copilot",3 – 6,3,No quiet study space,3,2,False,,Slightly worse,"YouTube, College LMS",2026-01-12 20:18:58,Tamil Nadu,Private University,B.Tech,2nd Year,6.0 – 7.0,0 – 2 hours,"YouTube, ChatGPT / AI tools, College LMS",3,,,,,,,,
893,1dd2975d45d1e27948cae456e3827e3b50778c013fecee985fb0422f4a492ba2,2026-02-26 11:08:33,Week 4,35,2 – 4 hours,3,3,Sometimes,"ChatGPT, Google Gemini, Microsoft Copilot, Claude",3 – 6,3,NaN,3,2,False,,Slightly better,"YouTube, Physical Notes",2026-02-19 13:17:59,Andhra Pradesh,State University,B.Tech,2nd Year,7.0 – 8.0,6+ hours,"YouTube, NPTEL / SWAYAM, Coursera / Udemy / edX, ChatGPT / AI tools, Notion / Anki / Obsidian, College LMS, WhatsApp / Telegram, Physical notes",8,,,,,,,,
894,9c37b8db9c39e670e8422cf5afe252221762450c6f3d1f72c8ef3cdfe0a584e6,2026-02-26 11:09:51,Week 4,43,4 – 6 hours,3,3,Sometimes,"ChatGPT, Google Gemini, Microsoft Copilot",3 – 6,2,NaN,3,2,False,,Slightly better,"YouTube, WhatsApp / Telegram (for study purposes)",2026-02-23 10:10:44,Tamil Nadu,State University,B.Sc,2nd Year,7.0 – 8.0,2 – 4 hours,"YouTube, NPTEL / SWAYAM, Coursera / Udemy / edX, ChatGPT / AI tools, College LMS",5,,,,,,,,
895,32b68dc8923730efba7e69129bcc4d5555495cc9359174e99e3d50570ce6de44,2026-02-26 11:10:57,Week 4,40,4 – 6 hours,3,3,Sometimes,"ChatGPT, Google Gemini, Microsoft Copilot, Claude",6 – 10,3,NaN,2,3,False,,Slightly better,"YouTube, WhatsApp / Telegram (for study purposes), Physical Notes",2026-01-31 14:55:58,Kerala,State University,B.Sc,1st Year,7.0 – 8.0,0 – 2 hours,"YouTube, ChatGPT / AI tools, College LMS, WhatsApp / Telegram",4,,,,,,,,
896,27d91473394ea1f8f97a8f1740492902f4ab1abbfe0b003e4536904eaba6dca0,2026-02-26 11:12:09,Week 4,30,4 – 6 hours,3,2,Often,"ChatGPT, Google Gemini, Microsoft Copilot, Claude, Perplexity AI",3 – 6,3,NaN,3,2,False,,Slightly better,"YouTube, College LMS",2026-01-31 18:43:28,Tamil Nadu,IIT / NIT,B.Tech,3rd Year,7.0 – 8.0,2 – 4 hours,"YouTube, NPTEL / SWAYAM, Coursera / Udemy / edX, ChatGPT / AI tools, Notion / Anki / Obsidian, College LMS, WhatsApp / Telegram, Physical notes",8,,,,,,,,
897,97b26b3698560201c1218be1d50871d93f4ae1f4a79deeb268b0ba686e43fdeb,2026-02-26 11:13:04,Week 4,45,4 – 6 hours,3,3,Sometimes,"ChatGPT, Google Gemini, Microsoft Copilot",3 – 6,3,NaN,2,3,False,,Slightly better,"YouTube, WhatsApp / Telegram (for study purposes)",2025-12-26 07:18:01,Tamil Nadu,Deemed University,B.Tech,3rd Year,8.0 – 9.0,0 – 2 hours,"ChatGPT / AI tools, College LMS, WhatsApp / Telegram",3,,,,,,,,
898,bed0f2897fdcff9c379616ea83849b1ca59a967db6315c91cd8fcf4fcf4c7216,2026-02-26 11:13:57,Week 4,40,4 – 6 hours,4,3,Sometimes,"ChatGPT, Google Gemini, Microsoft Copilot",3 – 6,2,NaN,4,3,False,,Slightly better,YouTube,2026-01-31 18:46:23,Andhra Pradesh,State University,B.Sc,2nd Year,7.0 – 8.0,2 – 4 hours,"YouTube, NPTEL / SWAYAM, WhatsApp / Telegram",3,,,,,,,,
899,3a16c6fa9dbc26f91e12cdd112bec4f2953a34f47097d3424e3f551bb022a684,2026-02-26 11:14:45,Week 4,30,4 – 6 hours,2,4,Sometimes,"ChatGPT, Google Gemini, Microsoft Copilot",3 – 6,3,NaN,3,2,False,,Slightly better,"YouTube, Physical Notes",2026-01-31 18:44:48,Tamil Nadu,Private University,BBA,1st Year,6.0 – 7.0,0 – 2 hours,"YouTube, Coursera / Udemy / edX, ChatGPT / AI tools, College LMS, WhatsApp / Telegram, Physical notes",6,,,,,,,,
900,49c29b44c0f2dba949371e3de5aaea4ace47ef333c771bda5ab86551a01e7a7d,2026-02-26 11:16:21,Week 4,20,2 – 4 hours,3,4,Sometimes,"ChatGPT, Google Gemini, Microsoft Copilot",3 – 6,3,NaN,2,3,False,,Slightly better,"YouTube, WhatsApp / Telegram (for study purposes)",2026-02-02 12:49:39,Uttar Pradesh,Central University,B.Tech,Others,8.0 – 9.0,2 – 4 hours,"YouTube, ChatGPT / AI tools",2,,,,,,,,
901,f5df30de694992a770d857d674587e781574c81ffc40be127f93b6a3d3a95f48,2026-02-26 11:17:11,Week 4,43,4 – 6 hours,3,3,Rarely,"ChatGPT, Google Gemini, Microsoft Copilot, Claude",3 – 6,2,NaN,3,3,False,,Slightly better,"NPTEL / SWAYAM, Physical Notes",2026-02-23 10:05:11,Andhra Pradesh,State University,B.Sc,3rd Year,Prefer not to say,2 – 4 hours,"YouTube, Coursera / Udemy / edX, Notion / Anki / Obsidian, WhatsApp / Telegram, Physical notes",5,,,,,,,,
902,ad04e596e1af01ab238040c91de85cefe7f49fb2aabec57135e928a5ee02305e,2026-02-26 11:18:19,Week 4,45,4 – 6 hours,4,3,Rarely,"ChatGPT, Google Gemini, Microsoft Copilot",3 – 6,3,NaN,2,3,False,,Slightly better,YouTube,2026-02-02 13:10:08,Karnataka,IIT / NIT,BBA,Others,7.0 – 8.0,2 – 4 hours,"YouTube, NPTEL / SWAYAM",2,,,,,,,,
903,48cdb835c278ac6b10eed195f85632896d3be15d20d75197a0b916b2395939a6,2026-02-26 11:19:46,Week 4,42,4 – 6 hours,3,3,Sometimes,"ChatGPT, Google Gemini, Microsoft Copilot",6 – 10,2,NaN,3,3,False,,Slightly better,"YouTube, Physical Notes",2026-01-27 00:18:46,Telangana,IIT / NIT,B.Sc,3rd Year,7.0 – 8.0,0 – 2 hours,"YouTube, NPTEL / SWAYAM, ChatGPT / AI tools, WhatsApp / Telegram, Physical notes only",5,,,,,,,,
904,ef4aca4b5a9ddc8cfe1cda04eef5cb540a47e603dac29e3f59b7bdd1a387191d,2026-02-26 11:20:45,Week 4,41,4 – 6 hours,3,2,Sometimes,"ChatGPT, Google Gemini, Microsoft Copilot, Claude",3 – 6,3,NaN,4,3,False,,Slightly better,"YouTube, Physical Notes",2026-02-02 12:52:17,Maharashtra,Private University,B.Tech,Others,6.0 – 7.0,2 – 4 hours,"YouTube, ChatGPT / AI tools",2,,,,,,,,
905,f8041b50a2c1379ae1a539104ac8cfff2e7475d9225620826e59c80d286afe76,2026-02-26 11:21:36,Week 4,46,4 – 6 hours,3,3,Sometimes,"ChatGPT, Google Gemini, Microsoft Copilot",6 – 10,3,NaN,3,3,False,,Slightly better,"YouTube, Physical Notes",2026-01-31 18:25:54,Andhra Pradesh,Private University,B.Sc,3rd Year,7.0 – 8.0,0 – 2 hours,"YouTube, NPTEL / SWAYAM, Notion / Anki / Obsidian, College LMS, WhatsApp / Telegram",5,,,,,,,,
906,caf626adf6b1139006e560ca8cc80b33ca449dfd93d89557b2b5dca8a09ea07f,2026-02-26 11:22:26,Week 4,35,4 – 6 hours,3,3,Rarely,"ChatGPT, Google Gemini, Microsoft Copilot, Claude",3 – 6,3,NaN,2,3,False,,Slightly better,College LMS,2026-02-23 10:06:05,Karnataka,Private University,BA,3rd Year,7.0 – 8.0,2 – 4 hours,"YouTube, NPTEL / SWAYAM, Coursera / Udemy / edX, ChatGPT / AI tools, Notion / Anki / Obsidian, WhatsApp / Telegram",6,,,,,,,,
907,bed0f2897fdcff9c379616ea83849b1ca59a967db6315c91cd8fcf4fcf4c7216,2026-02-26 11:23:50,Week 4,43,4 – 6 hours,3,2,Sometimes,"ChatGPT, Google Gemini, Microsoft Copilot, Claude",3 – 6,2,NaN,4,4,False,,Slightly better,"YouTube, Physical Notes",2026-01-31 18:46:23,Andhra Pradesh,State University,B.Sc,2nd Year,7.0 – 8.0,2 – 4 hours,"YouTube, NPTEL / SWAYAM, WhatsApp / Telegram",3,,,,,,,,
908,81ddebb1fc0e6b009a5655dea87854093d1374914f03d128e615c955c9007504,2026-02-26 11:24:37,Week 4,35,4 – 6 hours,2,3,Rarely,"ChatGPT, Google Gemini, Microsoft Copilot",1 – 3,2,NaN,3,4,False,,Slightly worse,"YouTube, Physical Notes",2026-01-12 20:20:23,Tamil Nadu,Private University,B.Tech,3rd Year,7.0 – 8.0,2 – 4 hours,"YouTube, ChatGPT / AI tools, WhatsApp / Telegram, Physical notes only",4,,,,,,,,
909,9c37b8db9c39e670e8422cf5afe252221762450c6f3d1f72c8ef3cdfe0a584e6,2026-02-26 11:26:41,Week 4,34,2 – 4 hours,2,3,Sometimes,"ChatGPT, Google Gemini, Microsoft Copilot, Claude, Perplexity AI",3 – 6,3,NaN,3,3,False,,Slightly better,"YouTube, Physical Notes",2026-02-23 10:10:44,Tamil Nadu,State University,B.Sc,2nd Year,7.0 – 8.0,2 – 4 hours,"YouTube, NPTEL / SWAYAM, Coursera / Udemy / edX, ChatGPT / AI tools, College LMS",5,,,,,,,,
910,97b26b3698560201c1218be1d50871d93f4ae1f4a79deeb268b0ba686e43fdeb,2026-02-26 11:27:38,Week 4,35,4 – 6 hours,3,3,Sometimes,"ChatGPT, Google Gemini, Microsoft Copilot",3 – 6,3,NaN,2,2,False,,Slightly better,"YouTube, Physical Notes",2025-12-26 07:18:01,Tamil Nadu,Deemed University,B.Tech,3rd Year,8.0 – 9.0,0 – 2 hours,"ChatGPT / AI tools, College LMS, WhatsApp / Telegram",3,,,,,,,,
911,d2db0cecaf1edf2f34e8fcb492052acd27453600c6cc493e25700d9c3b289761,2026-02-26 11:28:27,Week 4,34,2 – 4 hours,2,2,Sometimes,"ChatGPT, Google Gemini, Microsoft Copilot",6 – 10,3,NaN,3,3,False,,Slightly worse,"YouTube, WhatsApp / Telegram (for study purposes)",2026-02-02 12:56:07,Uttar Pradesh,IIT / NIT,Other,2nd Year,Prefer not to say,2 – 4 hours,"YouTube, Coursera / Udemy / edX",2,,,,,,,,
912,48cdb835c278ac6b10eed195f85632896d3be15d20d75197a0b916b2395939a6,2026-02-26 11:29:18,Week 4,35,4 – 6 hours,3,3,Rarely,"ChatGPT, Google Gemini, Microsoft Copilot, Claude",3 – 6,2,NaN,2,3,False,,Slightly better,"YouTube, Physical Notes",2026-01-27 00:18:46,Telangana,IIT / NIT,B.Sc,3rd Year,7.0 – 8.0,0 – 2 hours,"YouTube, NPTEL / SWAYAM, ChatGPT / AI tools, WhatsApp / Telegram, Physical notes only",5,,,,,,,,
913,74d72de1f5b196019d5bbe209db2b90401f5ea949cebbdda60ac6b0f71acb482,2026-02-26 11:30:03,Week 4,45,4 – 6 hours,3,2,Sometimes,"ChatGPT, Google Gemini, Microsoft Copilot",3 – 6,3,NaN,2,3,False,,Slightly worse,"YouTube, WhatsApp / Telegram (for study purposes)",2026-02-02 12:43:28,Madhya Pradesh,Central University,B.Tech,2nd Year,6.0 – 7.0,2 – 4 hours,"YouTube, ChatGPT / AI tools",2,,,,,,,,
914,74d72de1f5b196019d5bbe209db2b90401f5ea949cebbdda60ac6b0f71acb482,2026-02-26 11:30:50,Week 4,45,4 – 6 hours,3,2,Sometimes,"ChatGPT, Google Gemini, Microsoft Copilot",6 – 10,2,NaN,2,3,False,,Slightly better,"YouTube, Physical Notes",2026-02-02 12:43:28,Madhya Pradesh,Central University,B.Tech,2nd Year,6.0 – 7.0,2 – 4 hours,"YouTube, ChatGPT / AI tools",2,,,,,,,,
915,8ded4921661c4a18e633a572258dbd0f9a2c004f4aa3e9e2057a670d47566de6,2026-02-26 11:31:43,Week 4,34,4 – 6 hours,3,3,Sometimes,"ChatGPT, Google Gemini, Microsoft Copilot, Claude, Perplexity AI",3 – 6,4,NaN,3,2,False,,Slightly better,"YouTube, Physical Notes",2026-02-03 11:19:03,Kerala,Private University,B.Sc,3rd Year,Prefer not to say,2 – 4 hours,"NPTEL / SWAYAM, WhatsApp / Telegram, Physical notes",3,,,,,,,,
916,522e39ae01bce33e97b085b9517a3680984adf0d38e718487e3314eb74127ab2,2026-02-26 11:32:30,Week 4,45,4 – 6 hours,4,2,Sometimes,"ChatGPT, Google Gemini, Microsoft Copilot",3 – 6,3,NaN,2,3,False,,Slightly better,"YouTube, Physical Notes",2026-01-31 18:48:52,Tamil Nadu,State University,B.Tech,2nd Year,Below 6.0,0 – 2 hours,"YouTube, ChatGPT / AI tools, WhatsApp / Telegram",3,,,,,,,,
917,132137538b93be89ed6c9815b322a7a0f58530b8c229d1809265140f5cb8c398,2026-02-26 11:33:22,Week 4,46,4 – 6 hours,3,2,Sometimes,"ChatGPT, Google Gemini, Microsoft Copilot, QuillBot",3 – 6,3,NaN,2,2,False,,Slightly better,"YouTube, College LMS",2026-01-13 19:44:22,Tamil Nadu,Deemed University,B.Tech,3rd Year,7.0 – 8.0,2 – 4 hours,"YouTube, ChatGPT / AI tools",2,,,,,,,,
918,219d4ac6903fffab5ab1d64d6ed0b331adcc691f0e116fb7f62cefba91f7b0ec,2026-02-26 11:34:07,Week 4,33,2 – 4 hours,3,2,Sometimes,"ChatGPT, Google Gemini, Microsoft Copilot, Grammarly, QuillBot",3 – 6,3,NaN,3,3,False,,Slightly better,"YouTube, College LMS",2025-12-26 18:34:24,Andhra Pradesh,Private University,B.Tech,3rd Year,9.0+,0 – 2 hours,ChatGPT / AI tools,1,,,,,,,,
919,f8ecea41f5799921e46e5d82b8d41d92dba1fca7a66ca63506cc3c0aab382672,2026-02-26 11:34:51,Week 4,43,4 – 6 hours,3,2,Sometimes,"ChatGPT, Google Gemini, Grammarly, QuillBot",3 – 6,2,NaN,3,3,False,,Slightly better,"YouTube, WhatsApp / Telegram (for study purposes)",2026-01-27 17:56:30,Uttar Pradesh,Central University,B.Tech,4th Year,7.0 – 8.0,4 – 6 hours,"YouTube, NPTEL / SWAYAM, Coursera / Udemy / edX, ChatGPT / AI tools, Notion / Anki / Obsidian",5,,,,,,,,
920,522e39ae01bce33e97b085b9517a3680984adf0d38e718487e3314eb74127ab2,2026-02-26 11:35:36,Week 4,42,4 – 6 hours,3,3,Often,"ChatGPT, Google Gemini, GitHub Copilot",6 – 10,3,NaN,2,3,False,,Slightly better,"YouTube, WhatsApp / Telegram (for study purposes)",2026-01-31 18:48:52,Tamil Nadu,State University,B.Tech,2nd Year,Below 6.0,0 – 2 hours,"YouTube, ChatGPT / AI tools, WhatsApp / Telegram",3,,,,,,,,
921,266344e1c50b449d6d5dbec5b4b1af3236f13cc0b97871acccf3da3697283f82,2026-02-26 11:36:40,Week 4,46,4 – 6 hours,3,3,Rarely,"ChatGPT, Google Gemini, Microsoft Copilot, Claude, Perplexity AI, QuillBot, GitHub Copilot",3 – 6,3,NaN,3,3,False,,Slightly better,"YouTube, College LMS",2026-01-16 12:24:26,Tamil Nadu,Private University,B.Tech,3rd Year,9.0+,2 – 4 hours,"YouTube, ChatGPT / AI tools, Notion / Anki / Obsidian, WhatsApp / Telegram",4,,,,,,,,
922,3d83828233d057f5e1e37a4c9e784850077d6638768e69b0f6b5d4e5e2dfc994,2026-02-26 11:37:27,Week 4,44,4 – 6 hours,3,3,Sometimes,"ChatGPT, Google Gemini, Microsoft Copilot",3 – 6,2,NaN,3,3,False,,Slightly better,"YouTube, WhatsApp / Telegram (for study purposes), Physical Notes",2026-01-12 21:41:37,Tamil Nadu,Private University,B.Tech,3rd Year,8.0 – 9.0,0 – 2 hours,"YouTube, ChatGPT / AI tools",2,,,,,,,,
923,781a9f368166d71405348c3b65fa0645e7cab12d017be1e369eb8d7a5cd5fb1d,2026-02-26 11:38:16,Week 4,32,4 – 6 hours,2,2,Sometimes,"ChatGPT, Google Gemini, Microsoft Copilot",3 – 6,3,NaN,3,1,False,,Slightly better,"YouTube, Physical Notes",2026-02-02 12:40:04,Maharashtra,IIT / NIT,B.Com,4th Year,7.0 – 8.0,2 – 4 hours,"YouTube, NPTEL / SWAYAM, Coursera / Udemy / edX, ChatGPT / AI tools, Notion / Anki / Obsidian, College LMS, WhatsApp / Telegram, Physical notes",8,,,,,,,,
924,3a16c6fa9dbc26f91e12cdd112bec4f2953a34f47097d3424e3f551bb022a684,2026-02-26 11:39:09,Week 4,43,4 – 6 hours,3,2,Sometimes,"ChatGPT, Google Gemini, Microsoft Copilot",1 – 3,2,NaN,2,2,False,,Slightly better,"YouTube, WhatsApp / Telegram (for study purposes)",2026-01-31 18:44:48,Tamil Nadu,Private University,BBA,1st Year,6.0 – 7.0,0 – 2 hours,"YouTube, Coursera / Udemy / edX, ChatGPT / AI tools, College LMS, WhatsApp / Telegram, Physical notes",6,,,,,,,,
925,c4fc9686cc1b927682fbf989fe97901e479c7d5a214ce073d7cc6062f4682ed6,2026-02-26 11:39:55,Week 4,44,4 – 6 hours,3,3,Rarely,"ChatGPT, Google Gemini, Microsoft Copilot",3 – 6,4,NaN,3,3,False,,Slightly better,"YouTube, WhatsApp / Telegram (for study purposes)",2026-02-23 10:06:40,Andhra Pradesh,Private University,B.Com,3rd Year,6.0 – 7.0,0 – 2 hours,"Coursera / Udemy / edX, ChatGPT / AI tools, Notion / Anki / Obsidian, WhatsApp / Telegram",4,,,,,,,,
926,9c37b8db9c39e670e8422cf5afe252221762450c6f3d1f72c8ef3cdfe0a584e6,2026-02-26 11:40:43,Week 4,44,4 – 6 hours,3,3,Sometimes,"ChatGPT, Google Gemini, Microsoft Copilot",3 – 6,3,NaN,3,2,False,,Slightly better,"YouTube, WhatsApp / Telegram (for study purposes)",2026-02-23 10:10:44,Tamil Nadu,State University,B.Sc,2nd Year,7.0 – 8.0,2 – 4 hours,"YouTube, NPTEL / SWAYAM, Coursera / Udemy / edX, ChatGPT / AI tools, College LMS",5,,,,,,,,
927,e14fc3506630213cf4dbb3dddf035e19aad46cfaf81f1761b7791f1f48a64d67,2026-02-26 11:41:27,Week 4,33,2 – 4 hours,3,2,Sometimes,"ChatGPT, Google Gemini, Microsoft Copilot",3 – 6,2,NaN,4,1,False,,Slightly better,"YouTube, WhatsApp / Telegram (for study purposes)",2026-02-02 12:45:31,Madhya Pradesh,Central University,B.Tech,3rd Year,8.0 – 9.0,2 – 4 hours,"ChatGPT / AI tools, WhatsApp / Telegram",2,,,,,,,,
928,a0844c331d7454600df29956fea1f640e9035aa0e376172eded377ff472dedbe,2026-02-26 11:42:25,Week 4,47,4 – 6 hours,3,3,Rarely,"ChatGPT, Google Gemini, Microsoft Copilot",3 – 6,2,NaN,3,3,False,,Slightly better,"YouTube, WhatsApp / Telegram (for study purposes)",2026-01-31 18:46:52,Karnataka,Central University,B.Sc,1st Year,7.0 – 8.0,2 – 4 hours,"NPTEL / SWAYAM, Coursera / Udemy / edX, ChatGPT / AI tools, College LMS, WhatsApp / Telegram, Physical notes",6,,,,,,,,
929,b9c03c59028b4485073ac377b7c14dfe728898b0dccd931ebc2eea5d5b1d746a,2026-02-26 11:43:07,Week 4,55,4 – 6 hours,3,4,Rarely,"ChatGPT, Google Gemini, Microsoft Copilot, Claude",6 – 10,3,NaN,3,3,False,,Slightly better,"YouTube, WhatsApp / Telegram (for study purposes)",2025-12-27 14:52:29,Tamil Nadu,Central University,B.Tech,3rd Year,8.0 – 9.0,2 – 4 hours,"ChatGPT / AI tools, College LMS, WhatsApp / Telegram",3,,,,,,,,
930,27d91473394ea1f8f97a8f1740492902f4ab1abbfe0b003e4536904eaba6dca0,2026-02-26 11:44:03,Week 4,54,4 – 6 hours,3,3,Rarely,"ChatGPT, Google Gemini, Microsoft Copilot",1 – 3,4,NaN,3,3,False,,Slightly better,"YouTube, WhatsApp / Telegram (for study purposes)",2026-01-31 18:43:28,Tamil Nadu,IIT / NIT,B.Tech,3rd Year,7.0 – 8.0,2 – 4 hours,"YouTube, NPTEL / SWAYAM, Coursera / Udemy / edX, ChatGPT / AI tools, Notion / Anki / Obsidian, College LMS, WhatsApp / Telegram, Physical notes",8,,,,,,,,
931,0e155a1241bd00b2d588262223a52e0f8a911a4000092f096e6968dccae9e61b,2026-02-26 11:45:19,Week 4,50,4 – 6 hours,3,3,Rarely,"ChatGPT, Google Gemini, Microsoft Copilot, Claude, Perplexity AI",1 – 3,2,NaN,3,4,False,,Slightly better,"YouTube, WhatsApp / Telegram (for study purposes), Physical Notes",2026-02-03 11:16:29,Tamil Nadu,IIT / NIT,B.Tech,4th Year,8.0 – 9.0,2 – 4 hours,"ChatGPT / AI tools, College LMS",2,,,,,,,,
932,cf47f395a464caa7ab1da1745c2d650002296d75e8eac41561b430a83f4382f8,2026-02-26 11:46:12,Week 4,33,2 – 4 hours,2,3,Sometimes,"ChatGPT, Google Gemini, Microsoft Copilot",3 – 6,2,NaN,4,3,False,,Slightly better,"YouTube, WhatsApp / Telegram (for study purposes), Physical Notes",2026-01-31 18:49:58,Tamil Nadu,Central University,B.Sc,3rd Year,7.0 – 8.0,2 – 4 hours,"YouTube, NPTEL / SWAYAM, Coursera / Udemy / edX, ChatGPT / AI tools, Notion / Anki / Obsidian",5,,,,,,,,
933,16a56bf3b362259b32e3bc7d18a95d94213241560809ad3c4d5ddba644365acb,2026-02-26 11:47:09,Week 4,44,4 – 6 hours,2,3,Rarely,"ChatGPT, Google Gemini, Microsoft Copilot, Claude",3 – 6,3,NaN,3,2,False,,Slightly better,"YouTube, Physical Notes",2026-02-19 13:19:58,Tamil Nadu,State University,B.Sc,2nd Year,8.0 – 9.0,2 – 4 hours,"YouTube, NPTEL / SWAYAM, Coursera / Udemy / edX, ChatGPT / AI tools, Notion / Anki / Obsidian",5,,,,,,,,
934,a0844c331d7454600df29956fea1f640e9035aa0e376172eded377ff472dedbe,2026-02-26 11:47:59,Week 4,44,4 – 6 hours,3,3,Often,"ChatGPT, Google Gemini, Microsoft Copilot, Claude",3 – 6,3,NaN,3,3,False,,Slightly better,"YouTube, WhatsApp / Telegram (for study purposes)",2026-01-31 18:46:52,Karnataka,Central University,B.Sc,1st Year,7.0 – 8.0,2 – 4 hours,"NPTEL / SWAYAM, Coursera / Udemy / edX, ChatGPT / AI tools, College LMS, WhatsApp / Telegram, Physical notes",6,,,,,,,,
935,6cdee50dedfbbd1a46317cf81321165ab42071b577d2f1514daac32cb4160095,2026-02-26 11:48:57,Week 4,41,4 – 6 hours,3,2,Sometimes,"ChatGPT, Google Gemini, Microsoft Copilot, Claude",3 – 6,3,NaN,4,3,False,,Slightly better,"YouTube, WhatsApp / Telegram (for study purposes)",2026-02-02 12:39:28,Gujarat,Private University,B.Tech,3rd Year,8.0 – 9.0,6+ hours,NaN,1,,,,,,,,
936,522e39ae01bce33e97b085b9517a3680984adf0d38e718487e3314eb74127ab2,2026-02-26 11:50:14,Week 4,33,2 – 4 hours,2,3,Rarely,"ChatGPT, Google Gemini, Microsoft Copilot",3 – 6,1,NaN,2,2,False,,Slightly better,"YouTube, College LMS",2026-01-31 18:48:52,Tamil Nadu,State University,B.Tech,2nd Year,Below 6.0,0 – 2 hours,"YouTube, ChatGPT / AI tools, WhatsApp / Telegram",3,,,,,,,,
937,6cdee50dedfbbd1a46317cf81321165ab42071b577d2f1514daac32cb4160095,2026-02-26 11:51:05,Week 4,44,4 – 6 hours,2,3,Sometimes,"ChatGPT, Google Gemini, Microsoft Copilot",3 – 6,3,NaN,2,2,False,,Slightly better,"YouTube, College LMS, WhatsApp / Telegram (for study purposes)",2026-02-02 12:39:28,Gujarat,Private University,B.Tech,3rd Year,8.0 – 9.0,6+ hours,NaN,1,,,,,,,,
938,8ded4921661c4a18e633a572258dbd0f9a2c004f4aa3e9e2057a670d47566de6,2026-02-26 11:51:53,Week 4,43,4 – 6 hours,3,2,Sometimes,"ChatGPT, Google Gemini, Microsoft Copilot",3 – 6,2,NaN,3,2,False,,Slightly better,"YouTube, WhatsApp / Telegram (for study purposes)",2026-02-03 11:19:03,Kerala,Private University,B.Sc,3rd Year,Prefer not to say,2 – 4 hours,"NPTEL / SWAYAM, WhatsApp / Telegram, Physical notes",3,,,,,,,,
939,f90ab6deefe14d178606a393182b36cdc645169d692772666b9c29214c2a4e40,2026-02-26 11:52:52,Week 4,45,4 – 6 hours,2,2,Sometimes,"ChatGPT, QuillBot",3 – 6,3,NaN,3,3,False,,Slightly better,"YouTube, College LMS",2026-02-05 21:56:57,Telangana,Private University,B.Tech,3rd Year,7.0 – 8.0,0 – 2 hours,"ChatGPT / AI tools, WhatsApp / Telegram",2,,,,,,,,
940,5e849a6892d6df48c1362529cab706d619efa96a172b3f715bc1f5ccd5ca61ec,2026-02-26 11:53:38,Week 4,44,2 – 4 hours,3,3,Rarely,"ChatGPT, Google Gemini, Microsoft Copilot, Claude",3 – 6,3,NaN,3,2,False,,Slightly better,"YouTube, WhatsApp / Telegram (for study purposes)",2026-02-02 13:01:28,Uttar Pradesh,IIT / NIT,BA,Others,8.0 – 9.0,2 – 4 hours,"YouTube, ChatGPT / AI tools",2,,,,,,,,
941,cf47f395a464caa7ab1da1745c2d650002296d75e8eac41561b430a83f4382f8,2026-02-26 16:28:05,Week 1,0,0 – 2 hours,1,1,Never,"ChatGPT, Google Gemini, Microsoft Copilot",1 – 3,4,Health / stress issues,1,2,False,,About the same,YouTube,2026-01-31 18:49:58,Tamil Nadu,Central University,B.Sc,3rd Year,7.0 – 8.0,2 – 4 hours,"YouTube, NPTEL / SWAYAM, Coursera / Udemy / edX, ChatGPT / AI tools, Notion / Anki / Obsidian",5,,,,,,,,
942,794e3ecad2e18d7bce8d1013a9e08fe529cc63443905f9864cedec22f7a9459b,2026-03-01 20:17:48,Week 6,5,0 – 2 hours,4,1,Never,ChatGPT,3 – 6,4,NaN,4,4,False,,About the same,WhatsApp / Telegram (for study purposes),2025-12-27 12:35:23,Tamil Nadu,Deemed University,B.Tech,3rd Year,6.0 – 7.0,0 – 2 hours,"YouTube, ChatGPT / AI tools",2,,,,,,,,
943,b319601b117de5d02e9d335f82997ad5d2c20f041b094bdd7a67411b8ad1543b,2026-03-05 16:57:48,Week 1,7,2 – 4 hours,2,2,Never,"ChatGPT, Google Gemini, Claude, QuillBot",3 – 6,2,"No quiet study space, Health / stress issues",2,2,False,70.0,Much worse,NaN,2026-01-31 11:34:19,Tamil Nadu,State University,B.Tech,4th Year,8.0 – 9.0,0 – 2 hours,"YouTube, ChatGPT / AI tools, WhatsApp / Telegram",3,,,,,,,,
944,522e39ae01bce33e97b085b9517a3680984adf0d38e718487e3314eb74127ab2,2026-03-05 16:58:48,Week 1,4,2 – 4 hours,3,3,Sometimes,"ChatGPT, Google Gemini",3 – 6,3,Mobile-only access,2,2,False,,Slightly worse,College LMS,2026-01-31 18:48:52,Tamil Nadu,State University,B.Tech,2nd Year,Below 6.0,0 – 2 hours,"YouTube, ChatGPT / AI tools, WhatsApp / Telegram",3,,,,,,,,
945,8bfc27000534160835a23ec100f95667b3894c6b3e90a6027721d3322ad782dc,2026-03-05 16:59:42,Week 1,4,2 – 4 hours,3,2,Rarely,"ChatGPT, Google Gemini",1 – 3,2,"Poor internet, Mobile-only access",2,2,False,,Slightly worse,"NPTEL / SWAYAM, College LMS",2026-02-05 21:46:59,Telangana,Private University,B.Tech,3rd Year,9.0+,0 – 2 hours,"YouTube, ChatGPT / AI tools, Physical notes",3,,,,,,,,
946,1ad669ada84e5263e09135c0723aae8e30fcb58819e440892efde165dd587a5e,2026-03-05 17:00:39,Week 1,3,2 – 4 hours,2,3,Rarely,"ChatGPT, Google Gemini",3 – 6,2,"Mobile-only access, No quiet study space",2,2,False,,Slightly worse,"YouTube, NPTEL / SWAYAM, Coursera / Udemy / edX",2026-02-03 11:18:21,Karnataka,State University,BBA,3rd Year,7.0 – 8.0,2 – 4 hours,"YouTube, Coursera / Udemy / edX",2,,,,,,,,
947,b7c45e43b3e4defcfa15c66053995acfb95306f516892ea504b4a561e64a85b9,2026-03-05 17:01:25,Week 1,3,2 – 4 hours,2,2,Rarely,"ChatGPT, Google Gemini",1 – 3,2,"Poor internet, Mobile-only access",2,2,False,,Slightly worse,"YouTube, NPTEL / SWAYAM, Coursera / Udemy / edX",2026-01-31 18:40:13,Tamil Nadu,IIT / NIT,B.Sc,2nd Year,6.0 – 7.0,0 – 2 hours,"YouTube, NPTEL / SWAYAM, ChatGPT / AI tools",3,,,,,,,,
948,219d4ac6903fffab5ab1d64d6ed0b331adcc691f0e116fb7f62cefba91f7b0ec,2026-03-05 17:03:10,Week 2,6,2 – 4 hours,2,2,Sometimes,"ChatGPT, Google Gemini, Claude",3 – 6,3,"Poor internet, Mobile-only access, No quiet study space",3,3,False,,About the same,"YouTube, NPTEL / SWAYAM, College LMS",2025-12-26 18:34:24,Andhra Pradesh,Private University,B.Tech,3rd Year,9.0+,0 – 2 hours,ChatGPT / AI tools,1,,,,,,,,
949,ef4aca4b5a9ddc8cfe1cda04eef5cb540a47e603dac29e3f59b7bdd1a387191d,2026-03-05 17:04:26,Week 2,13,2 – 4 hours,3,4,Often,"ChatGPT, Google Gemini",6 – 10,5,"No quiet study space, Health / stress issues, None",5,5,False,,Slightly better,"YouTube, NPTEL / SWAYAM",2026-02-02 12:52:17,Maharashtra,Private University,B.Tech,Others,6.0 – 7.0,2 – 4 hours,"YouTube, ChatGPT / AI tools",2,,,,,,,,
950,16a56bf3b362259b32e3bc7d18a95d94213241560809ad3c4d5ddba644365acb,2026-03-05 17:05:29,Week 1,30,4 – 6 hours,4,4,Always,"ChatGPT, Claude, Canva AI",6 – 10,3,Health / stress issues,3,3,False,80.0,Slightly worse,YouTube,2026-02-19 13:19:58,Tamil Nadu,State University,B.Sc,2nd Year,8.0 – 9.0,2 – 4 hours,"YouTube, NPTEL / SWAYAM, Coursera / Udemy / edX, ChatGPT / AI tools, Notion / Anki / Obsidian",5,,,,,,,,
951,8bfc27000534160835a23ec100f95667b3894c6b3e90a6027721d3322ad782dc,2026-03-05 17:06:14,Week 2,20,6+ hours,5,5,Often,"ChatGPT, Google Gemini",6 – 10,4,"Poor internet, Mobile-only access",4,4,False,,Slightly better,"YouTube, NPTEL / SWAYAM, Coursera / Udemy / edX",2026-02-05 21:46:59,Telangana,Private University,B.Tech,3rd Year,9.0+,0 – 2 hours,"YouTube, ChatGPT / AI tools, Physical notes",3,,,,,,,,
952,a091d9857e1b26dac9ad43d43de3cfab7f19df9cadb73e095b0b4a74a5e9bc3d,2026-03-05 17:07:04,Week 2,20,6+ hours,5,5,Sometimes,"ChatGPT, Google Gemini, Microsoft Copilot, Claude",6 – 10,4,"Poor internet, Mobile-only access",5,5,False,,About the same,"YouTube, College LMS",2026-01-27 19:47:23,Tamil Nadu,Deemed University,B.Tech,4th Year,9.0+,0 – 2 hours,"YouTube, ChatGPT / AI tools, WhatsApp / Telegram",3,,,,,,,,
953,5e849a6892d6df48c1362529cab706d619efa96a172b3f715bc1f5ccd5ca61ec,2026-03-05 17:07:50,Week 3,3,0 – 2 hours,2,1,Never,"ChatGPT, Google Gemini",1 – 3,1,Poor internet,1,1,False,,Much worse,College LMS,2026-02-02 13:01:28,Uttar Pradesh,IIT / NIT,BA,Others,8.0 – 9.0,2 – 4 hours,"YouTube, ChatGPT / AI tools",2,,,,,,,,
954,8773494ab4b07b7f7350b8d37e960ba5d05e7caf5ffbb75a943c63465a604b7f,2026-03-05 17:08:35,Week 3,2,0 – 2 hours,2,2,Rarely,Google Gemini,1 – 3,2,"Mobile-only access, No quiet study space",2,1,False,,Slightly worse,Coursera / Udemy / edX,2026-01-31 18:47:34,Tamil Nadu,IIT / NIT,B.Tech,2nd Year,9.0+,4 – 6 hours,"YouTube, NPTEL / SWAYAM, Coursera / Udemy / edX, ChatGPT / AI tools, College LMS, WhatsApp / Telegram, Physical notes",7,,,,,,,,
955,caf626adf6b1139006e560ca8cc80b33ca449dfd93d89557b2b5dca8a09ea07f,2026-03-05 17:08:36,Week 1,39,4 – 6 hours,4,3,Sometimes,"ChatGPT, Claude",6 – 10,4,Poor internet,4,4,False,,Slightly better,"YouTube, College LMS",2026-02-23 10:06:05,Karnataka,Private University,BA,3rd Year,7.0 – 8.0,2 – 4 hours,"YouTube, NPTEL / SWAYAM, Coursera / Udemy / edX, ChatGPT / AI tools, Notion / Anki / Obsidian, WhatsApp / Telegram",6,,,,,,,,
956,8773494ab4b07b7f7350b8d37e960ba5d05e7caf5ffbb75a943c63465a604b7f,2026-03-05 17:09:59,Week 3,5,0 – 2 hours,2,2,Rarely,Google Gemini,1 – 3,2,Poor internet,2,3,False,,Much worse,NPTEL / SWAYAM,2026-01-31 18:47:34,Tamil Nadu,IIT / NIT,B.Tech,2nd Year,9.0+,4 – 6 hours,"YouTube, NPTEL / SWAYAM, Coursera / Udemy / edX, ChatGPT / AI tools, College LMS, WhatsApp / Telegram, Physical notes",7,,,,,,,,
957,f90ab6deefe14d178606a393182b36cdc645169d692772666b9c29214c2a4e40,2026-03-05 17:10:05,Week 1,22,4 – 6 hours,4,4,Never,"ChatGPT, Google Gemini",6 – 10,4,Poor internet,4,3,False,66.0,About the same,NPTEL / SWAYAM,2026-02-05 21:56:57,Telangana,Private University,B.Tech,3rd Year,7.0 – 8.0,0 – 2 hours,"ChatGPT / AI tools, WhatsApp / Telegram",2,,,,,,,,
958,a0844c331d7454600df29956fea1f640e9035aa0e376172eded377ff472dedbe,2026-03-05 17:11:27,Week 3,3,2 – 4 hours,1,2,Rarely,"Claude, QuillBot",1 – 3,3,"Poor internet, Mobile-only access, No quiet study space, Health / stress issues, None",2,2,False,,Slightly worse,"Notion / Anki / Obsidian, Physical Notes",2026-01-31 18:46:52,Karnataka,Central University,B.Sc,1st Year,7.0 – 8.0,2 – 4 hours,"NPTEL / SWAYAM, Coursera / Udemy / edX, ChatGPT / AI tools, College LMS, WhatsApp / Telegram, Physical notes",6,,,,,,,,
959,f90ab6deefe14d178606a393182b36cdc645169d692772666b9c29214c2a4e40,2026-03-05 17:11:45,Week 2,35,4 – 6 hours,4,4,Often,"ChatGPT, Perplexity AI",6 – 10,4,Mobile-only access,4,4,False,75.0,About the same,"YouTube, NPTEL / SWAYAM",2026-02-05 21:56:57,Telangana,Private University,B.Tech,3rd Year,7.0 – 8.0,0 – 2 hours,"ChatGPT / AI tools, WhatsApp / Telegram",2,,,,,,,,
960,e9f047d3c2da21e5de56f3abab5c156cedf45843e25e1cc9c00e542a0848fb89,2026-03-05 17:13:19,Week 3,8,2 – 4 hours,2,3,Never,"ChatGPT, Google Gemini, Microsoft Copilot, Claude, Perplexity AI, Grammarly, QuillBot, Notion AI, Jasper AI, GitHub Copilot, Codeium, Replit AI, Tabnine, Canva AI, DALL·E, Midjourney, Adobe Firefly, Khanmigo (Khan Academy AI)",1 – 3,1,"Poor internet, Mobile-only access, No quiet study space, Health / stress issues",1,1,False,,Much worse,"YouTube, NPTEL / SWAYAM, Coursera / Udemy / edX, College LMS, Notion / Anki / Obsidian, WhatsApp / Telegram (for study purposes), Physical Notes",2026-02-23 10:04:41,Andhra Pradesh,Central University,B.Tech,2nd Year,7.0 – 8.0,0 – 2 hours,"YouTube, NPTEL / SWAYAM, Coursera / Udemy / edX, Notion / Anki / Obsidian, WhatsApp / Telegram",5,,,,,,,,
961,16a56bf3b362259b32e3bc7d18a95d94213241560809ad3c4d5ddba644365acb,2026-03-05 17:14:13,Week 2,49,4 – 6 hours,5,4,Often,"ChatGPT, Google Gemini",6 – 10,4,"Poor internet, Health / stress issues",4,5,False,70.0,Much better,"YouTube, NPTEL / SWAYAM",2026-02-19 13:19:58,Tamil Nadu,State University,B.Sc,2nd Year,8.0 – 9.0,2 – 4 hours,"YouTube, NPTEL / SWAYAM, Coursera / Udemy / edX, ChatGPT / AI tools, Notion / Anki / Obsidian",5,,,,,,,,
962,3d83828233d057f5e1e37a4c9e784850077d6638768e69b0f6b5d4e5e2dfc994,2026-03-05 17:14:43,Week 4,0,0 – 2 hours,4,1,Rarely,"ChatGPT, Google Gemini, Claude, Perplexity AI",3 – 6,3,"Poor internet, Mobile-only access, No quiet study space, Health / stress issues",2,1,False,,Much worse,"College LMS, Notion / Anki / Obsidian",2026-01-12 21:41:37,Tamil Nadu,Private University,B.Tech,3rd Year,8.0 – 9.0,0 – 2 hours,"YouTube, ChatGPT / AI tools",2,,,,,,,,
963,ef4aca4b5a9ddc8cfe1cda04eef5cb540a47e603dac29e3f59b7bdd1a387191d,2026-03-05 17:15:01,Week 2,55,4 – 6 hours,5,5,Always,"ChatGPT, Google Gemini",6 – 10,4,"Mobile-only access, No quiet study space",5,5,False,88.0,Much better,"YouTube, NPTEL / SWAYAM",2026-02-02 12:52:17,Maharashtra,Private University,B.Tech,Others,6.0 – 7.0,2 – 4 hours,"YouTube, ChatGPT / AI tools",2,,,,,,,,
964,26234105c87439e0dc4fb999632d3a5406775cc0728c26840e4a6b26d071341b,2026-03-05 17:15:53,Week 4,8,0 – 2 hours,3,2,Rarely,"ChatGPT, Claude",1 – 3,3,"Mobile-only access, No quiet study space",3,2,False,,Much worse,"YouTube, NPTEL / SWAYAM, Coursera / Udemy / edX, College LMS",2026-01-12 20:18:58,Tamil Nadu,Private University,B.Tech,2nd Year,6.0 – 7.0,0 – 2 hours,"YouTube, ChatGPT / AI tools, College LMS",3,,,,,,,,
965,f8041b50a2c1379ae1a539104ac8cfff2e7475d9225620826e59c80d286afe76,2026-03-05 17:17:21,Week 4,14,0 – 2 hours,2,2,Rarely,"ChatGPT, Google Gemini",1 – 3,2,"Poor internet, Mobile-only access",2,2,False,,Much worse,"NPTEL / SWAYAM, Coursera / Udemy / edX, WhatsApp / Telegram (for study purposes)",2026-01-31 18:25:54,Andhra Pradesh,Private University,B.Sc,3rd Year,7.0 – 8.0,0 – 2 hours,"YouTube, NPTEL / SWAYAM, Notion / Anki / Obsidian, College LMS, WhatsApp / Telegram",5,,,,,,,,
966,8773494ab4b07b7f7350b8d37e960ba5d05e7caf5ffbb75a943c63465a604b7f,2026-03-05 17:18:14,Week 4,4,2 – 4 hours,2,2,Sometimes,"ChatGPT, Google Gemini, Microsoft Copilot",3 – 6,2,"Poor internet, Mobile-only access, No quiet study space",3,3,False,,Slightly worse,"YouTube, College LMS",2026-01-31 18:47:34,Tamil Nadu,IIT / NIT,B.Tech,2nd Year,9.0+,4 – 6 hours,"YouTube, NPTEL / SWAYAM, Coursera / Udemy / edX, ChatGPT / AI tools, College LMS, WhatsApp / Telegram, Physical notes",7,,,,,,,,
967,2b17d11e7d9c1af7a7fed72e60e90a5ee797f0b6e0cc8645592f6fdc2ad13cd2,2026-03-05 17:19:01,Week 4,10,2 – 4 hours,3,2,Never,"ChatGPT, Google Gemini, Microsoft Copilot, Claude",3 – 6,2,"Poor internet, Mobile-only access, No quiet study space, Health / stress issues",2,3,False,,Slightly worse,NaN,2026-01-31 18:51:00,Tamil Nadu,State University,B.Tech,1st Year,6.0 – 7.0,2 – 4 hours,"YouTube, Coursera / Udemy / edX, ChatGPT / AI tools, Notion / Anki / Obsidian, WhatsApp / Telegram",5,,,,,,,,
968,f90ab6deefe14d178606a393182b36cdc645169d692772666b9c29214c2a4e40,2026-03-05 17:19:53,Week 3,70,6+ hours,5,5,Always,"ChatGPT, Google Gemini",10+,5,NaN,5,3,False,77.0,Slightly better,YouTube,2026-02-05 21:56:57,Telangana,Private University,B.Tech,3rd Year,7.0 – 8.0,0 – 2 hours,"ChatGPT / AI tools, WhatsApp / Telegram",2,,,,,,,,
969,2b17d11e7d9c1af7a7fed72e60e90a5ee797f0b6e0cc8645592f6fdc2ad13cd2,2026-03-05 17:20:52,Week 4,59,6+ hours,5,5,Always,"ChatGPT, Google Gemini",10+,5,Health / stress issues,5,5,False,78.0,Much better,"YouTube, NPTEL / SWAYAM",2026-01-31 18:51:00,Tamil Nadu,State University,B.Tech,1st Year,6.0 – 7.0,2 – 4 hours,"YouTube, Coursera / Udemy / edX, ChatGPT / AI tools, Notion / Anki / Obsidian, WhatsApp / Telegram",5,,,,,,,,
970,794e3ecad2e18d7bce8d1013a9e08fe529cc63443905f9864cedec22f7a9459b,2026-03-05 17:21:43,Week 4,50,6+ hours,5,5,Sometimes,"ChatGPT, Google Gemini",10+,5,Poor internet,5,5,False,50.0,Slightly worse,YouTube,2025-12-27 12:35:23,Tamil Nadu,Deemed University,B.Tech,3rd Year,6.0 – 7.0,0 – 2 hours,"YouTube, ChatGPT / AI tools",2,,,,,,,,
971,caf626adf6b1139006e560ca8cc80b33ca449dfd93d89557b2b5dca8a09ea07f,2026-03-05 17:22:39,Week 4,3,0 – 2 hours,1,1,Never,ChatGPT,1 – 3,2,Poor internet,1,1,False,34.0,Much worse,YouTube,2026-02-23 10:06:05,Karnataka,Private University,BA,3rd Year,7.0 – 8.0,2 – 4 hours,"YouTube, NPTEL / SWAYAM, Coursera / Udemy / edX, ChatGPT / AI tools, Notion / Anki / Obsidian, WhatsApp / Telegram",6,,,,,,,,
972,2b17d11e7d9c1af7a7fed72e60e90a5ee797f0b6e0cc8645592f6fdc2ad13cd2,2026-03-09 20:29:56,Week 7,1,0 – 2 hours,2,2,Never,ChatGPT,3 – 6,4,NaN,4,4,False,80.0,About the same,NaN,2026-01-31 18:51:00,Tamil Nadu,State University,B.Tech,1st Year,6.0 – 7.0,2 – 4 hours,"YouTube, Coursera / Udemy / edX, ChatGPT / AI tools, Notion / Anki / Obsidian, WhatsApp / Telegram",5,,,,,,,,
973,caf626adf6b1139006e560ca8cc80b33ca449dfd93d89557b2b5dca8a09ea07f,2025-12-26 07:20:19,Week 1,18,0 – 2 hours,3,1,Often,"ChatGPT / AI tools, College LMS, WhatsApp / Telegram",6 – 10,4,"Poor internet, No quiet study space",3,4,False,70.0,About the same,NaN,2026-02-23 10:06:05,Karnataka,Private University,BA,3rd Year,7.0 – 8.0,2 – 4 hours,"YouTube, NPTEL / SWAYAM, Coursera / Udemy / edX, ChatGPT / AI tools, Notion / Anki / Obsidian, WhatsApp / Telegram",6,,,,,,,,
974,26234105c87439e0dc4fb999632d3a5406775cc0728c26840e4a6b26d071341b,2025-12-26 19:16:08,Week 1,0,6+ hours,5,1,Never,NaN,0,1,Poor internet,5,5,False,0.0,Much better,NaN,2026-01-12 20:18:58,Tamil Nadu,Private University,B.Tech,2nd Year,6.0 – 7.0,0 – 2 hours,"YouTube, ChatGPT / AI tools, College LMS",3,,,,,,,,
975,caf626adf6b1139006e560ca8cc80b33ca449dfd93d89557b2b5dca8a09ea07f,2025-12-27 12:32:17,Week 1,30,6+ hours,5,5,Always,"YouTube, NPTEL / SWAYAM, Coursera / Udemy / edX, ChatGPT / AI tools, Notion / Anki / Obsidian, College LMS, WhatsApp / Telegram, Physical notes only, None",3 – 6,5,No quiet study space,5,5,False,10.0,Much better,NaN,2026-02-23 10:06:05,Karnataka,Private University,BA,3rd Year,7.0 – 8.0,2 – 4 hours,"YouTube, NPTEL / SWAYAM, Coursera / Udemy / edX, ChatGPT / AI tools, Notion / Anki / Obsidian, WhatsApp / Telegram",6,,,,,,,,
976,a091d9857e1b26dac9ad43d43de3cfab7f19df9cadb73e095b0b4a74a5e9bc3d,2025-12-27 12:37:17,Week 1,3,0 – 2 hours,3,1,Rarely,"YouTube, ChatGPT / AI tools, Physical notes only",3 – 6,3,"Poor internet, No quiet study space, Health / stress issues",2,1,False,70.0,Slightly worse,NaN,2026-01-27 19:47:23,Tamil Nadu,Deemed University,B.Tech,4th Year,9.0+,0 – 2 hours,"YouTube, ChatGPT / AI tools, WhatsApp / Telegram",3,,,,,,,,
977,3d83828233d057f5e1e37a4c9e784850077d6638768e69b0f6b5d4e5e2dfc994,2025-12-27 14:54:03,Week 1,10,0 – 2 hours,2,1,Rarely,"Coursera / Udemy / edX, ChatGPT / AI tools, College LMS, WhatsApp / Telegram",3 – 6,4,"Poor internet, Mobile-only access, Health / stress issues",5,5,False,50.0,About the same,NaN,2026-01-12 21:41:37,Tamil Nadu,Private University,B.Tech,3rd Year,8.0 – 9.0,0 – 2 hours,"YouTube, ChatGPT / AI tools",2,,,,,,,,
978,a0844c331d7454600df29956fea1f640e9035aa0e376172eded377ff472dedbe,2025-12-29 14:24:18,Week 1,42,6+ hours,4,4,Often,"YouTube, Coursera / Udemy / edX, ChatGPT / AI tools, Notion / Anki / Obsidian, College LMS, WhatsApp / Telegram",6 – 10,5,NaN,5,3,False,85.0,Slightly better,NaN,2026-01-31 18:46:52,Karnataka,Central University,B.Sc,1st Year,7.0 – 8.0,2 – 4 hours,"NPTEL / SWAYAM, Coursera / Udemy / edX, ChatGPT / AI tools, College LMS, WhatsApp / Telegram, Physical notes",6,,,,,,,,
979,2b17d11e7d9c1af7a7fed72e60e90a5ee797f0b6e0cc8645592f6fdc2ad13cd2,2026-01-12 20:21:27,Week 1,10,0 – 2 hours,3,1,Rarely,"ChatGPT, Google Gemini, Microsoft Copilot, Claude",3 – 6,3,"No quiet study space, Health / stress issues",3,5,False,85.0,About the same,"YouTube, College LMS, WhatsApp / Telegram (for study purposes), Physical Notes",2026-01-31 18:51:00,Tamil Nadu,State University,B.Tech,1st Year,6.0 – 7.0,2 – 4 hours,"YouTube, Coursera / Udemy / edX, ChatGPT / AI tools, Notion / Anki / Obsidian, WhatsApp / Telegram",5,,,,,,,,
980,9c37b8db9c39e670e8422cf5afe252221762450c6f3d1f72c8ef3cdfe0a584e6,2026-01-12 20:23:04,Week 1,4,0 – 2 hours,3,2,Often,"ChatGPT, Google Gemini, Perplexity AI",1 – 3,4,"Poor internet, No quiet study space",3,2,False,77.0,About the same,"YouTube, Coursera / Udemy / edX, WhatsApp / Telegram (for study purposes)",2026-02-23 10:10:44,Tamil Nadu,State University,B.Sc,2nd Year,7.0 – 8.0,2 – 4 hours,"YouTube, NPTEL / SWAYAM, Coursera / Udemy / edX, ChatGPT / AI tools, College LMS",5,,,,,,,,
981,ef4aca4b5a9ddc8cfe1cda04eef5cb540a47e603dac29e3f59b7bdd1a387191d,2026-01-12 21:35:58,Week 1,5,2 – 4 hours,2,1,Rarely,"ChatGPT, Google Gemini, Microsoft Copilot, Perplexity AI, GitHub Copilot",3 – 6,3,"Poor internet, Mobile-only access, No quiet study space",3,3,False,50.0,Slightly worse,"YouTube, NPTEL / SWAYAM, WhatsApp / Telegram (for study purposes), Physical Notes",2026-02-02 12:52:17,Maharashtra,Private University,B.Tech,Others,6.0 – 7.0,2 – 4 hours,"YouTube, ChatGPT / AI tools",2,,,,,,,,
982,ad04e596e1af01ab238040c91de85cefe7f49fb2aabec57135e928a5ee02305e,2026-01-12 21:44:30,Week 1,3,0 – 2 hours,1,1,Rarely,"ChatGPT, Google Gemini, Microsoft Copilot",1 – 3,3,NaN,2,2,False,,About the same,YouTube,2026-02-02 13:10:08,Karnataka,IIT / NIT,BBA,Others,7.0 – 8.0,2 – 4 hours,"YouTube, NPTEL / SWAYAM",2,,,,,,,,
983,16a56bf3b362259b32e3bc7d18a95d94213241560809ad3c4d5ddba644365acb,2026-01-12 22:33:54,Week 1,5,0 – 2 hours,3,2,Sometimes,"ChatGPT, Perplexity AI, Replit AI",3 – 6,4,Poor internet,3,3,False,,About the same,YouTube,2026-02-19 13:19:58,Tamil Nadu,State University,B.Sc,2nd Year,8.0 – 9.0,2 – 4 hours,"YouTube, NPTEL / SWAYAM, Coursera / Udemy / edX, ChatGPT / AI tools, Notion / Anki / Obsidian",5,,,,,,,,
984,32b68dc8923730efba7e69129bcc4d5555495cc9359174e99e3d50570ce6de44,2026-01-12 23:15:31,Week 1,2,0 – 2 hours,1,1,Never,"ChatGPT, Google Gemini",1 – 3,1,"Poor internet, No quiet study space",1,1,False,,Slightly worse,"YouTube, WhatsApp / Telegram (for study purposes), Physical Notes",2026-01-31 14:55:58,Kerala,State University,B.Sc,1st Year,7.0 – 8.0,0 – 2 hours,"YouTube, ChatGPT / AI tools, College LMS, WhatsApp / Telegram",4,,,,,,,,
985,f5df30de694992a770d857d674587e781574c81ffc40be127f93b6a3d3a95f48,2026-01-13 19:46:14,Week 2,3,2 – 4 hours,3,3,Rarely,"ChatGPT, Perplexity AI",1 – 3,3,"No quiet study space, Health / stress issues",3,3,False,,About the same,"YouTube, College LMS, Notion / Anki / Obsidian",2026-02-23 10:05:11,Andhra Pradesh,State University,B.Sc,3rd Year,Prefer not to say,2 – 4 hours,"YouTube, Coursera / Udemy / edX, Notion / Anki / Obsidian, WhatsApp / Telegram, Physical notes",5,,,,,,,,
986,8bfc27000534160835a23ec100f95667b3894c6b3e90a6027721d3322ad782dc,2026-01-16 12:27:49,Week 1,14,2 – 4 hours,2,2,Rarely,"ChatGPT, Perplexity AI",3 – 6,4,"Mobile-only access, No quiet study space",2,4,False,,Much worse,"YouTube, Notion / Anki / Obsidian, WhatsApp / Telegram (for study purposes)",2026-02-05 21:46:59,Telangana,Private University,B.Tech,3rd Year,9.0+,0 – 2 hours,"YouTube, ChatGPT / AI tools, Physical notes",3,,,,,,,,
987,8bfc27000534160835a23ec100f95667b3894c6b3e90a6027721d3322ad782dc,2026-01-31 11:32:52,Week 1,5,0 – 2 hours,4,4,Often,"ChatGPT, Google Gemini, Claude, Perplexity AI, Notion AI, Replit AI, Canva AI, DALL·E",3 – 6,4,Health / stress issues,4,4,False,80.0,Slightly better,"YouTube, WhatsApp / Telegram (for study purposes)",2026-02-05 21:46:59,Telangana,Private University,B.Tech,3rd Year,9.0+,0 – 2 hours,"YouTube, ChatGPT / AI tools, Physical notes",3,,,,,,,,
988,1dd2975d45d1e27948cae456e3827e3b50778c013fecee985fb0422f4a492ba2,2026-01-31 14:55:23,Week 1,60,4 – 6 hours,4,3,Sometimes,"ChatGPT, Microsoft Copilot, GitHub Copilot, Replit AI",3 – 6,3,"Poor internet, No quiet study space",3,3,False,,Slightly better,"YouTube, WhatsApp / Telegram (for study purposes), Physical Notes",2026-02-19 13:17:59,Andhra Pradesh,State University,B.Tech,2nd Year,7.0 – 8.0,6+ hours,"YouTube, NPTEL / SWAYAM, Coursera / Udemy / edX, ChatGPT / AI tools, Notion / Anki / Obsidian, College LMS, WhatsApp / Telegram, Physical notes",8,,,,,,,,
989,1dd2975d45d1e27948cae456e3827e3b50778c013fecee985fb0422f4a492ba2,2026-01-31 16:07:51,Week 1,20,0 – 2 hours,3,1,Never,Google Gemini,3 – 6,5,"Poor internet, No quiet study space",2,5,False,75.0,Slightly worse,"YouTube, Notion / Anki / Obsidian",2026-02-19 13:17:59,Andhra Pradesh,State University,B.Tech,2nd Year,7.0 – 8.0,6+ hours,"YouTube, NPTEL / SWAYAM, Coursera / Udemy / edX, ChatGPT / AI tools, Notion / Anki / Obsidian, College LMS, WhatsApp / Telegram, Physical notes",8,,,,,,,,
990,794e3ecad2e18d7bce8d1013a9e08fe529cc63443905f9864cedec22f7a9459b,2026-01-31 16:39:48,Week 1,20,4 – 6 hours,3,3,Sometimes,"ChatGPT, Google Gemini",1 – 3,3,Health / stress issues,3,2,False,,Slightly worse,"YouTube, NPTEL / SWAYAM, WhatsApp / Telegram (for study purposes), Physical Notes",2025-12-27 12:35:23,Tamil Nadu,Deemed University,B.Tech,3rd Year,6.0 – 7.0,0 – 2 hours,"YouTube, ChatGPT / AI tools",2,,,,,,,,
991,781a9f368166d71405348c3b65fa0645e7cab12d017be1e369eb8d7a5cd5fb1d,2026-01-31 17:56:30,Week 1,4,2 – 4 hours,1,1,Never,ChatGPT,1 – 3,3,Poor internet,1,1,False,,Much worse,Physical Notes,2026-02-02 12:40:04,Maharashtra,IIT / NIT,B.Com,4th Year,7.0 – 8.0,2 – 4 hours,"YouTube, NPTEL / SWAYAM, Coursera / Udemy / edX, ChatGPT / AI tools, Notion / Anki / Obsidian, College LMS, WhatsApp / Telegram, Physical notes",8,,,,,,,,
992,f72f420debc36def28125c58c71822ce49043914a9406e73923965f87c8cb669,2026-01-31 18:23:25,Week 1,13,0 – 2 hours,1,1,Never,"ChatGPT, Google Gemini, Perplexity AI, Canva AI",6 – 10,3,"Poor internet, Mobile-only access, Health / stress issues",2,3,False,50.0,Slightly worse,"YouTube, College LMS, WhatsApp / Telegram (for study purposes), Physical Notes",2026-01-12 23:37:58,Karnataka,Private University,BA,3rd Year,8.0 – 9.0,0 – 2 hours,"YouTube, ChatGPT / AI tools, WhatsApp / Telegram, Physical notes only",4,,,,,,,,
993,e14fc3506630213cf4dbb3dddf035e19aad46cfaf81f1761b7791f1f48a64d67,2026-01-31 18:55:41,Week 1,14,0 – 2 hours,1,1,Never,"ChatGPT, Google Gemini, Microsoft Copilot, Perplexity AI",3 – 6,3,"Poor internet, Mobile-only access",2,4,False,,Slightly worse,"YouTube, Coursera / Udemy / edX, College LMS, Physical Notes",2026-02-02 12:45:31,Madhya Pradesh,Central University,B.Tech,3rd Year,8.0 – 9.0,2 – 4 hours,"ChatGPT / AI tools, WhatsApp / Telegram",2,,,,,,,,
994,bed0f2897fdcff9c379616ea83849b1ca59a967db6315c91cd8fcf4fcf4c7216,2026-01-31 18:57:01,Week 1,23,2 – 4 hours,3,3,Sometimes,"ChatGPT, Google Gemini, Microsoft Copilot, Claude, Perplexity AI, Grammarly, QuillBot, GitHub Copilot, Canva AI, Khanmigo (Khan Academy AI)",6 – 10,4,No quiet study space,3,3,False,70.0,About the same,"YouTube, NPTEL / SWAYAM, Coursera / Udemy / edX, College LMS, WhatsApp / Telegram (for study purposes), Physical Notes",2026-01-31 18:46:23,Andhra Pradesh,State University,B.Sc,2nd Year,7.0 – 8.0,2 – 4 hours,"YouTube, NPTEL / SWAYAM, WhatsApp / Telegram",3,,,,,,,,
1016,3a16c6fa9dbc26f91e12cdd112bec4f2953a34f47097d3424e3f551bb022a684,2026-02-03 11:57:11,Week 1,50,6+ hours,5,5,Often,"ChatGPT, Google Gemini, Perplexity AI, Midjourney, None",10+,5,Health / stress issues,5,5,False,,Slightly better,"YouTube, College LMS, WhatsApp / Telegram (for study purposes)",2026-01-31 18:44:48,Tamil Nadu,Private University,BBA,1st Year,6.0 – 7.0,0 – 2 hours,"YouTube, Coursera / Udemy / edX, ChatGPT / AI tools, College LMS, WhatsApp / Telegram, Physical notes",6,,,,,,,,
995,d2db0cecaf1edf2f34e8fcb492052acd27453600c6cc493e25700d9c3b289761,2026-01-31 19:00:49,Week 1,26,2 – 4 hours,2,2,Sometimes,"ChatGPT, Google Gemini, Microsoft Copilot, Claude, Perplexity AI, Grammarly, Notion AI, GitHub Copilot, Codeium, Canva AI, DALL·E",3 – 6,3,"Poor internet, Mobile-only access",2,4,False,70.0,Slightly worse,"YouTube, NPTEL / SWAYAM, Coursera / Udemy / edX, College LMS, WhatsApp / Telegram (for study purposes), Physical Notes",2026-02-02 12:56:07,Uttar Pradesh,IIT / NIT,Other,2nd Year,Prefer not to say,2 – 4 hours,"YouTube, Coursera / Udemy / edX",2,,,,,,,,
996,219d4ac6903fffab5ab1d64d6ed0b331adcc691f0e116fb7f62cefba91f7b0ec,2026-01-31 19:02:01,Week 1,22,2 – 4 hours,3,2,Rarely,"ChatGPT, Google Gemini, Microsoft Copilot, Claude, Perplexity AI, Grammarly, GitHub Copilot, Codeium, Replit AI, Tabnine, Canva AI",6 – 10,4,NaN,3,3,False,80.0,About the same,"YouTube, NPTEL / SWAYAM, Coursera / Udemy / edX, College LMS, WhatsApp / Telegram (for study purposes), Physical Notes",2025-12-26 18:34:24,Andhra Pradesh,Private University,B.Tech,3rd Year,9.0+,0 – 2 hours,ChatGPT / AI tools,1,,,,,,,,
997,8773494ab4b07b7f7350b8d37e960ba5d05e7caf5ffbb75a943c63465a604b7f,2026-01-31 19:04:48,Week 1,30,2 – 4 hours,3,3,Sometimes,"ChatGPT, Google Gemini, Microsoft Copilot, Claude, QuillBot, Notion AI, GitHub Copilot, Midjourney, Adobe Firefly, Khanmigo (Khan Academy AI)",6 – 10,4,"Poor internet, Health / stress issues",3,5,False,,Slightly worse,"YouTube, NPTEL / SWAYAM, Coursera / Udemy / edX, College LMS, WhatsApp / Telegram (for study purposes), Physical Notes",2026-01-31 18:47:34,Tamil Nadu,IIT / NIT,B.Tech,2nd Year,9.0+,4 – 6 hours,"YouTube, NPTEL / SWAYAM, Coursera / Udemy / edX, ChatGPT / AI tools, College LMS, WhatsApp / Telegram, Physical notes",7,,,,,,,,
998,522e39ae01bce33e97b085b9517a3680984adf0d38e718487e3314eb74127ab2,2026-01-31 19:05:17,Week 1,60,4 – 6 hours,4,3,Rarely,"ChatGPT, Google Gemini",6 – 10,4,"No quiet study space, Health / stress issues",3,4,False,0.0,About the same,"YouTube, Physical Notes",2026-01-31 18:48:52,Tamil Nadu,State University,B.Tech,2nd Year,Below 6.0,0 – 2 hours,"YouTube, ChatGPT / AI tools, WhatsApp / Telegram",3,,,,,,,,
999,e9f047d3c2da21e5de56f3abab5c156cedf45843e25e1cc9c00e542a0848fb89,2026-01-31 19:06:54,Week 1,50,4 – 6 hours,3,3,Often,"ChatGPT, Google Gemini, Microsoft Copilot, Claude, Perplexity AI, GitHub Copilot",6 – 10,5,"Poor internet, No quiet study space",2,5,False,75.0,About the same,"YouTube, College LMS, WhatsApp / Telegram (for study purposes), Physical Notes",2026-02-23 10:04:41,Andhra Pradesh,Central University,B.Tech,2nd Year,7.0 – 8.0,0 – 2 hours,"YouTube, NPTEL / SWAYAM, Coursera / Udemy / edX, Notion / Anki / Obsidian, WhatsApp / Telegram",5,,,,,,,,
1000,16a56bf3b362259b32e3bc7d18a95d94213241560809ad3c4d5ddba644365acb,2026-01-31 19:10:39,Week 1,40,4 – 6 hours,4,4,Sometimes,"ChatGPT, Google Gemini, Microsoft Copilot, Claude, Perplexity AI, Grammarly, Jasper AI, GitHub Copilot, Replit AI, Canva AI, Adobe Firefly, Khanmigo (Khan Academy AI)",6 – 10,5,NaN,3,3,False,80.0,Slightly better,"YouTube, NPTEL / SWAYAM, College LMS, WhatsApp / Telegram (for study purposes), Physical Notes",2026-02-19 13:19:58,Tamil Nadu,State University,B.Sc,2nd Year,8.0 – 9.0,2 – 4 hours,"YouTube, NPTEL / SWAYAM, Coursera / Udemy / edX, ChatGPT / AI tools, Notion / Anki / Obsidian",5,,,,,,,,
1001,f72f420debc36def28125c58c71822ce49043914a9406e73923965f87c8cb669,2026-01-31 19:13:43,Week 1,50,6+ hours,3,2,Often,"ChatGPT, Google Gemini, Microsoft Copilot, Claude, Perplexity AI, Grammarly",3 – 6,4,No quiet study space,3,5,False,60.0,About the same,"YouTube, NPTEL / SWAYAM, Coursera / Udemy / edX, College LMS, WhatsApp / Telegram (for study purposes), Physical Notes",2026-01-12 23:37:58,Karnataka,Private University,BA,3rd Year,8.0 – 9.0,0 – 2 hours,"YouTube, ChatGPT / AI tools, WhatsApp / Telegram, Physical notes only",4,,,,,,,,
1002,132137538b93be89ed6c9815b322a7a0f58530b8c229d1809265140f5cb8c398,2026-01-31 19:15:02,Week 1,45,4 – 6 hours,2,2,Rarely,"ChatGPT, Google Gemini, Microsoft Copilot, Claude, Perplexity AI, Grammarly, Codeium, Replit AI, Tabnine, Canva AI",10+,5,NaN,2,4,False,70.0,Slightly worse,"YouTube, Coursera / Udemy / edX, WhatsApp / Telegram (for study purposes), Physical Notes",2026-01-13 19:44:22,Tamil Nadu,Deemed University,B.Tech,3rd Year,7.0 – 8.0,2 – 4 hours,"YouTube, ChatGPT / AI tools",2,,,,,,,,
1003,a0844c331d7454600df29956fea1f640e9035aa0e376172eded377ff472dedbe,2026-01-31 19:16:03,Week 1,35,2 – 4 hours,2,1,Never,"ChatGPT, Google Gemini",3 – 6,3,"Poor internet, No quiet study space, Health / stress issues",2,5,False,50.0,Slightly worse,"YouTube, WhatsApp / Telegram (for study purposes), Physical Notes",2026-01-31 18:46:52,Karnataka,Central University,B.Sc,1st Year,7.0 – 8.0,2 – 4 hours,"NPTEL / SWAYAM, Coursera / Udemy / edX, ChatGPT / AI tools, College LMS, WhatsApp / Telegram, Physical notes",6,,,,,,,,
1004,ad04e596e1af01ab238040c91de85cefe7f49fb2aabec57135e928a5ee02305e,2026-01-31 19:17:08,Week 1,49,6+ hours,3,2,Always,"ChatGPT, Google Gemini, Microsoft Copilot, Claude, Perplexity AI, Grammarly, Jasper AI",6 – 10,5,"Poor internet, No quiet study space, Health / stress issues",3,5,False,80.0,About the same,"YouTube, NPTEL / SWAYAM, WhatsApp / Telegram (for study purposes), Physical Notes",2026-02-02 13:10:08,Karnataka,IIT / NIT,BBA,Others,7.0 – 8.0,2 – 4 hours,"YouTube, NPTEL / SWAYAM",2,,,,,,,,
1005,8bfc27000534160835a23ec100f95667b3894c6b3e90a6027721d3322ad782dc,2026-01-31 19:18:01,Week 1,60,6+ hours,4,2,Sometimes,"ChatGPT, Google Gemini, Microsoft Copilot, Claude, Perplexity AI, Grammarly, GitHub Copilot",6 – 10,5,No quiet study space,3,3,False,75.0,About the same,"YouTube, Coursera / Udemy / edX, College LMS, WhatsApp / Telegram (for study purposes), Physical Notes",2026-02-05 21:46:59,Telangana,Private University,B.Tech,3rd Year,9.0+,0 – 2 hours,"YouTube, ChatGPT / AI tools, Physical notes",3,,,,,,,,
1006,bed0f2897fdcff9c379616ea83849b1ca59a967db6315c91cd8fcf4fcf4c7216,2026-01-31 19:38:23,Week 1,30,2 – 4 hours,3,1,Sometimes,"ChatGPT, Microsoft Copilot, Claude, Perplexity AI, Notion AI",3 – 6,4,"Poor internet, No quiet study space, Health / stress issues",3,5,False,90.0,Slightly worse,"YouTube, WhatsApp / Telegram (for study purposes), Physical Notes",2026-01-31 18:46:23,Andhra Pradesh,State University,B.Sc,2nd Year,7.0 – 8.0,2 – 4 hours,"YouTube, NPTEL / SWAYAM, WhatsApp / Telegram",3,,,,,,,,
1007,1dd2975d45d1e27948cae456e3827e3b50778c013fecee985fb0422f4a492ba2,2026-01-31 21:34:43,Week 1,2,0 – 2 hours,3,1,Sometimes,"ChatGPT, Google Gemini, Claude, Perplexity AI, Notion AI",1 – 3,4,"Poor internet, Mobile-only access, No quiet study space, Health / stress issues",3,5,False,80.0,Slightly worse,"YouTube, Notion / Anki / Obsidian, Physical Notes",2026-02-19 13:17:59,Andhra Pradesh,State University,B.Tech,2nd Year,7.0 – 8.0,6+ hours,"YouTube, NPTEL / SWAYAM, Coursera / Udemy / edX, ChatGPT / AI tools, Notion / Anki / Obsidian, College LMS, WhatsApp / Telegram, Physical notes",8,,,,,,,,
1008,32b68dc8923730efba7e69129bcc4d5555495cc9359174e99e3d50570ce6de44,2026-01-31 21:35:59,Week 1,22,2 – 4 hours,4,4,Sometimes,"ChatGPT, Google Gemini, Perplexity AI",6 – 10,5,"Poor internet, Mobile-only access, Health / stress issues",4,5,False,,Much better,"YouTube, College LMS, Notion / Anki / Obsidian, WhatsApp / Telegram (for study purposes), Physical Notes",2026-01-31 14:55:58,Kerala,State University,B.Sc,1st Year,7.0 – 8.0,0 – 2 hours,"YouTube, ChatGPT / AI tools, College LMS, WhatsApp / Telegram",4,,,,,,,,
1009,f90ab6deefe14d178606a393182b36cdc645169d692772666b9c29214c2a4e40,2026-02-01 20:06:39,Week 1,6,0 – 2 hours,4,1,Never,"ChatGPT, Google Gemini",3 – 6,5,Health / stress issues,5,4,False,80.0,About the same,"YouTube, WhatsApp / Telegram (for study purposes), Physical Notes",2026-02-05 21:56:57,Telangana,Private University,B.Tech,3rd Year,7.0 – 8.0,0 – 2 hours,"ChatGPT / AI tools, WhatsApp / Telegram",2,,,,,,,,
1010,74d72de1f5b196019d5bbe209db2b90401f5ea949cebbdda60ac6b0f71acb482,2026-02-02 00:28:33,Week 1,3,0 – 2 hours,1,1,Rarely,"ChatGPT, Google Gemini, Microsoft Copilot, Claude, Perplexity AI, Grammarly",1 – 3,4,"No quiet study space, Health / stress issues",1,4,False,,About the same,"YouTube, College LMS, WhatsApp / Telegram (for study purposes), Physical Notes",2026-02-02 12:43:28,Madhya Pradesh,Central University,B.Tech,2nd Year,6.0 – 7.0,2 – 4 hours,"YouTube, ChatGPT / AI tools",2,,,,,,,,
1011,132137538b93be89ed6c9815b322a7a0f58530b8c229d1809265140f5cb8c398,2026-02-02 21:55:05,Week 1,12,2 – 4 hours,3,3,Rarely,"ChatGPT, Google Gemini, Claude, Canva AI",3 – 6,3,Mobile-only access,3,3,False,,About the same,"YouTube, Coursera / Udemy / edX",2026-01-13 19:44:22,Tamil Nadu,Deemed University,B.Tech,3rd Year,7.0 – 8.0,2 – 4 hours,"YouTube, ChatGPT / AI tools",2,,,,,,,,
1012,8ded4921661c4a18e633a572258dbd0f9a2c004f4aa3e9e2057a670d47566de6,2026-02-03 10:30:21,Week 1,20,2 – 4 hours,3,1,Often,"ChatGPT, Google Gemini",10+,5,Health / stress issues,3,4,False,,About the same,YouTube,2026-02-03 11:19:03,Kerala,Private University,B.Sc,3rd Year,Prefer not to say,2 – 4 hours,"NPTEL / SWAYAM, WhatsApp / Telegram, Physical notes",3,,,,,,,,
1013,63c23cf4b390284f3ce1175699f5efa501022ba212fe21be99dc9e2d21deebbf,2026-02-03 10:38:09,Week 2,16,0 – 2 hours,5,5,Always,"ChatGPT, Google Gemini, Claude, Perplexity AI, GitHub Copilot",1 – 3,4,No quiet study space,4,4,False,85.0,Much better,"YouTube, Coursera / Udemy / edX, Physical Notes",2026-02-02 12:38:59,Rajasthan,State University,B.Sc,2nd Year,7.0 – 8.0,4 – 6 hours,"Coursera / Udemy / edX, ChatGPT / AI tools, Notion / Anki / Obsidian, College LMS, Physical notes",5,,,,,,,,
1014,132137538b93be89ed6c9815b322a7a0f58530b8c229d1809265140f5cb8c398,2026-02-03 11:15:07,Week 2,9,0 – 2 hours,3,3,Sometimes,"Claude, Perplexity AI, Grammarly, QuillBot, GitHub Copilot",1 – 3,3,"Poor internet, Mobile-only access",3,3,False,,About the same,"Coursera / Udemy / edX, Notion / Anki / Obsidian",2026-01-13 19:44:22,Tamil Nadu,Deemed University,B.Tech,3rd Year,7.0 – 8.0,2 – 4 hours,"YouTube, ChatGPT / AI tools",2,,,,,,,,
1015,f5df30de694992a770d857d674587e781574c81ffc40be127f93b6a3d3a95f48,2026-02-03 11:16:33,Week 2,5,2 – 4 hours,3,2,Sometimes,"ChatGPT, Google Gemini",6 – 10,3,"Poor internet, Mobile-only access, No quiet study space, Health / stress issues",2,4,False,50.0,Slightly worse,"YouTube, WhatsApp / Telegram (for study purposes)",2026-02-23 10:05:11,Andhra Pradesh,State University,B.Sc,3rd Year,Prefer not to say,2 – 4 hours,"YouTube, Coursera / Udemy / edX, Notion / Anki / Obsidian, WhatsApp / Telegram, Physical notes",5,,,,,,,,
1088,81ddebb1fc0e6b009a5655dea87854093d1374914f03d128e615c955c9007504,2026-02-26 10:11:24,Week 3,10,0 – 2 hours,2,2,Never,"ChatGPT, Google Gemini",1 – 3,1,NaN,2,1,False,,Much worse,YouTube,2026-01-12 20:20:23,Tamil Nadu,Private University,B.Tech,3rd Year,7.0 – 8.0,2 – 4 hours,"YouTube, ChatGPT / AI tools, WhatsApp / Telegram, Physical notes only",4,,,,,,,,
1017,8773494ab4b07b7f7350b8d37e960ba5d05e7caf5ffbb75a943c63465a604b7f,2026-02-03 11:58:01,Week 2,20,2 – 4 hours,3,3,Rarely,"ChatGPT, Google Gemini, Perplexity AI, Jasper AI",3 – 6,3,Mobile-only access,3,3,False,80.0,Slightly worse,"YouTube, College LMS, WhatsApp / Telegram (for study purposes)",2026-01-31 18:47:34,Tamil Nadu,IIT / NIT,B.Tech,2nd Year,9.0+,4 – 6 hours,"YouTube, NPTEL / SWAYAM, Coursera / Udemy / edX, ChatGPT / AI tools, College LMS, WhatsApp / Telegram, Physical notes",7,,,,,,,,
1018,48cdb835c278ac6b10eed195f85632896d3be15d20d75197a0b916b2395939a6,2026-02-03 12:00:28,Week 1,42,4 – 6 hours,4,4,Sometimes,"ChatGPT, Perplexity AI, Tabnine, Canva AI",1 – 3,4,NaN,4,4,False,,About the same,"YouTube, NPTEL / SWAYAM, Notion / Anki / Obsidian, Physical Notes",2026-01-27 00:18:46,Telangana,IIT / NIT,B.Sc,3rd Year,7.0 – 8.0,0 – 2 hours,"YouTube, NPTEL / SWAYAM, ChatGPT / AI tools, WhatsApp / Telegram, Physical notes only",5,,,,,,,,
1019,bed0f2897fdcff9c379616ea83849b1ca59a967db6315c91cd8fcf4fcf4c7216,2026-02-03 12:05:44,Week 1,38,2 – 4 hours,3,2,Always,"Google Gemini, Perplexity AI, QuillBot, Codeium, Replit AI, Canva AI, Khanmigo (Khan Academy AI)",10+,4,"No quiet study space, None",3,3,False,,Much better,"YouTube, Coursera / Udemy / edX",2026-01-31 18:46:23,Andhra Pradesh,State University,B.Sc,2nd Year,7.0 – 8.0,2 – 4 hours,"YouTube, NPTEL / SWAYAM, WhatsApp / Telegram",3,,,,,,,,
1020,8ded4921661c4a18e633a572258dbd0f9a2c004f4aa3e9e2057a670d47566de6,2026-02-03 12:20:13,Week 1,13,0 – 2 hours,3,4,Always,"ChatGPT, Microsoft Copilot, Claude, Grammarly, Notion AI, GitHub Copilot",3 – 6,3,Poor internet,2,3,False,70.0,About the same,"YouTube, NPTEL / SWAYAM, College LMS, WhatsApp / Telegram (for study purposes), Physical Notes",2026-02-03 11:19:03,Kerala,Private University,B.Sc,3rd Year,Prefer not to say,2 – 4 hours,"NPTEL / SWAYAM, WhatsApp / Telegram, Physical notes",3,,,,,,,,
1021,e9f047d3c2da21e5de56f3abab5c156cedf45843e25e1cc9c00e542a0848fb89,2026-02-03 12:28:44,Week 1,20,0 – 2 hours,3,4,Always,"ChatGPT, Google Gemini, Microsoft Copilot, Claude, Perplexity AI, QuillBot, Canva AI",3 – 6,3,"Poor internet, Mobile-only access, No quiet study space",2,4,False,50.0,Slightly worse,"Coursera / Udemy / edX, WhatsApp / Telegram (for study purposes), Physical Notes",2026-02-23 10:04:41,Andhra Pradesh,Central University,B.Tech,2nd Year,7.0 – 8.0,0 – 2 hours,"YouTube, NPTEL / SWAYAM, Coursera / Udemy / edX, Notion / Anki / Obsidian, WhatsApp / Telegram",5,,,,,,,,
1022,27d91473394ea1f8f97a8f1740492902f4ab1abbfe0b003e4536904eaba6dca0,2026-02-03 12:29:41,Week 1,60,6+ hours,3,3,Rarely,"ChatGPT, Google Gemini, Microsoft Copilot, Claude, Perplexity AI, Grammarly, QuillBot, Replit AI, Tabnine, Canva AI, DALL·E, Midjourney",6 – 10,3,"Poor internet, Health / stress issues",3,5,False,90.0,Slightly better,"YouTube, NPTEL / SWAYAM, Coursera / Udemy / edX, College LMS",2026-01-31 18:43:28,Tamil Nadu,IIT / NIT,B.Tech,3rd Year,7.0 – 8.0,2 – 4 hours,"YouTube, NPTEL / SWAYAM, Coursera / Udemy / edX, ChatGPT / AI tools, Notion / Anki / Obsidian, College LMS, WhatsApp / Telegram, Physical notes",8,,,,,,,,
1023,d2db0cecaf1edf2f34e8fcb492052acd27453600c6cc493e25700d9c3b289761,2026-02-03 12:42:02,Week 1,25,4 – 6 hours,4,3,Sometimes,"ChatGPT, Google Gemini, Perplexity AI",3 – 6,4,NaN,4,3,False,85.0,Slightly better,"YouTube, Coursera / Udemy / edX, Notion / Anki / Obsidian",2026-02-02 12:56:07,Uttar Pradesh,IIT / NIT,Other,2nd Year,Prefer not to say,2 – 4 hours,"YouTube, Coursera / Udemy / edX",2,,,,,,,,
1024,1ad669ada84e5263e09135c0723aae8e30fcb58819e440892efde165dd587a5e,2026-02-03 12:43:56,Week 1,20,2 – 4 hours,2,2,Rarely,"Claude, Grammarly",1 – 3,2,Poor internet,2,4,False,75.0,Much worse,College LMS,2026-02-03 11:18:21,Karnataka,State University,BBA,3rd Year,7.0 – 8.0,2 – 4 hours,"YouTube, Coursera / Udemy / edX",2,,,,,,,,
1025,f72f420debc36def28125c58c71822ce49043914a9406e73923965f87c8cb669,2026-02-03 12:46:15,Week 1,15,2 – 4 hours,2,2,Never,"ChatGPT, Microsoft Copilot",0,3,Health / stress issues,3,5,False,,About the same,YouTube,2026-01-12 23:37:58,Karnataka,Private University,BA,3rd Year,8.0 – 9.0,0 – 2 hours,"YouTube, ChatGPT / AI tools, WhatsApp / Telegram, Physical notes only",4,,,,,,,,
1026,266344e1c50b449d6d5dbec5b4b1af3236f13cc0b97871acccf3da3697283f82,2026-02-03 12:51:53,Week 1,35,6+ hours,5,4,Sometimes,"ChatGPT, Claude",6 – 10,5,"Mobile-only access, Health / stress issues",4,2,False,85.0,Slightly better,YouTube,2026-01-16 12:24:26,Tamil Nadu,Private University,B.Tech,3rd Year,9.0+,2 – 4 hours,"YouTube, ChatGPT / AI tools, Notion / Anki / Obsidian, WhatsApp / Telegram",4,,,,,,,,
1027,ea6dc2fae8a61411b9d6de51699ca6787330c0036ffedddf4a649648fefe8732,2026-02-03 12:53:19,Week 1,15,0 – 2 hours,2,1,Never,NaN,0,1,Poor internet,2,4,False,,About the same,"YouTube, Physical Notes",2026-01-31 18:48:18,Andhra Pradesh,Private University,B.Tech,4th Year,7.0 – 8.0,2 – 4 hours,"YouTube, ChatGPT / AI tools, College LMS, WhatsApp / Telegram",4,,,,,,,,
1028,32b68dc8923730efba7e69129bcc4d5555495cc9359174e99e3d50570ce6de44,2026-02-03 12:55:32,Week 1,25,2 – 4 hours,3,3,Often,ChatGPT,3 – 6,3,NaN,3,3,False,78.0,Slightly better,"YouTube, Coursera / Udemy / edX, College LMS",2026-01-31 14:55:58,Kerala,State University,B.Sc,1st Year,7.0 – 8.0,0 – 2 hours,"YouTube, ChatGPT / AI tools, College LMS, WhatsApp / Telegram",4,,,,,,,,
1029,1dd2975d45d1e27948cae456e3827e3b50778c013fecee985fb0422f4a492ba2,2026-02-03 17:14:22,Week 3,30,2 – 4 hours,3,2,Often,"ChatGPT, Google Gemini, GitHub Copilot",10+,5,Health / stress issues,4,5,False,,Slightly better,"YouTube, College LMS",2026-02-19 13:17:59,Andhra Pradesh,State University,B.Tech,2nd Year,7.0 – 8.0,6+ hours,"YouTube, NPTEL / SWAYAM, Coursera / Udemy / edX, ChatGPT / AI tools, Notion / Anki / Obsidian, College LMS, WhatsApp / Telegram, Physical notes",8,,,,,,,,
1030,8ded4921661c4a18e633a572258dbd0f9a2c004f4aa3e9e2057a670d47566de6,2026-02-05 21:45:35,Week 1,0,4 – 6 hours,3,3,Sometimes,"ChatGPT, Google Gemini, Claude, Perplexity AI, Canva AI",1 – 3,3,NaN,3,3,False,,About the same,"YouTube, NPTEL / SWAYAM, Coursera / Udemy / edX, College LMS, WhatsApp / Telegram (for study purposes)",2026-02-03 11:19:03,Kerala,Private University,B.Sc,3rd Year,Prefer not to say,2 – 4 hours,"NPTEL / SWAYAM, WhatsApp / Telegram, Physical notes",3,,,,,,,,
1031,caf626adf6b1139006e560ca8cc80b33ca449dfd93d89557b2b5dca8a09ea07f,2026-02-05 21:49:41,Week 1,10,0 – 2 hours,5,3,Sometimes,"ChatGPT, Google Gemini, Microsoft Copilot, Perplexity AI, GitHub Copilot, Canva AI, Khanmigo (Khan Academy AI)",1 – 3,3,"Poor internet, Mobile-only access, No quiet study space",3,5,False,94.0,Much better,"YouTube, NPTEL / SWAYAM, Coursera / Udemy / edX, College LMS, Notion / Anki / Obsidian, WhatsApp / Telegram (for study purposes), Physical Notes",2026-02-23 10:06:05,Karnataka,Private University,BA,3rd Year,7.0 – 8.0,2 – 4 hours,"YouTube, NPTEL / SWAYAM, Coursera / Udemy / edX, ChatGPT / AI tools, Notion / Anki / Obsidian, WhatsApp / Telegram",6,,,,,,,,
1032,f72f420debc36def28125c58c71822ce49043914a9406e73923965f87c8cb669,2026-02-05 21:53:36,Week 1,70,2 – 4 hours,1,1,Sometimes,ChatGPT,10+,3,NaN,2,1,False,,Slightly better,"YouTube, WhatsApp / Telegram (for study purposes)",2026-01-12 23:37:58,Karnataka,Private University,BA,3rd Year,8.0 – 9.0,0 – 2 hours,"YouTube, ChatGPT / AI tools, WhatsApp / Telegram, Physical notes only",4,,,,,,,,
1033,9c37b8db9c39e670e8422cf5afe252221762450c6f3d1f72c8ef3cdfe0a584e6,2026-02-05 22:29:26,Week 1,0,0 – 2 hours,1,1,Never,"ChatGPT, Google Gemini, Microsoft Copilot",1 – 3,3,"Poor internet, Mobile-only access, No quiet study space, Health / stress issues",1,4,False,70.0,About the same,YouTube,2026-02-23 10:10:44,Tamil Nadu,State University,B.Sc,2nd Year,7.0 – 8.0,2 – 4 hours,"YouTube, NPTEL / SWAYAM, Coursera / Udemy / edX, ChatGPT / AI tools, College LMS",5,,,,,,,,
1034,2b17d11e7d9c1af7a7fed72e60e90a5ee797f0b6e0cc8645592f6fdc2ad13cd2,2026-02-08 10:09:09,Week 2,1,0 – 2 hours,4,1,Never,"ChatGPT, Google Gemini",3 – 6,5,NaN,5,5,False,,About the same,WhatsApp / Telegram (for study purposes),2026-01-31 18:51:00,Tamil Nadu,State University,B.Tech,1st Year,6.0 – 7.0,2 – 4 hours,"YouTube, Coursera / Udemy / edX, ChatGPT / AI tools, Notion / Anki / Obsidian, WhatsApp / Telegram",5,,,,,,,,
1035,ad04e596e1af01ab238040c91de85cefe7f49fb2aabec57135e928a5ee02305e,2026-02-16 08:39:48,Week 3,4,0 – 2 hours,3,1,Never,ChatGPT,6 – 10,4,NaN,4,3,False,,About the same,"YouTube, WhatsApp / Telegram (for study purposes)",2026-02-02 13:10:08,Karnataka,IIT / NIT,BBA,Others,7.0 – 8.0,2 – 4 hours,"YouTube, NPTEL / SWAYAM",2,,,,,,,,
1036,63c23cf4b390284f3ce1175699f5efa501022ba212fe21be99dc9e2d21deebbf,2026-02-19 09:15:03,Week 2,6,0 – 2 hours,3,3,Rarely,"ChatGPT, Google Gemini, Claude",1 – 3,4,"Poor internet, No quiet study space",4,4,False,80.0,Slightly better,"YouTube, WhatsApp / Telegram (for study purposes), Physical Notes",2026-02-02 12:38:59,Rajasthan,State University,B.Sc,2nd Year,7.0 – 8.0,4 – 6 hours,"Coursera / Udemy / edX, ChatGPT / AI tools, Notion / Anki / Obsidian, College LMS, Physical notes",5,,,,,,,,
1037,f72f420debc36def28125c58c71822ce49043914a9406e73923965f87c8cb669,2026-02-19 09:18:05,Week 3,5,0 – 2 hours,2,2,Rarely,"ChatGPT, Google Gemini",1 – 3,2,"Poor internet, No quiet study space, Health / stress issues",2,4,False,60.0,Slightly worse,"NPTEL / SWAYAM, WhatsApp / Telegram (for study purposes), Physical Notes",2026-01-12 23:37:58,Karnataka,Private University,BA,3rd Year,8.0 – 9.0,0 – 2 hours,"YouTube, ChatGPT / AI tools, WhatsApp / Telegram, Physical notes only",4,,,,,,,,
1038,f5df30de694992a770d857d674587e781574c81ffc40be127f93b6a3d3a95f48,2026-02-19 09:19:09,Week 3,6,0 – 2 hours,3,3,Never,"ChatGPT, Google Gemini, Claude, Perplexity AI, GitHub Copilot",3 – 6,3,"Poor internet, No quiet study space",3,3,False,,About the same,"YouTube, Notion / Anki / Obsidian, WhatsApp / Telegram (for study purposes), Physical Notes",2026-02-23 10:05:11,Andhra Pradesh,State University,B.Sc,3rd Year,Prefer not to say,2 – 4 hours,"YouTube, Coursera / Udemy / edX, Notion / Anki / Obsidian, WhatsApp / Telegram, Physical notes",5,,,,,,,,
1039,d2db0cecaf1edf2f34e8fcb492052acd27453600c6cc493e25700d9c3b289761,2026-02-19 09:20:04,Week 4,7,2 – 4 hours,3,4,Never,"ChatGPT, Google Gemini, Microsoft Copilot, Claude, Perplexity AI",1 – 3,3,Poor internet,3,4,False,,About the same,"YouTube, WhatsApp / Telegram (for study purposes), Physical Notes",2026-02-02 12:56:07,Uttar Pradesh,IIT / NIT,Other,2nd Year,Prefer not to say,2 – 4 hours,"YouTube, Coursera / Udemy / edX",2,,,,,,,,
1040,8773494ab4b07b7f7350b8d37e960ba5d05e7caf5ffbb75a943c63465a604b7f,2026-02-19 09:21:21,Week 4,7,2 – 4 hours,3,3,Never,"ChatGPT, Google Gemini, GitHub Copilot",1 – 3,2,Health / stress issues,2,3,False,70.0,About the same,"YouTube, WhatsApp / Telegram (for study purposes), Physical Notes",2026-01-31 18:47:34,Tamil Nadu,IIT / NIT,B.Tech,2nd Year,9.0+,4 – 6 hours,"YouTube, NPTEL / SWAYAM, Coursera / Udemy / edX, ChatGPT / AI tools, College LMS, WhatsApp / Telegram, Physical notes",7,,,,,,,,
1041,9f7b57d47f3cd447af0a85a35c1ce5b1287d471159595088cd7493a849b93059,2026-02-19 09:22:29,Week 4,5,0 – 2 hours,1,1,Never,ChatGPT,1 – 3,2,Poor internet,2,2,False,,Slightly worse,YouTube,2026-02-02 12:38:26,Punjab,Central University,B.Tech,1st Year,6.0 – 7.0,4 – 6 hours,"YouTube, NPTEL / SWAYAM, Coursera / Udemy / edX, ChatGPT / AI tools, College LMS, WhatsApp / Telegram",6,,,,,,,,
1042,a0844c331d7454600df29956fea1f640e9035aa0e376172eded377ff472dedbe,2026-02-19 09:23:22,Week 4,8,2 – 4 hours,4,4,Never,"ChatGPT, Google Gemini, Microsoft Copilot, Claude, GitHub Copilot",3 – 6,4,Poor internet,4,4,False,60.0,Slightly better,"YouTube, WhatsApp / Telegram (for study purposes), Physical Notes",2026-01-31 18:46:52,Karnataka,Central University,B.Sc,1st Year,7.0 – 8.0,2 – 4 hours,"NPTEL / SWAYAM, Coursera / Udemy / edX, ChatGPT / AI tools, College LMS, WhatsApp / Telegram, Physical notes",6,,,,,,,,
1043,ace8e293cc91c35e822f9101bc4e97d2ad904d1e130b4402fd6a6642f245665e,2026-02-22 21:39:27,Week 4,6,0 – 2 hours,5,1,Never,ChatGPT,3 – 6,4,Health / stress issues,3,3,False,80.0,Slightly worse,"WhatsApp / Telegram (for study purposes), Physical Notes",2026-02-23 10:12:43,Kerala,State University,B.Tech,2nd Year,6.0 – 7.0,0 – 2 hours,"NPTEL / SWAYAM, Notion / Anki / Obsidian",2,,,,,,,,
1044,e8386eec4c2f671d625ec0a877e0c9af57a196443df6751cfd908bc4bb188c51,2026-02-23 10:18:52,Week 1,20,2 – 4 hours,3,3,Sometimes,"ChatGPT, Google Gemini, Microsoft Copilot, Claude, Perplexity AI, Grammarly, GitHub Copilot",3 – 6,4,"Poor internet, Mobile-only access, No quiet study space, Health / stress issues",2,2,False,,About the same,"YouTube, NPTEL / SWAYAM, Coursera / Udemy / edX, College LMS, WhatsApp / Telegram (for study purposes)",2026-01-31 18:42:45,Kerala,State University,B.Com,2nd Year,Prefer not to say,2 – 4 hours,"YouTube, NPTEL / SWAYAM, Coursera / Udemy / edX, Notion / Anki / Obsidian, Physical notes",5,,,,,,,,
1045,f90ab6deefe14d178606a393182b36cdc645169d692772666b9c29214c2a4e40,2026-02-23 10:19:54,Week 1,30,2 – 4 hours,3,3,Often,"ChatGPT, Microsoft Copilot, Perplexity AI, Grammarly, QuillBot, Codeium, Tabnine",3 – 6,4,"Poor internet, No quiet study space, Health / stress issues, None",5,4,False,50.0,About the same,"NPTEL / SWAYAM, College LMS, Notion / Anki / Obsidian",2026-02-05 21:56:57,Telangana,Private University,B.Tech,3rd Year,7.0 – 8.0,0 – 2 hours,"ChatGPT / AI tools, WhatsApp / Telegram",2,,,,,,,,
1046,3a16c6fa9dbc26f91e12cdd112bec4f2953a34f47097d3424e3f551bb022a684,2026-02-23 10:20:56,Week 1,35,4 – 6 hours,4,4,Often,"ChatGPT, Google Gemini, Microsoft Copilot, Perplexity AI, Grammarly, QuillBot",6 – 10,4,"Poor internet, No quiet study space, Health / stress issues",3,4,False,75.0,Slightly better,"YouTube, NPTEL / SWAYAM, Coursera / Udemy / edX, College LMS, Physical Notes",2026-01-31 18:44:48,Tamil Nadu,Private University,BBA,1st Year,6.0 – 7.0,0 – 2 hours,"YouTube, Coursera / Udemy / edX, ChatGPT / AI tools, College LMS, WhatsApp / Telegram, Physical notes",6,,,,,,,,
1047,8773494ab4b07b7f7350b8d37e960ba5d05e7caf5ffbb75a943c63465a604b7f,2026-02-23 10:22:44,Week 1,30,4 – 6 hours,3,3,Sometimes,"ChatGPT, Google Gemini, Microsoft Copilot, Claude, Notion AI, GitHub Copilot, Codeium",3 – 6,4,"Mobile-only access, No quiet study space",2,3,False,,About the same,"NPTEL / SWAYAM, College LMS, Notion / Anki / Obsidian, WhatsApp / Telegram (for study purposes)",2026-01-31 18:47:34,Tamil Nadu,IIT / NIT,B.Tech,2nd Year,9.0+,4 – 6 hours,"YouTube, NPTEL / SWAYAM, Coursera / Udemy / edX, ChatGPT / AI tools, College LMS, WhatsApp / Telegram, Physical notes",7,,,,,,,,
1048,522e39ae01bce33e97b085b9517a3680984adf0d38e718487e3314eb74127ab2,2026-02-23 10:23:43,Week 1,40,4 – 6 hours,2,2,Never,"ChatGPT, Google Gemini, Microsoft Copilot, Claude, Perplexity AI, Grammarly, QuillBot, Notion AI, Jasper AI, GitHub Copilot, Codeium, Replit AI, Tabnine",3 – 6,3,No quiet study space,3,4,False,59.0,Slightly worse,"YouTube, NPTEL / SWAYAM, College LMS, Notion / Anki / Obsidian, WhatsApp / Telegram (for study purposes)",2026-01-31 18:48:52,Tamil Nadu,State University,B.Tech,2nd Year,Below 6.0,0 – 2 hours,"YouTube, ChatGPT / AI tools, WhatsApp / Telegram",3,,,,,,,,
1049,49c29b44c0f2dba949371e3de5aaea4ace47ef333c771bda5ab86551a01e7a7d,2026-02-23 10:35:09,Week 2,45,4 – 6 hours,4,2,Rarely,"ChatGPT, Google Gemini, Microsoft Copilot, Claude, Perplexity AI, Grammarly, Jasper AI, Tabnine, Canva AI, Adobe Firefly",6 – 10,4,Mobile-only access,4,4,False,80.0,Slightly better,"YouTube, Coursera / Udemy / edX, Notion / Anki / Obsidian, Physical Notes",2026-02-02 12:49:39,Uttar Pradesh,Central University,B.Tech,Others,8.0 – 9.0,2 – 4 hours,"YouTube, ChatGPT / AI tools",2,,,,,,,,
1050,ea6dc2fae8a61411b9d6de51699ca6787330c0036ffedddf4a649648fefe8732,2026-02-23 10:35:57,Week 2,50,4 – 6 hours,2,2,Rarely,"ChatGPT, Google Gemini, Microsoft Copilot, Claude, Grammarly, Jasper AI, Codeium, Replit AI, DALL·E, Adobe Firefly, Khanmigo (Khan Academy AI)",6 – 10,4,NaN,4,3,False,90.0,Slightly better,"YouTube, NPTEL / SWAYAM, Coursera / Udemy / edX, College LMS, Notion / Anki / Obsidian",2026-01-31 18:48:18,Andhra Pradesh,Private University,B.Tech,4th Year,7.0 – 8.0,2 – 4 hours,"YouTube, ChatGPT / AI tools, College LMS, WhatsApp / Telegram",4,,,,,,,,
1051,26234105c87439e0dc4fb999632d3a5406775cc0728c26840e4a6b26d071341b,2026-02-23 10:36:55,Week 2,60,6+ hours,3,3,Sometimes,"ChatGPT, Google Gemini, Microsoft Copilot, Claude, Grammarly, QuillBot, Jasper AI, Codeium, Tabnine, Canva AI, Adobe Firefly",10+,5,Health / stress issues,5,5,False,80.0,Slightly better,"YouTube, NPTEL / SWAYAM, Coursera / Udemy / edX, College LMS, Notion / Anki / Obsidian, WhatsApp / Telegram (for study purposes), Physical Notes",2026-01-12 20:18:58,Tamil Nadu,Private University,B.Tech,2nd Year,6.0 – 7.0,0 – 2 hours,"YouTube, ChatGPT / AI tools, College LMS",3,,,,,,,,
1052,74d72de1f5b196019d5bbe209db2b90401f5ea949cebbdda60ac6b0f71acb482,2026-02-23 10:37:44,Week 2,70,6+ hours,3,3,Sometimes,"ChatGPT, Google Gemini, Microsoft Copilot, Claude, Perplexity AI, Grammarly, QuillBot, Notion AI, Codeium, Replit AI, Canva AI, DALL·E, Midjourney, Adobe Firefly",6 – 10,4,"Poor internet, No quiet study space, Health / stress issues",5,4,False,,About the same,"YouTube, NPTEL / SWAYAM, Coursera / Udemy / edX, College LMS, Notion / Anki / Obsidian, WhatsApp / Telegram (for study purposes), Physical Notes",2026-02-02 12:43:28,Madhya Pradesh,Central University,B.Tech,2nd Year,6.0 – 7.0,2 – 4 hours,"YouTube, ChatGPT / AI tools",2,,,,,,,,
1053,cf47f395a464caa7ab1da1745c2d650002296d75e8eac41561b430a83f4382f8,2026-02-23 10:38:39,Week 2,60,6+ hours,3,3,Often,"ChatGPT, Google Gemini, Microsoft Copilot, Claude, Perplexity AI, Grammarly, Jasper AI, GitHub Copilot, Canva AI",6 – 10,3,NaN,4,4,False,75.0,Much better,"YouTube, NPTEL / SWAYAM, Coursera / Udemy / edX, College LMS, Notion / Anki / Obsidian, WhatsApp / Telegram (for study purposes), Physical Notes",2026-01-31 18:49:58,Tamil Nadu,Central University,B.Sc,3rd Year,7.0 – 8.0,2 – 4 hours,"YouTube, NPTEL / SWAYAM, Coursera / Udemy / edX, ChatGPT / AI tools, Notion / Anki / Obsidian",5,,,,,,,,
1054,2b17d11e7d9c1af7a7fed72e60e90a5ee797f0b6e0cc8645592f6fdc2ad13cd2,2026-02-23 10:40:54,Week 2,70,6+ hours,4,1,Often,"ChatGPT, Google Gemini, Microsoft Copilot, Claude, Perplexity AI, Grammarly, QuillBot, Notion AI, GitHub Copilot, DALL·E",10+,4,Health / stress issues,4,4,False,85.0,About the same,"YouTube, NPTEL / SWAYAM, Coursera / Udemy / edX, College LMS, Notion / Anki / Obsidian, WhatsApp / Telegram (for study purposes), Physical Notes",2026-01-31 18:51:00,Tamil Nadu,State University,B.Tech,1st Year,6.0 – 7.0,2 – 4 hours,"YouTube, Coursera / Udemy / edX, ChatGPT / AI tools, Notion / Anki / Obsidian, WhatsApp / Telegram",5,,,,,,,,
1055,d2db0cecaf1edf2f34e8fcb492052acd27453600c6cc493e25700d9c3b289761,2026-02-23 10:42:01,Week 2,65,6+ hours,4,2,Sometimes,"ChatGPT, Google Gemini, Microsoft Copilot, Claude, Perplexity AI, Grammarly, QuillBot, Notion AI, Codeium",6 – 10,4,Health / stress issues,3,3,False,70.0,Much better,"YouTube, NPTEL / SWAYAM, Coursera / Udemy / edX, College LMS, Notion / Anki / Obsidian, WhatsApp / Telegram (for study purposes), Physical Notes",2026-02-02 12:56:07,Uttar Pradesh,IIT / NIT,Other,2nd Year,Prefer not to say,2 – 4 hours,"YouTube, Coursera / Udemy / edX",2,,,,,,,,
1056,b319601b117de5d02e9d335f82997ad5d2c20f041b094bdd7a67411b8ad1543b,2026-02-23 10:42:59,Week 2,55,6+ hours,5,5,Always,"ChatGPT, Google Gemini, Microsoft Copilot, Claude, Perplexity AI, Grammarly, QuillBot, Jasper AI, GitHub Copilot, Replit AI",10+,5,No quiet study space,5,5,False,80.0,Slightly better,"YouTube, NPTEL / SWAYAM, Coursera / Udemy / edX, College LMS, WhatsApp / Telegram (for study purposes)",2026-01-31 11:34:19,Tamil Nadu,State University,B.Tech,4th Year,8.0 – 9.0,0 – 2 hours,"YouTube, ChatGPT / AI tools, WhatsApp / Telegram",3,,,,,,,,
1057,26234105c87439e0dc4fb999632d3a5406775cc0728c26840e4a6b26d071341b,2026-02-23 10:44:12,Week 2,50,6+ hours,5,2,Sometimes,"ChatGPT, Google Gemini, Microsoft Copilot, Claude, Perplexity AI, Grammarly, Notion AI, Codeium, Tabnine, Canva AI",10+,5,Mobile-only access,5,4,False,66.0,Slightly worse,"YouTube, NPTEL / SWAYAM, Coursera / Udemy / edX, College LMS, Notion / Anki / Obsidian, WhatsApp / Telegram (for study purposes), Physical Notes",2026-01-12 20:18:58,Tamil Nadu,Private University,B.Tech,2nd Year,6.0 – 7.0,0 – 2 hours,"YouTube, ChatGPT / AI tools, College LMS",3,,,,,,,,
1058,f5df30de694992a770d857d674587e781574c81ffc40be127f93b6a3d3a95f48,2026-02-23 10:45:06,Week 2,60,6+ hours,5,3,Sometimes,"ChatGPT, Google Gemini, Microsoft Copilot, Claude, Perplexity AI, Grammarly, QuillBot, Notion AI, GitHub Copilot, Replit AI, Canva AI, Adobe Firefly",6 – 10,4,"Poor internet, No quiet study space",5,4,False,56.0,Much worse,"YouTube, NPTEL / SWAYAM, Coursera / Udemy / edX, College LMS, Notion / Anki / Obsidian, WhatsApp / Telegram (for study purposes), Physical Notes",2026-02-23 10:05:11,Andhra Pradesh,State University,B.Sc,3rd Year,Prefer not to say,2 – 4 hours,"YouTube, Coursera / Udemy / edX, Notion / Anki / Obsidian, WhatsApp / Telegram, Physical notes",5,,,,,,,,
1059,86b1b7c8fd97ac6aa33f3f67e3c3652ee35ae2226cc4798385726481eea05f57,2026-02-23 10:46:14,Week 2,56,6+ hours,5,2,Sometimes,"ChatGPT, Google Gemini, Microsoft Copilot, Claude, Perplexity AI, Grammarly, QuillBot, Notion AI",10+,4,"Poor internet, Mobile-only access",3,3,False,60.0,Slightly worse,"YouTube, NPTEL / SWAYAM, Coursera / Udemy / edX, College LMS, Notion / Anki / Obsidian, WhatsApp / Telegram (for study purposes), Physical Notes",2026-01-31 18:50:27,Tamil Nadu,Central University,B.Tech,1st Year,7.0 – 8.0,0 – 2 hours,"YouTube, ChatGPT / AI tools, College LMS, WhatsApp / Telegram",4,,,,,,,,
1060,f8ecea41f5799921e46e5d82b8d41d92dba1fca7a66ca63506cc3c0aab382672,2026-02-23 10:47:04,Week 2,60,4 – 6 hours,4,5,Sometimes,"ChatGPT, Google Gemini, Microsoft Copilot, Claude, Perplexity AI, Grammarly, QuillBot, Notion AI, Jasper AI",10+,5,Poor internet,5,5,False,75.0,About the same,"YouTube, College LMS, WhatsApp / Telegram (for study purposes), Physical Notes",2026-01-27 17:56:30,Uttar Pradesh,Central University,B.Tech,4th Year,7.0 – 8.0,4 – 6 hours,"YouTube, NPTEL / SWAYAM, Coursera / Udemy / edX, ChatGPT / AI tools, Notion / Anki / Obsidian",5,,,,,,,,
1061,86b1b7c8fd97ac6aa33f3f67e3c3652ee35ae2226cc4798385726481eea05f57,2026-02-23 10:48:16,Week 2,45,4 – 6 hours,5,3,Often,"ChatGPT, Google Gemini, Claude, Perplexity AI, Grammarly",6 – 10,4,Poor internet,5,4,False,90.0,Slightly better,"YouTube, NPTEL / SWAYAM, College LMS, WhatsApp / Telegram (for study purposes)",2026-01-31 18:50:27,Tamil Nadu,Central University,B.Tech,1st Year,7.0 – 8.0,0 – 2 hours,"YouTube, ChatGPT / AI tools, College LMS, WhatsApp / Telegram",4,,,,,,,,
1062,219d4ac6903fffab5ab1d64d6ed0b331adcc691f0e116fb7f62cefba91f7b0ec,2026-02-23 10:49:33,Week 3,20,2 – 4 hours,2,2,Rarely,"ChatGPT, Google Gemini",3 – 6,3,Poor internet,2,2,False,,Slightly worse,"YouTube, WhatsApp / Telegram (for study purposes)",2025-12-26 18:34:24,Andhra Pradesh,Private University,B.Tech,3rd Year,9.0+,0 – 2 hours,ChatGPT / AI tools,1,,,,,,,,
1063,d2db0cecaf1edf2f34e8fcb492052acd27453600c6cc493e25700d9c3b289761,2026-02-23 11:07:02,Week 3,40,4 – 6 hours,3,3,Sometimes,"ChatGPT, Google Gemini, Microsoft Copilot, Claude, Perplexity AI, Grammarly",3 – 6,2,NaN,3,3,False,,Slightly worse,"YouTube, College LMS, Notion / Anki / Obsidian",2026-02-02 12:56:07,Uttar Pradesh,IIT / NIT,Other,2nd Year,Prefer not to say,2 – 4 hours,"YouTube, Coursera / Udemy / edX",2,,,,,,,,
1064,f72f420debc36def28125c58c71822ce49043914a9406e73923965f87c8cb669,2026-02-23 11:07:50,Week 3,30,2 – 4 hours,2,2,Rarely,"ChatGPT, Google Gemini, Perplexity AI, Grammarly",1 – 3,2,NaN,3,3,False,,Slightly worse,"YouTube, NPTEL / SWAYAM, Coursera / Udemy / edX, College LMS",2026-01-12 23:37:58,Karnataka,Private University,BA,3rd Year,8.0 – 9.0,0 – 2 hours,"YouTube, ChatGPT / AI tools, WhatsApp / Telegram, Physical notes only",4,,,,,,,,
1065,3d83828233d057f5e1e37a4c9e784850077d6638768e69b0f6b5d4e5e2dfc994,2026-02-23 11:08:32,Week 3,30,4 – 6 hours,2,2,Sometimes,"ChatGPT, Google Gemini, Microsoft Copilot, Claude, Perplexity AI",1 – 3,2,Poor internet,2,2,False,,Much worse,"YouTube, NPTEL / SWAYAM, Coursera / Udemy / edX, College LMS",2026-01-12 21:41:37,Tamil Nadu,Private University,B.Tech,3rd Year,8.0 – 9.0,0 – 2 hours,"YouTube, ChatGPT / AI tools",2,,,,,,,,
1066,219d4ac6903fffab5ab1d64d6ed0b331adcc691f0e116fb7f62cefba91f7b0ec,2026-02-23 11:09:19,Week 3,30,2 – 4 hours,3,3,Sometimes,"ChatGPT, Google Gemini, Microsoft Copilot, Claude, Perplexity AI, QuillBot",1 – 3,3,NaN,3,3,False,,About the same,"YouTube, NPTEL / SWAYAM, Coursera / Udemy / edX, College LMS",2025-12-26 18:34:24,Andhra Pradesh,Private University,B.Tech,3rd Year,9.0+,0 – 2 hours,ChatGPT / AI tools,1,,,,,,,,
1067,219d4ac6903fffab5ab1d64d6ed0b331adcc691f0e116fb7f62cefba91f7b0ec,2026-02-23 11:12:41,Week 3,20,2 – 4 hours,3,3,Sometimes,"ChatGPT, Google Gemini, Microsoft Copilot, Claude, Perplexity AI, Grammarly, QuillBot",1 – 3,3,Health / stress issues,2,2,False,,Slightly worse,"YouTube, NPTEL / SWAYAM, Coursera / Udemy / edX, College LMS, Notion / Anki / Obsidian",2025-12-26 18:34:24,Andhra Pradesh,Private University,B.Tech,3rd Year,9.0+,0 – 2 hours,ChatGPT / AI tools,1,,,,,,,,
1068,ad04e596e1af01ab238040c91de85cefe7f49fb2aabec57135e928a5ee02305e,2026-02-23 11:13:20,Week 3,20,2 – 4 hours,2,2,Rarely,"ChatGPT, Google Gemini, Microsoft Copilot, Claude",1 – 3,2,NaN,3,2,False,,About the same,"YouTube, Coursera / Udemy / edX, Notion / Anki / Obsidian",2026-02-02 13:10:08,Karnataka,IIT / NIT,BBA,Others,7.0 – 8.0,2 – 4 hours,"YouTube, NPTEL / SWAYAM",2,,,,,,,,
1069,27d91473394ea1f8f97a8f1740492902f4ab1abbfe0b003e4536904eaba6dca0,2026-02-23 11:14:00,Week 4,10,0 – 2 hours,1,1,Never,"ChatGPT, Google Gemini",1 – 3,2,Poor internet,1,1,False,,Much worse,"YouTube, Coursera / Udemy / edX",2026-01-31 18:43:28,Tamil Nadu,IIT / NIT,B.Tech,3rd Year,7.0 – 8.0,2 – 4 hours,"YouTube, NPTEL / SWAYAM, Coursera / Udemy / edX, ChatGPT / AI tools, Notion / Anki / Obsidian, College LMS, WhatsApp / Telegram, Physical notes",8,,,,,,,,
1070,ad04e596e1af01ab238040c91de85cefe7f49fb2aabec57135e928a5ee02305e,2026-02-24 12:14:09,Week 2,50,6+ hours,4,4,Sometimes,"ChatGPT, Google Gemini, Microsoft Copilot, Claude, Grammarly, QuillBot, Notion AI, Midjourney, Adobe Firefly, Khanmigo (Khan Academy AI)",6 – 10,5,"Poor internet, Mobile-only access, Health / stress issues",3,3,False,60.0,About the same,"YouTube, NPTEL / SWAYAM, Coursera / Udemy / edX, College LMS, Notion / Anki / Obsidian, WhatsApp / Telegram (for study purposes)",2026-02-02 13:10:08,Karnataka,IIT / NIT,BBA,Others,7.0 – 8.0,2 – 4 hours,"YouTube, NPTEL / SWAYAM",2,,,,,,,,
1071,266344e1c50b449d6d5dbec5b4b1af3236f13cc0b97871acccf3da3697283f82,2026-02-24 12:16:26,Week 2,40,4 – 6 hours,3,3,Sometimes,"ChatGPT, Google Gemini, Microsoft Copilot, Claude, Perplexity AI, Grammarly, QuillBot, GitHub Copilot, Codeium",6 – 10,4,"Poor internet, Mobile-only access, No quiet study space",3,3,False,70.0,Slightly better,"YouTube, NPTEL / SWAYAM, Coursera / Udemy / edX, College LMS, Notion / Anki / Obsidian, Physical Notes",2026-01-16 12:24:26,Tamil Nadu,Private University,B.Tech,3rd Year,9.0+,2 – 4 hours,"YouTube, ChatGPT / AI tools, Notion / Anki / Obsidian, WhatsApp / Telegram",4,,,,,,,,
1072,63c23cf4b390284f3ce1175699f5efa501022ba212fe21be99dc9e2d21deebbf,2026-02-25 23:11:19,Week 3,4,2 – 4 hours,3,3,Sometimes,"ChatGPT, Microsoft Copilot, QuillBot",1 – 3,3,No quiet study space,3,3,False,,Slightly worse,YouTube,2026-02-02 12:38:59,Rajasthan,State University,B.Sc,2nd Year,7.0 – 8.0,4 – 6 hours,"Coursera / Udemy / edX, ChatGPT / AI tools, Notion / Anki / Obsidian, College LMS, Physical notes",5,,,,,,,,
1073,97b26b3698560201c1218be1d50871d93f4ae1f4a79deeb268b0ba686e43fdeb,2026-02-26 00:09:17,Week 3,2,0 – 2 hours,2,2,Rarely,ChatGPT,1 – 3,2,Poor internet,2,2,False,,Slightly worse,NaN,2025-12-26 07:18:01,Tamil Nadu,Deemed University,B.Tech,3rd Year,8.0 – 9.0,0 – 2 hours,"ChatGPT / AI tools, College LMS, WhatsApp / Telegram",3,,,,,,,,
1074,16a56bf3b362259b32e3bc7d18a95d94213241560809ad3c4d5ddba644365acb,2026-02-26 00:14:22,Week 2,9,6+ hours,5,5,Often,"ChatGPT, Google Gemini, Claude",3 – 6,4,NaN,4,5,False,,Much better,"YouTube, WhatsApp / Telegram (for study purposes), Physical Notes",2026-02-19 13:19:58,Tamil Nadu,State University,B.Sc,2nd Year,8.0 – 9.0,2 – 4 hours,"YouTube, NPTEL / SWAYAM, Coursera / Udemy / edX, ChatGPT / AI tools, Notion / Anki / Obsidian",5,,,,,,,,
1075,9c37b8db9c39e670e8422cf5afe252221762450c6f3d1f72c8ef3cdfe0a584e6,2026-02-26 00:14:46,Week 1,68,4 – 6 hours,4,4,Often,"ChatGPT, Google Gemini, Microsoft Copilot, Claude, Perplexity AI",10+,5,NaN,4,4,False,,Slightly better,YouTube,2026-02-23 10:10:44,Tamil Nadu,State University,B.Sc,2nd Year,7.0 – 8.0,2 – 4 hours,"YouTube, NPTEL / SWAYAM, Coursera / Udemy / edX, ChatGPT / AI tools, College LMS",5,,,,,,,,
1076,a091d9857e1b26dac9ad43d43de3cfab7f19df9cadb73e095b0b4a74a5e9bc3d,2026-02-26 00:16:28,Week 2,68,6+ hours,5,5,Always,"ChatGPT, Google Gemini, Microsoft Copilot, Claude, Perplexity AI",10+,5,NaN,5,5,False,80.0,Much better,"YouTube, College LMS, WhatsApp / Telegram (for study purposes), Physical Notes",2026-01-27 19:47:23,Tamil Nadu,Deemed University,B.Tech,4th Year,9.0+,0 – 2 hours,"YouTube, ChatGPT / AI tools, WhatsApp / Telegram",3,,,,,,,,
1077,27d91473394ea1f8f97a8f1740492902f4ab1abbfe0b003e4536904eaba6dca0,2026-02-26 00:17:35,Week 3,50,4 – 6 hours,3,3,Sometimes,ChatGPT,3 – 6,4,NaN,2,2,False,,Slightly worse,YouTube,2026-01-31 18:43:28,Tamil Nadu,IIT / NIT,B.Tech,3rd Year,7.0 – 8.0,2 – 4 hours,"YouTube, NPTEL / SWAYAM, Coursera / Udemy / edX, ChatGPT / AI tools, Notion / Anki / Obsidian, College LMS, WhatsApp / Telegram, Physical notes",8,,,,,,,,
1078,1dd2975d45d1e27948cae456e3827e3b50778c013fecee985fb0422f4a492ba2,2026-02-26 00:18:16,Week 4,2,0 – 2 hours,2,2,Rarely,NaN,0,1,NaN,1,1,False,,Much worse,NaN,2026-02-19 13:17:59,Andhra Pradesh,State University,B.Tech,2nd Year,7.0 – 8.0,6+ hours,"YouTube, NPTEL / SWAYAM, Coursera / Udemy / edX, ChatGPT / AI tools, Notion / Anki / Obsidian, College LMS, WhatsApp / Telegram, Physical notes",8,,,,,,,,
1079,f72f420debc36def28125c58c71822ce49043914a9406e73923965f87c8cb669,2026-02-26 00:18:30,Week 4,40,2 – 4 hours,3,3,Never,ChatGPT,1 – 3,3,NaN,3,1,False,,Much worse,YouTube,2026-01-12 23:37:58,Karnataka,Private University,BA,3rd Year,8.0 – 9.0,0 – 2 hours,"YouTube, ChatGPT / AI tools, WhatsApp / Telegram, Physical notes only",4,,,,,,,,
1080,f5df30de694992a770d857d674587e781574c81ffc40be127f93b6a3d3a95f48,2026-02-26 09:56:15,Week 1,67,6+ hours,4,4,Often,"ChatGPT, Google Gemini, Microsoft Copilot, Claude, Perplexity AI",6 – 10,4,NaN,4,4,False,,Slightly better,"YouTube, College LMS, WhatsApp / Telegram (for study purposes), Physical Notes",2026-02-23 10:05:11,Andhra Pradesh,State University,B.Sc,3rd Year,Prefer not to say,2 – 4 hours,"YouTube, Coursera / Udemy / edX, Notion / Anki / Obsidian, WhatsApp / Telegram, Physical notes",5,,,,,,,,
1081,48cdb835c278ac6b10eed195f85632896d3be15d20d75197a0b916b2395939a6,2026-02-26 09:57:57,Week 2,69,6+ hours,5,5,Always,"ChatGPT, Google Gemini, Microsoft Copilot, Claude, Perplexity AI, Canva AI",10+,5,NaN,5,5,False,80.0,Much better,"YouTube, College LMS, WhatsApp / Telegram (for study purposes), Physical Notes",2026-01-27 00:18:46,Telangana,IIT / NIT,B.Sc,3rd Year,7.0 – 8.0,0 – 2 hours,"YouTube, NPTEL / SWAYAM, ChatGPT / AI tools, WhatsApp / Telegram, Physical notes only",5,,,,,,,,
1082,a091d9857e1b26dac9ad43d43de3cfab7f19df9cadb73e095b0b4a74a5e9bc3d,2026-02-26 10:04:30,Week 3,46,4 – 6 hours,3,3,Sometimes,"ChatGPT, Microsoft Copilot",3 – 6,2,NaN,3,2,False,,Slightly worse,"YouTube, College LMS, WhatsApp / Telegram (for study purposes), Physical Notes",2026-01-27 19:47:23,Tamil Nadu,Deemed University,B.Tech,4th Year,9.0+,0 – 2 hours,"YouTube, ChatGPT / AI tools, WhatsApp / Telegram",3,,,,,,,,
1083,0e155a1241bd00b2d588262223a52e0f8a911a4000092f096e6968dccae9e61b,2026-02-26 10:05:56,Week 3,20,2 – 4 hours,2,2,Never,"ChatGPT, Google Gemini",1 – 3,2,NaN,2,1,False,,Slightly better,YouTube,2026-02-03 11:16:29,Tamil Nadu,IIT / NIT,B.Tech,4th Year,8.0 – 9.0,2 – 4 hours,"ChatGPT / AI tools, College LMS",2,,,,,,,,
1084,8bfc27000534160835a23ec100f95667b3894c6b3e90a6027721d3322ad782dc,2026-02-26 10:07:56,Week 3,10,0 – 2 hours,1,1,Never,"ChatGPT, Google Gemini",1 – 3,2,NaN,1,1,False,,Much worse,"YouTube, College LMS",2026-02-05 21:46:59,Telangana,Private University,B.Tech,3rd Year,9.0+,0 – 2 hours,"YouTube, ChatGPT / AI tools, Physical notes",3,,,,,,,,
1085,7b5c4bd7d59556f437489bc9729a8c19655b90085e45e8dff621cf66913fc521,2026-02-26 10:07:59,Week 3,17,6+ hours,3,3,Sometimes,"ChatGPT, Perplexity AI",6 – 10,4,NaN,4,3,False,,About the same,"YouTube, WhatsApp / Telegram (for study purposes), Physical Notes",2026-02-23 10:13:22,Kerala,State University,B.Tech,3rd Year,Prefer not to say,2 – 4 hours,"YouTube, NPTEL / SWAYAM, Coursera / Udemy / edX, ChatGPT / AI tools, Notion / Anki / Obsidian, College LMS, WhatsApp / Telegram, Physical notes",8,,,,,,,,
1086,8773494ab4b07b7f7350b8d37e960ba5d05e7caf5ffbb75a943c63465a604b7f,2026-02-26 10:09:09,Week 3,15,0 – 2 hours,1,1,Never,"ChatGPT, Google Gemini",1 – 3,2,NaN,1,1,False,,Slightly worse,"YouTube, College LMS, Physical Notes",2026-01-31 18:47:34,Tamil Nadu,IIT / NIT,B.Tech,2nd Year,9.0+,4 – 6 hours,"YouTube, NPTEL / SWAYAM, Coursera / Udemy / edX, ChatGPT / AI tools, College LMS, WhatsApp / Telegram, Physical notes",7,,,,,,,,
1087,b7c45e43b3e4defcfa15c66053995acfb95306f516892ea504b4a561e64a85b9,2026-02-26 10:10:18,Week 3,10,0 – 2 hours,1,1,Never,ChatGPT,1 – 3,2,NaN,1,1,False,,Much worse,YouTube,2026-01-31 18:40:13,Tamil Nadu,IIT / NIT,B.Sc,2nd Year,6.0 – 7.0,0 – 2 hours,"YouTube, NPTEL / SWAYAM, ChatGPT / AI tools",3,,,,,,,,
1089,ad04e596e1af01ab238040c91de85cefe7f49fb2aabec57135e928a5ee02305e,2026-02-26 10:12:20,Week 3,10,2 – 4 hours,1,1,Never,ChatGPT,1 – 3,1,NaN,1,2,False,,Slightly worse,YouTube,2026-02-02 13:10:08,Karnataka,IIT / NIT,BBA,Others,7.0 – 8.0,2 – 4 hours,"YouTube, NPTEL / SWAYAM",2,,,,,,,,
1090,ef4aca4b5a9ddc8cfe1cda04eef5cb540a47e603dac29e3f59b7bdd1a387191d,2026-02-26 10:13:20,Week 3,10,2 – 4 hours,1,1,Never,"ChatGPT, Google Gemini",1 – 3,2,NaN,2,1,False,,Slightly worse,YouTube,2026-02-02 12:52:17,Maharashtra,Private University,B.Tech,Others,6.0 – 7.0,2 – 4 hours,"YouTube, ChatGPT / AI tools",2,,,,,,,,
1091,27d91473394ea1f8f97a8f1740492902f4ab1abbfe0b003e4536904eaba6dca0,2026-02-26 10:14:20,Week 3,10,0 – 2 hours,1,1,Never,ChatGPT,1 – 3,2,NaN,2,1,False,,Much worse,YouTube,2026-01-31 18:43:28,Tamil Nadu,IIT / NIT,B.Tech,3rd Year,7.0 – 8.0,2 – 4 hours,"YouTube, NPTEL / SWAYAM, Coursera / Udemy / edX, ChatGPT / AI tools, Notion / Anki / Obsidian, College LMS, WhatsApp / Telegram, Physical notes",8,,,,,,,,
1092,f5df30de694992a770d857d674587e781574c81ffc40be127f93b6a3d3a95f48,2026-02-26 10:14:42,Week 4,10,6+ hours,2,2,Sometimes,"ChatGPT, Google Gemini",3 – 6,4,No quiet study space,3,3,False,,About the same,"YouTube, Coursera / Udemy / edX",2026-02-23 10:05:11,Andhra Pradesh,State University,B.Sc,3rd Year,Prefer not to say,2 – 4 hours,"YouTube, Coursera / Udemy / edX, Notion / Anki / Obsidian, WhatsApp / Telegram, Physical notes",5,,,,,,,,
1093,794e3ecad2e18d7bce8d1013a9e08fe529cc63443905f9864cedec22f7a9459b,2026-02-26 10:15:38,Week 3,8,2 – 4 hours,1,1,Never,Google Gemini,1 – 3,1,NaN,1,1,False,,Slightly worse,YouTube,2025-12-27 12:35:23,Tamil Nadu,Deemed University,B.Tech,3rd Year,6.0 – 7.0,0 – 2 hours,"YouTube, ChatGPT / AI tools",2,,,,,,,,
1094,97b26b3698560201c1218be1d50871d93f4ae1f4a79deeb268b0ba686e43fdeb,2026-02-26 10:17:37,Week 3,9,0 – 2 hours,1,2,Never,ChatGPT,1 – 3,1,NaN,1,1,False,,Slightly worse,YouTube,2025-12-26 07:18:01,Tamil Nadu,Deemed University,B.Tech,3rd Year,8.0 – 9.0,0 – 2 hours,"ChatGPT / AI tools, College LMS, WhatsApp / Telegram",3,,,,,,,,
1095,794e3ecad2e18d7bce8d1013a9e08fe529cc63443905f9864cedec22f7a9459b,2026-02-26 10:18:30,Week 3,6,0 – 2 hours,1,1,Never,ChatGPT,1 – 3,1,NaN,1,1,False,,Much worse,YouTube,2025-12-27 12:35:23,Tamil Nadu,Deemed University,B.Tech,3rd Year,6.0 – 7.0,0 – 2 hours,"YouTube, ChatGPT / AI tools",2,,,,,,,,
1096,26234105c87439e0dc4fb999632d3a5406775cc0728c26840e4a6b26d071341b,2026-02-26 10:19:45,Week 3,8,0 – 2 hours,1,1,Never,ChatGPT,0,1,NaN,1,1,False,,Much worse,YouTube,2026-01-12 20:18:58,Tamil Nadu,Private University,B.Tech,2nd Year,6.0 – 7.0,0 – 2 hours,"YouTube, ChatGPT / AI tools, College LMS",3,,,,,,,,
1097,32b68dc8923730efba7e69129bcc4d5555495cc9359174e99e3d50570ce6de44,2026-02-26 10:21:01,Week 3,35,2 – 4 hours,2,2,Rarely,Google Gemini,1 – 3,1,NaN,1,2,False,,Slightly worse,YouTube,2026-01-31 14:55:58,Kerala,State University,B.Sc,1st Year,7.0 – 8.0,0 – 2 hours,"YouTube, ChatGPT / AI tools, College LMS, WhatsApp / Telegram",4,,,,,,,,
1098,8773494ab4b07b7f7350b8d37e960ba5d05e7caf5ffbb75a943c63465a604b7f,2026-02-26 10:21:57,Week 3,5,0 – 2 hours,1,1,Never,ChatGPT,0,1,NaN,1,1,False,,Much worse,YouTube,2026-01-31 18:47:34,Tamil Nadu,IIT / NIT,B.Tech,2nd Year,9.0+,4 – 6 hours,"YouTube, NPTEL / SWAYAM, Coursera / Udemy / edX, ChatGPT / AI tools, College LMS, WhatsApp / Telegram, Physical notes",7,,,,,,,,
1099,2b17d11e7d9c1af7a7fed72e60e90a5ee797f0b6e0cc8645592f6fdc2ad13cd2,2026-02-26 10:22:53,Week 3,5,0 – 2 hours,1,1,Never,ChatGPT,1 – 3,2,NaN,1,1,False,,Much worse,YouTube,2026-01-31 18:51:00,Tamil Nadu,State University,B.Tech,1st Year,6.0 – 7.0,2 – 4 hours,"YouTube, Coursera / Udemy / edX, ChatGPT / AI tools, Notion / Anki / Obsidian, WhatsApp / Telegram",5,,,,,,,,
1100,48cdb835c278ac6b10eed195f85632896d3be15d20d75197a0b916b2395939a6,2026-02-26 10:23:52,Week 3,6,0 – 2 hours,1,1,Never,Google Gemini,0,1,NaN,1,1,False,,Much worse,YouTube,2026-01-27 00:18:46,Telangana,IIT / NIT,B.Sc,3rd Year,7.0 – 8.0,0 – 2 hours,"YouTube, NPTEL / SWAYAM, ChatGPT / AI tools, WhatsApp / Telegram, Physical notes only",5,,,,,,,,
1101,32b68dc8923730efba7e69129bcc4d5555495cc9359174e99e3d50570ce6de44,2026-02-26 10:25:56,Week 3,2,0 – 2 hours,1,1,Never,ChatGPT,1 – 3,1,NaN,1,1,False,,Slightly worse,YouTube,2026-01-31 14:55:58,Kerala,State University,B.Sc,1st Year,7.0 – 8.0,0 – 2 hours,"YouTube, ChatGPT / AI tools, College LMS, WhatsApp / Telegram",4,,,,,,,,
1102,e14fc3506630213cf4dbb3dddf035e19aad46cfaf81f1761b7791f1f48a64d67,2026-02-26 10:27:04,Week 3,4,0 – 2 hours,1,1,Never,"Claude, GitHub Copilot",1 – 3,1,NaN,1,1,False,,Much worse,YouTube,2026-02-02 12:45:31,Madhya Pradesh,Central University,B.Tech,3rd Year,8.0 – 9.0,2 – 4 hours,"ChatGPT / AI tools, WhatsApp / Telegram",2,,,,,,,,
1103,27d91473394ea1f8f97a8f1740492902f4ab1abbfe0b003e4536904eaba6dca0,2026-02-26 10:28:22,Week 3,4,0 – 2 hours,1,1,Never,ChatGPT,0,1,NaN,1,1,False,,Much worse,YouTube,2026-01-31 18:43:28,Tamil Nadu,IIT / NIT,B.Tech,3rd Year,7.0 – 8.0,2 – 4 hours,"YouTube, NPTEL / SWAYAM, Coursera / Udemy / edX, ChatGPT / AI tools, Notion / Anki / Obsidian, College LMS, WhatsApp / Telegram, Physical notes",8,,,,,,,,
1104,1ad669ada84e5263e09135c0723aae8e30fcb58819e440892efde165dd587a5e,2026-02-26 10:29:45,Week 3,6,0 – 2 hours,1,1,Never,Claude,1 – 3,1,NaN,2,1,False,,Much worse,YouTube,2026-02-03 11:18:21,Karnataka,State University,BBA,3rd Year,7.0 – 8.0,2 – 4 hours,"YouTube, Coursera / Udemy / edX",2,,,,,,,,
1105,49c29b44c0f2dba949371e3de5aaea4ace47ef333c771bda5ab86551a01e7a7d,2026-02-26 10:30:56,Week 3,10,0 – 2 hours,1,1,Never,NaN,0,1,NaN,1,1,False,,Much worse,NaN,2026-02-02 12:49:39,Uttar Pradesh,Central University,B.Tech,Others,8.0 – 9.0,2 – 4 hours,"YouTube, ChatGPT / AI tools",2,,,,,,,,
1106,f90ab6deefe14d178606a393182b36cdc645169d692772666b9c29214c2a4e40,2026-02-26 10:32:20,Week 3,8,0 – 2 hours,1,1,Never,Google Gemini,1 – 3,1,NaN,1,1,False,,Much worse,YouTube,2026-02-05 21:56:57,Telangana,Private University,B.Tech,3rd Year,7.0 – 8.0,0 – 2 hours,"ChatGPT / AI tools, WhatsApp / Telegram",2,,,,,,,,
1107,9c37b8db9c39e670e8422cf5afe252221762450c6f3d1f72c8ef3cdfe0a584e6,2026-02-26 10:33:22,Week 3,9,0 – 2 hours,1,1,Never,ChatGPT,0,1,NaN,1,1,False,,Much worse,YouTube,2026-02-23 10:10:44,Tamil Nadu,State University,B.Sc,2nd Year,7.0 – 8.0,2 – 4 hours,"YouTube, NPTEL / SWAYAM, Coursera / Udemy / edX, ChatGPT / AI tools, College LMS",5,,,,,,,,
1108,1ad669ada84e5263e09135c0723aae8e30fcb58819e440892efde165dd587a5e,2026-02-26 10:35:00,Week 3,10,0 – 2 hours,1,1,Never,ChatGPT,0,1,NaN,1,1,False,,Much worse,YouTube,2026-02-03 11:18:21,Karnataka,State University,BBA,3rd Year,7.0 – 8.0,2 – 4 hours,"YouTube, Coursera / Udemy / edX",2,,,,,,,,
1109,f8ecea41f5799921e46e5d82b8d41d92dba1fca7a66ca63506cc3c0aab382672,2026-02-26 10:36:24,Week 3,3,0 – 2 hours,1,1,Never,Google Gemini,1 – 3,1,NaN,1,1,False,,Much worse,YouTube,2026-01-27 17:56:30,Uttar Pradesh,Central University,B.Tech,4th Year,7.0 – 8.0,4 – 6 hours,"YouTube, NPTEL / SWAYAM, Coursera / Udemy / edX, ChatGPT / AI tools, Notion / Anki / Obsidian",5,,,,,,,,
1110,5e849a6892d6df48c1362529cab706d619efa96a172b3f715bc1f5ccd5ca61ec,2026-02-26 10:37:39,Week 3,20,2 – 4 hours,2,2,Rarely,Google Gemini,1 – 3,2,NaN,2,2,False,,Much worse,NaN,2026-02-02 13:01:28,Uttar Pradesh,IIT / NIT,BA,Others,8.0 – 9.0,2 – 4 hours,"YouTube, ChatGPT / AI tools",2,,,,,,,,
1111,1dd2975d45d1e27948cae456e3827e3b50778c013fecee985fb0422f4a492ba2,2026-02-26 10:39:41,Week 3,22,4 – 6 hours,1,2,Rarely,ChatGPT,1 – 3,2,NaN,2,1,False,,Much worse,YouTube,2026-02-19 13:17:59,Andhra Pradesh,State University,B.Tech,2nd Year,7.0 – 8.0,6+ hours,"YouTube, NPTEL / SWAYAM, Coursera / Udemy / edX, ChatGPT / AI tools, Notion / Anki / Obsidian, College LMS, WhatsApp / Telegram, Physical notes",8,,,,,,,,
1112,9c37b8db9c39e670e8422cf5afe252221762450c6f3d1f72c8ef3cdfe0a584e6,2026-02-26 10:41:38,Week 3,15,2 – 4 hours,2,3,Rarely,ChatGPT,3 – 6,3,NaN,2,3,False,80.0,Slightly worse,"College LMS, WhatsApp / Telegram (for study purposes)",2026-02-23 10:10:44,Tamil Nadu,State University,B.Sc,2nd Year,7.0 – 8.0,2 – 4 hours,"YouTube, NPTEL / SWAYAM, Coursera / Udemy / edX, ChatGPT / AI tools, College LMS",5,,,,,,,,
1113,32b68dc8923730efba7e69129bcc4d5555495cc9359174e99e3d50570ce6de44,2026-02-26 10:43:58,Week 3,30,4 – 6 hours,1,2,Rarely,Microsoft Copilot,0,1,NaN,2,1,False,,Slightly worse,YouTube,2026-01-31 14:55:58,Kerala,State University,B.Sc,1st Year,7.0 – 8.0,0 – 2 hours,"YouTube, ChatGPT / AI tools, College LMS, WhatsApp / Telegram",4,,,,,,,,
1114,522e39ae01bce33e97b085b9517a3680984adf0d38e718487e3314eb74127ab2,2026-02-26 10:45:14,Week 3,10,2 – 4 hours,2,2,Never,Google Gemini,1 – 3,2,Poor internet,2,2,False,,Slightly worse,YouTube,2026-01-31 18:48:52,Tamil Nadu,State University,B.Tech,2nd Year,Below 6.0,0 – 2 hours,"YouTube, ChatGPT / AI tools, WhatsApp / Telegram",3,,,,,,,,
1115,e9f047d3c2da21e5de56f3abab5c156cedf45843e25e1cc9c00e542a0848fb89,2026-02-26 10:47:11,Week 3,10,2 – 4 hours,1,2,Never,ChatGPT,1 – 3,2,Poor internet,1,1,False,,Slightly worse,YouTube,2026-02-23 10:04:41,Andhra Pradesh,Central University,B.Tech,2nd Year,7.0 – 8.0,0 – 2 hours,"YouTube, NPTEL / SWAYAM, Coursera / Udemy / edX, Notion / Anki / Obsidian, WhatsApp / Telegram",5,,,,,,,,
1116,9f7b57d47f3cd447af0a85a35c1ce5b1287d471159595088cd7493a849b93059,2026-02-26 10:47:57,Week 3,10,2 – 4 hours,2,1,Never,Google Gemini,0,1,Mobile-only access,2,1,False,,Slightly worse,YouTube,2026-02-02 12:38:26,Punjab,Central University,B.Tech,1st Year,6.0 – 7.0,4 – 6 hours,"YouTube, NPTEL / SWAYAM, Coursera / Udemy / edX, ChatGPT / AI tools, College LMS, WhatsApp / Telegram",6,,,,,,,,
1117,219d4ac6903fffab5ab1d64d6ed0b331adcc691f0e116fb7f62cefba91f7b0ec,2026-02-26 10:48:51,Week 3,39,4 – 6 hours,2,2,Sometimes,Google Gemini,6 – 10,3,Health / stress issues,2,2,False,,Slightly worse,YouTube,2025-12-26 18:34:24,Andhra Pradesh,Private University,B.Tech,3rd Year,9.0+,0 – 2 hours,ChatGPT / AI tools,1,,,,,,,,
1118,2b17d11e7d9c1af7a7fed72e60e90a5ee797f0b6e0cc8645592f6fdc2ad13cd2,2026-02-26 10:50:06,Week 3,10,0 – 2 hours,2,1,Rarely,ChatGPT,1 – 3,1,No quiet study space,2,2,False,,Much worse,YouTube,2026-01-31 18:51:00,Tamil Nadu,State University,B.Tech,1st Year,6.0 – 7.0,2 – 4 hours,"YouTube, Coursera / Udemy / edX, ChatGPT / AI tools, Notion / Anki / Obsidian, WhatsApp / Telegram",5,,,,,,,,
1119,ad04e596e1af01ab238040c91de85cefe7f49fb2aabec57135e928a5ee02305e,2026-02-26 10:51:30,Week 3,20,4 – 6 hours,2,2,Rarely,Google Gemini,1 – 3,2,Mobile-only access,2,2,False,,Slightly worse,YouTube,2026-02-02 13:10:08,Karnataka,IIT / NIT,BBA,Others,7.0 – 8.0,2 – 4 hours,"YouTube, NPTEL / SWAYAM",2,,,,,,,,
1120,ace8e293cc91c35e822f9101bc4e97d2ad904d1e130b4402fd6a6642f245665e,2026-02-26 10:52:28,Week 3,30,4 – 6 hours,1,2,Rarely,"ChatGPT, Google Gemini, Microsoft Copilot, Claude",6 – 10,2,NaN,3,3,False,,Slightly worse,"YouTube, College LMS",2026-02-23 10:12:43,Kerala,State University,B.Tech,2nd Year,6.0 – 7.0,0 – 2 hours,"NPTEL / SWAYAM, Notion / Anki / Obsidian",2,,,,,,,,
1121,f5df30de694992a770d857d674587e781574c81ffc40be127f93b6a3d3a95f48,2026-02-26 10:53:22,Week 3,20,2 – 4 hours,2,3,Rarely,"ChatGPT, Google Gemini",1 – 3,3,NaN,2,2,False,,Slightly worse,YouTube,2026-02-23 10:05:11,Andhra Pradesh,State University,B.Sc,3rd Year,Prefer not to say,2 – 4 hours,"YouTube, Coursera / Udemy / edX, Notion / Anki / Obsidian, WhatsApp / Telegram, Physical notes",5,,,,,,,,
1122,132137538b93be89ed6c9815b322a7a0f58530b8c229d1809265140f5cb8c398,2026-02-26 10:54:35,Week 3,20,2 – 4 hours,1,1,Never,ChatGPT,1 – 3,2,NaN,2,2,False,,Much worse,YouTube,2026-01-13 19:44:22,Tamil Nadu,Deemed University,B.Tech,3rd Year,7.0 – 8.0,2 – 4 hours,"YouTube, ChatGPT / AI tools",2,,,,,,,,
1123,63c23cf4b390284f3ce1175699f5efa501022ba212fe21be99dc9e2d21deebbf,2026-02-26 10:56:13,Week 3,10,0 – 2 hours,1,1,Never,NaN,0,1,NaN,1,1,False,,Much worse,NaN,2026-02-02 12:38:59,Rajasthan,State University,B.Sc,2nd Year,7.0 – 8.0,4 – 6 hours,"Coursera / Udemy / edX, ChatGPT / AI tools, Notion / Anki / Obsidian, College LMS, Physical notes",5,,,,,,,,
1124,f90ab6deefe14d178606a393182b36cdc645169d692772666b9c29214c2a4e40,2026-02-26 10:56:57,Week 3,8,2 – 4 hours,1,1,Never,ChatGPT,1 – 3,2,Poor internet,2,2,False,,Much worse,NPTEL / SWAYAM,2026-02-05 21:56:57,Telangana,Private University,B.Tech,3rd Year,7.0 – 8.0,0 – 2 hours,"ChatGPT / AI tools, WhatsApp / Telegram",2,,,,,,,,
1125,794e3ecad2e18d7bce8d1013a9e08fe529cc63443905f9864cedec22f7a9459b,2026-02-26 10:57:55,Week 3,19,2 – 4 hours,2,2,Rarely,Google Gemini,0,1,Mobile-only access,2,1,False,,Slightly worse,YouTube,2025-12-27 12:35:23,Tamil Nadu,Deemed University,B.Tech,3rd Year,6.0 – 7.0,0 – 2 hours,"YouTube, ChatGPT / AI tools",2,,,,,,,,
1126,63c23cf4b390284f3ce1175699f5efa501022ba212fe21be99dc9e2d21deebbf,2026-02-26 10:58:59,Week 3,10,2 – 4 hours,1,2,Rarely,Google Gemini,3 – 6,1,Poor internet,1,2,False,,Much worse,YouTube,2026-02-02 12:38:59,Rajasthan,State University,B.Sc,2nd Year,7.0 – 8.0,4 – 6 hours,"Coursera / Udemy / edX, ChatGPT / AI tools, Notion / Anki / Obsidian, College LMS, Physical notes",5,,,,,,,,
1127,f8041b50a2c1379ae1a539104ac8cfff2e7475d9225620826e59c80d286afe76,2026-02-26 10:59:46,Week 3,20,2 – 4 hours,3,2,Rarely,Google Gemini,0,2,Poor internet,1,2,False,,Much worse,YouTube,2026-01-31 18:25:54,Andhra Pradesh,Private University,B.Sc,3rd Year,7.0 – 8.0,0 – 2 hours,"YouTube, NPTEL / SWAYAM, Notion / Anki / Obsidian, College LMS, WhatsApp / Telegram",5,,,,,,,,
1128,9f7b57d47f3cd447af0a85a35c1ce5b1287d471159595088cd7493a849b93059,2026-02-26 11:01:22,Week 3,10,0 – 2 hours,2,1,Rarely,ChatGPT,1 – 3,3,NaN,2,2,False,,Slightly worse,YouTube,2026-02-02 12:38:26,Punjab,Central University,B.Tech,1st Year,6.0 – 7.0,4 – 6 hours,"YouTube, NPTEL / SWAYAM, Coursera / Udemy / edX, ChatGPT / AI tools, College LMS, WhatsApp / Telegram",6,,,,,,,,
1129,86b1b7c8fd97ac6aa33f3f67e3c3652ee35ae2226cc4798385726481eea05f57,2026-02-26 11:02:50,Week 3,6,0 – 2 hours,1,1,Never,ChatGPT,1 – 3,1,Poor internet,2,1,False,,Much worse,YouTube,2026-01-31 18:50:27,Tamil Nadu,Central University,B.Tech,1st Year,7.0 – 8.0,0 – 2 hours,"YouTube, ChatGPT / AI tools, College LMS, WhatsApp / Telegram",4,,,,,,,,
1130,781a9f368166d71405348c3b65fa0645e7cab12d017be1e369eb8d7a5cd5fb1d,2026-02-26 11:03:53,Week 3,10,2 – 4 hours,1,1,Never,ChatGPT,1 – 3,2,NaN,1,2,False,,Much worse,YouTube,2026-02-02 12:40:04,Maharashtra,IIT / NIT,B.Com,4th Year,7.0 – 8.0,2 – 4 hours,"YouTube, NPTEL / SWAYAM, Coursera / Udemy / edX, ChatGPT / AI tools, Notion / Anki / Obsidian, College LMS, WhatsApp / Telegram, Physical notes",8,,,,,,,,
1131,9f7b57d47f3cd447af0a85a35c1ce5b1287d471159595088cd7493a849b93059,2026-02-26 11:05:33,Week 3,10,0 – 2 hours,1,1,Rarely,ChatGPT,1 – 3,1,NaN,2,1,False,,Much worse,YouTube,2026-02-02 12:38:26,Punjab,Central University,B.Tech,1st Year,6.0 – 7.0,4 – 6 hours,"YouTube, NPTEL / SWAYAM, Coursera / Udemy / edX, ChatGPT / AI tools, College LMS, WhatsApp / Telegram",6,,,,,,,,
1132,e9f047d3c2da21e5de56f3abab5c156cedf45843e25e1cc9c00e542a0848fb89,2026-02-26 11:06:33,Week 3,10,2 – 4 hours,2,1,Rarely,Microsoft Copilot,1 – 3,2,Poor internet,2,2,False,,Much worse,YouTube,2026-02-23 10:04:41,Andhra Pradesh,Central University,B.Tech,2nd Year,7.0 – 8.0,0 – 2 hours,"YouTube, NPTEL / SWAYAM, Coursera / Udemy / edX, Notion / Anki / Obsidian, WhatsApp / Telegram",5,,,,,,,,
1133,a091d9857e1b26dac9ad43d43de3cfab7f19df9cadb73e095b0b4a74a5e9bc3d,2026-02-26 11:07:47,Week 4,30,2 – 4 hours,2,3,Sometimes,"ChatGPT, Google Gemini, Microsoft Copilot",3 – 6,3,No quiet study space,3,2,False,,Slightly worse,"YouTube, College LMS",2026-01-27 19:47:23,Tamil Nadu,Deemed University,B.Tech,4th Year,9.0+,0 – 2 hours,"YouTube, ChatGPT / AI tools, WhatsApp / Telegram",3,,,,,,,,
1134,8ded4921661c4a18e633a572258dbd0f9a2c004f4aa3e9e2057a670d47566de6,2026-02-26 11:08:33,Week 4,35,2 – 4 hours,3,3,Sometimes,"ChatGPT, Google Gemini, Microsoft Copilot, Claude",3 – 6,3,NaN,3,2,False,,Slightly better,"YouTube, Physical Notes",2026-02-03 11:19:03,Kerala,Private University,B.Sc,3rd Year,Prefer not to say,2 – 4 hours,"NPTEL / SWAYAM, WhatsApp / Telegram, Physical notes",3,,,,,,,,
1135,74d72de1f5b196019d5bbe209db2b90401f5ea949cebbdda60ac6b0f71acb482,2026-02-26 11:09:51,Week 4,43,4 – 6 hours,3,3,Sometimes,"ChatGPT, Google Gemini, Microsoft Copilot",3 – 6,2,NaN,3,2,False,,Slightly better,"YouTube, WhatsApp / Telegram (for study purposes)",2026-02-02 12:43:28,Madhya Pradesh,Central University,B.Tech,2nd Year,6.0 – 7.0,2 – 4 hours,"YouTube, ChatGPT / AI tools",2,,,,,,,,
1136,f90ab6deefe14d178606a393182b36cdc645169d692772666b9c29214c2a4e40,2026-02-26 11:10:57,Week 4,40,4 – 6 hours,3,3,Sometimes,"ChatGPT, Google Gemini, Microsoft Copilot, Claude",6 – 10,3,NaN,2,3,False,,Slightly better,"YouTube, WhatsApp / Telegram (for study purposes), Physical Notes",2026-02-05 21:56:57,Telangana,Private University,B.Tech,3rd Year,7.0 – 8.0,0 – 2 hours,"ChatGPT / AI tools, WhatsApp / Telegram",2,,,,,,,,
1137,48cdb835c278ac6b10eed195f85632896d3be15d20d75197a0b916b2395939a6,2026-02-26 11:12:09,Week 4,30,4 – 6 hours,3,2,Often,"ChatGPT, Google Gemini, Microsoft Copilot, Claude, Perplexity AI",3 – 6,3,NaN,3,2,False,,Slightly better,"YouTube, College LMS",2026-01-27 00:18:46,Telangana,IIT / NIT,B.Sc,3rd Year,7.0 – 8.0,0 – 2 hours,"YouTube, NPTEL / SWAYAM, ChatGPT / AI tools, WhatsApp / Telegram, Physical notes only",5,,,,,,,,
1138,d2db0cecaf1edf2f34e8fcb492052acd27453600c6cc493e25700d9c3b289761,2026-02-26 11:13:04,Week 4,45,4 – 6 hours,3,3,Sometimes,"ChatGPT, Google Gemini, Microsoft Copilot",3 – 6,3,NaN,2,3,False,,Slightly better,"YouTube, WhatsApp / Telegram (for study purposes)",2026-02-02 12:56:07,Uttar Pradesh,IIT / NIT,Other,2nd Year,Prefer not to say,2 – 4 hours,"YouTube, Coursera / Udemy / edX",2,,,,,,,,
1139,b319601b117de5d02e9d335f82997ad5d2c20f041b094bdd7a67411b8ad1543b,2026-02-26 11:13:57,Week 4,40,4 – 6 hours,4,3,Sometimes,"ChatGPT, Google Gemini, Microsoft Copilot",3 – 6,2,NaN,4,3,False,,Slightly better,YouTube,2026-01-31 11:34:19,Tamil Nadu,State University,B.Tech,4th Year,8.0 – 9.0,0 – 2 hours,"YouTube, ChatGPT / AI tools, WhatsApp / Telegram",3,,,,,,,,
1140,bed0f2897fdcff9c379616ea83849b1ca59a967db6315c91cd8fcf4fcf4c7216,2026-02-26 11:14:45,Week 4,30,4 – 6 hours,2,4,Sometimes,"ChatGPT, Google Gemini, Microsoft Copilot",3 – 6,3,NaN,3,2,False,,Slightly better,"YouTube, Physical Notes",2026-01-31 18:46:23,Andhra Pradesh,State University,B.Sc,2nd Year,7.0 – 8.0,2 – 4 hours,"YouTube, NPTEL / SWAYAM, WhatsApp / Telegram",3,,,,,,,,
1141,ea6dc2fae8a61411b9d6de51699ca6787330c0036ffedddf4a649648fefe8732,2026-02-26 11:16:21,Week 4,20,2 – 4 hours,3,4,Sometimes,"ChatGPT, Google Gemini, Microsoft Copilot",3 – 6,3,NaN,2,3,False,,Slightly better,"YouTube, WhatsApp / Telegram (for study purposes)",2026-01-31 18:48:18,Andhra Pradesh,Private University,B.Tech,4th Year,7.0 – 8.0,2 – 4 hours,"YouTube, ChatGPT / AI tools, College LMS, WhatsApp / Telegram",4,,,,,,,,
1142,a0844c331d7454600df29956fea1f640e9035aa0e376172eded377ff472dedbe,2026-02-26 11:17:11,Week 4,43,4 – 6 hours,3,3,Rarely,"ChatGPT, Google Gemini, Microsoft Copilot, Claude",3 – 6,2,NaN,3,3,False,,Slightly better,"NPTEL / SWAYAM, Physical Notes",2026-01-31 18:46:52,Karnataka,Central University,B.Sc,1st Year,7.0 – 8.0,2 – 4 hours,"NPTEL / SWAYAM, Coursera / Udemy / edX, ChatGPT / AI tools, College LMS, WhatsApp / Telegram, Physical notes",6,,,,,,,,
1143,e8386eec4c2f671d625ec0a877e0c9af57a196443df6751cfd908bc4bb188c51,2026-02-26 11:18:19,Week 4,45,4 – 6 hours,4,3,Rarely,"ChatGPT, Google Gemini, Microsoft Copilot",3 – 6,3,NaN,2,3,False,,Slightly better,YouTube,2026-01-31 18:42:45,Kerala,State University,B.Com,2nd Year,Prefer not to say,2 – 4 hours,"YouTube, NPTEL / SWAYAM, Coursera / Udemy / edX, Notion / Anki / Obsidian, Physical notes",5,,,,,,,,
1144,8bfc27000534160835a23ec100f95667b3894c6b3e90a6027721d3322ad782dc,2026-02-26 11:19:46,Week 4,42,4 – 6 hours,3,3,Sometimes,"ChatGPT, Google Gemini, Microsoft Copilot",6 – 10,2,NaN,3,3,False,,Slightly better,"YouTube, Physical Notes",2026-02-05 21:46:59,Telangana,Private University,B.Tech,3rd Year,9.0+,0 – 2 hours,"YouTube, ChatGPT / AI tools, Physical notes",3,,,,,,,,
1145,b9c03c59028b4485073ac377b7c14dfe728898b0dccd931ebc2eea5d5b1d746a,2026-02-26 11:20:45,Week 4,41,4 – 6 hours,3,2,Sometimes,"ChatGPT, Google Gemini, Microsoft Copilot, Claude",3 – 6,3,NaN,4,3,False,,Slightly better,"YouTube, Physical Notes",2025-12-27 14:52:29,Tamil Nadu,Central University,B.Tech,3rd Year,8.0 – 9.0,2 – 4 hours,"ChatGPT / AI tools, College LMS, WhatsApp / Telegram",3,,,,,,,,
1146,3d83828233d057f5e1e37a4c9e784850077d6638768e69b0f6b5d4e5e2dfc994,2026-02-26 11:21:36,Week 4,46,4 – 6 hours,3,3,Sometimes,"ChatGPT, Google Gemini, Microsoft Copilot",6 – 10,3,NaN,3,3,False,,Slightly better,"YouTube, Physical Notes",2026-01-12 21:41:37,Tamil Nadu,Private University,B.Tech,3rd Year,8.0 – 9.0,0 – 2 hours,"YouTube, ChatGPT / AI tools",2,,,,,,,,
1147,3a16c6fa9dbc26f91e12cdd112bec4f2953a34f47097d3424e3f551bb022a684,2026-02-26 11:22:26,Week 4,35,4 – 6 hours,3,3,Rarely,"ChatGPT, Google Gemini, Microsoft Copilot, Claude",3 – 6,3,NaN,2,3,False,,Slightly better,College LMS,2026-01-31 18:44:48,Tamil Nadu,Private University,BBA,1st Year,6.0 – 7.0,0 – 2 hours,"YouTube, Coursera / Udemy / edX, ChatGPT / AI tools, College LMS, WhatsApp / Telegram, Physical notes",6,,,,,,,,
1148,781a9f368166d71405348c3b65fa0645e7cab12d017be1e369eb8d7a5cd5fb1d,2026-02-26 11:23:50,Week 4,43,4 – 6 hours,3,2,Sometimes,"ChatGPT, Google Gemini, Microsoft Copilot, Claude",3 – 6,2,NaN,4,4,False,,Slightly better,"YouTube, Physical Notes",2026-02-02 12:40:04,Maharashtra,IIT / NIT,B.Com,4th Year,7.0 – 8.0,2 – 4 hours,"YouTube, NPTEL / SWAYAM, Coursera / Udemy / edX, ChatGPT / AI tools, Notion / Anki / Obsidian, College LMS, WhatsApp / Telegram, Physical notes",8,,,,,,,,
1149,74d72de1f5b196019d5bbe209db2b90401f5ea949cebbdda60ac6b0f71acb482,2026-02-26 11:24:37,Week 4,35,4 – 6 hours,2,3,Rarely,"ChatGPT, Google Gemini, Microsoft Copilot",1 – 3,2,NaN,3,4,False,,Slightly worse,"YouTube, Physical Notes",2026-02-02 12:43:28,Madhya Pradesh,Central University,B.Tech,2nd Year,6.0 – 7.0,2 – 4 hours,"YouTube, ChatGPT / AI tools",2,,,,,,,,
1150,8bfc27000534160835a23ec100f95667b3894c6b3e90a6027721d3322ad782dc,2026-02-26 11:26:41,Week 4,34,2 – 4 hours,2,3,Sometimes,"ChatGPT, Google Gemini, Microsoft Copilot, Claude, Perplexity AI",3 – 6,3,NaN,3,3,False,,Slightly better,"YouTube, Physical Notes",2026-02-05 21:46:59,Telangana,Private University,B.Tech,3rd Year,9.0+,0 – 2 hours,"YouTube, ChatGPT / AI tools, Physical notes",3,,,,,,,,
1151,0e155a1241bd00b2d588262223a52e0f8a911a4000092f096e6968dccae9e61b,2026-02-26 11:27:38,Week 4,35,4 – 6 hours,3,3,Sometimes,"ChatGPT, Google Gemini, Microsoft Copilot",3 – 6,3,NaN,2,2,False,,Slightly better,"YouTube, Physical Notes",2026-02-03 11:16:29,Tamil Nadu,IIT / NIT,B.Tech,4th Year,8.0 – 9.0,2 – 4 hours,"ChatGPT / AI tools, College LMS",2,,,,,,,,
1152,9c37b8db9c39e670e8422cf5afe252221762450c6f3d1f72c8ef3cdfe0a584e6,2026-02-26 11:28:27,Week 4,34,2 – 4 hours,2,2,Sometimes,"ChatGPT, Google Gemini, Microsoft Copilot",6 – 10,3,NaN,3,3,False,,Slightly worse,"YouTube, WhatsApp / Telegram (for study purposes)",2026-02-23 10:10:44,Tamil Nadu,State University,B.Sc,2nd Year,7.0 – 8.0,2 – 4 hours,"YouTube, NPTEL / SWAYAM, Coursera / Udemy / edX, ChatGPT / AI tools, College LMS",5,,,,,,,,
1153,f8ecea41f5799921e46e5d82b8d41d92dba1fca7a66ca63506cc3c0aab382672,2026-02-26 11:29:18,Week 4,35,4 – 6 hours,3,3,Rarely,"ChatGPT, Google Gemini, Microsoft Copilot, Claude",3 – 6,2,NaN,2,3,False,,Slightly better,"YouTube, Physical Notes",2026-01-27 17:56:30,Uttar Pradesh,Central University,B.Tech,4th Year,7.0 – 8.0,4 – 6 hours,"YouTube, NPTEL / SWAYAM, Coursera / Udemy / edX, ChatGPT / AI tools, Notion / Anki / Obsidian",5,,,,,,,,
1154,9f7b57d47f3cd447af0a85a35c1ce5b1287d471159595088cd7493a849b93059,2026-02-26 11:30:03,Week 4,45,4 – 6 hours,3,2,Sometimes,"ChatGPT, Google Gemini, Microsoft Copilot",3 – 6,3,NaN,2,3,False,,Slightly worse,"YouTube, WhatsApp / Telegram (for study purposes)",2026-02-02 12:38:26,Punjab,Central University,B.Tech,1st Year,6.0 – 7.0,4 – 6 hours,"YouTube, NPTEL / SWAYAM, Coursera / Udemy / edX, ChatGPT / AI tools, College LMS, WhatsApp / Telegram",6,,,,,,,,
1155,ef4aca4b5a9ddc8cfe1cda04eef5cb540a47e603dac29e3f59b7bdd1a387191d,2026-02-26 11:30:50,Week 4,45,4 – 6 hours,3,2,Sometimes,"ChatGPT, Google Gemini, Microsoft Copilot",6 – 10,2,NaN,2,3,False,,Slightly better,"YouTube, Physical Notes",2026-02-02 12:52:17,Maharashtra,Private University,B.Tech,Others,6.0 – 7.0,2 – 4 hours,"YouTube, ChatGPT / AI tools",2,,,,,,,,
1211,132137538b93be89ed6c9815b322a7a0f58530b8c229d1809265140f5cb8c398,2026-03-05 17:21:43,Week 4,50,6+ hours,5,5,Sometimes,"ChatGPT, Google Gemini",10+,5,Poor internet,5,5,False,50.0,Slightly worse,YouTube,2026-01-13 19:44:22,Tamil Nadu,Deemed University,B.Tech,3rd Year,7.0 – 8.0,2 – 4 hours,"YouTube, ChatGPT / AI tools",2,,,,,,,,
1156,6cdee50dedfbbd1a46317cf81321165ab42071b577d2f1514daac32cb4160095,2026-02-26 11:31:43,Week 4,34,4 – 6 hours,3,3,Sometimes,"ChatGPT, Google Gemini, Microsoft Copilot, Claude, Perplexity AI",3 – 6,4,NaN,3,2,False,,Slightly better,"YouTube, Physical Notes",2026-02-02 12:39:28,Gujarat,Private University,B.Tech,3rd Year,8.0 – 9.0,6+ hours,NaN,1,,,,,,,,
1157,26234105c87439e0dc4fb999632d3a5406775cc0728c26840e4a6b26d071341b,2026-02-26 11:32:30,Week 4,45,4 – 6 hours,4,2,Sometimes,"ChatGPT, Google Gemini, Microsoft Copilot",3 – 6,3,NaN,2,3,False,,Slightly better,"YouTube, Physical Notes",2026-01-12 20:18:58,Tamil Nadu,Private University,B.Tech,2nd Year,6.0 – 7.0,0 – 2 hours,"YouTube, ChatGPT / AI tools, College LMS",3,,,,,,,,
1158,48cdb835c278ac6b10eed195f85632896d3be15d20d75197a0b916b2395939a6,2026-02-26 11:33:22,Week 4,46,4 – 6 hours,3,2,Sometimes,"ChatGPT, Google Gemini, Microsoft Copilot, QuillBot",3 – 6,3,NaN,2,2,False,,Slightly better,"YouTube, College LMS",2026-01-27 00:18:46,Telangana,IIT / NIT,B.Sc,3rd Year,7.0 – 8.0,0 – 2 hours,"YouTube, NPTEL / SWAYAM, ChatGPT / AI tools, WhatsApp / Telegram, Physical notes only",5,,,,,,,,
1159,0e155a1241bd00b2d588262223a52e0f8a911a4000092f096e6968dccae9e61b,2026-02-26 11:34:07,Week 4,33,2 – 4 hours,3,2,Sometimes,"ChatGPT, Google Gemini, Microsoft Copilot, Grammarly, QuillBot",3 – 6,3,NaN,3,3,False,,Slightly better,"YouTube, College LMS",2026-02-03 11:16:29,Tamil Nadu,IIT / NIT,B.Tech,4th Year,8.0 – 9.0,2 – 4 hours,"ChatGPT / AI tools, College LMS",2,,,,,,,,
1160,1ad669ada84e5263e09135c0723aae8e30fcb58819e440892efde165dd587a5e,2026-02-26 11:34:51,Week 4,43,4 – 6 hours,3,2,Sometimes,"ChatGPT, Google Gemini, Grammarly, QuillBot",3 – 6,2,NaN,3,3,False,,Slightly better,"YouTube, WhatsApp / Telegram (for study purposes)",2026-02-03 11:18:21,Karnataka,State University,BBA,3rd Year,7.0 – 8.0,2 – 4 hours,"YouTube, Coursera / Udemy / edX",2,,,,,,,,
1161,794e3ecad2e18d7bce8d1013a9e08fe529cc63443905f9864cedec22f7a9459b,2026-02-26 11:35:36,Week 4,42,4 – 6 hours,3,3,Often,"ChatGPT, Google Gemini, GitHub Copilot",6 – 10,3,NaN,2,3,False,,Slightly better,"YouTube, WhatsApp / Telegram (for study purposes)",2025-12-27 12:35:23,Tamil Nadu,Deemed University,B.Tech,3rd Year,6.0 – 7.0,0 – 2 hours,"YouTube, ChatGPT / AI tools",2,,,,,,,,
1162,f5df30de694992a770d857d674587e781574c81ffc40be127f93b6a3d3a95f48,2026-02-26 11:36:40,Week 4,46,4 – 6 hours,3,3,Rarely,"ChatGPT, Google Gemini, Microsoft Copilot, Claude, Perplexity AI, QuillBot, GitHub Copilot",3 – 6,3,NaN,3,3,False,,Slightly better,"YouTube, College LMS",2026-02-23 10:05:11,Andhra Pradesh,State University,B.Sc,3rd Year,Prefer not to say,2 – 4 hours,"YouTube, Coursera / Udemy / edX, Notion / Anki / Obsidian, WhatsApp / Telegram, Physical notes",5,,,,,,,,
1163,7b5c4bd7d59556f437489bc9729a8c19655b90085e45e8dff621cf66913fc521,2026-02-26 11:37:27,Week 4,44,4 – 6 hours,3,3,Sometimes,"ChatGPT, Google Gemini, Microsoft Copilot",3 – 6,2,NaN,3,3,False,,Slightly better,"YouTube, WhatsApp / Telegram (for study purposes), Physical Notes",2026-02-23 10:13:22,Kerala,State University,B.Tech,3rd Year,Prefer not to say,2 – 4 hours,"YouTube, NPTEL / SWAYAM, Coursera / Udemy / edX, ChatGPT / AI tools, Notion / Anki / Obsidian, College LMS, WhatsApp / Telegram, Physical notes",8,,,,,,,,
1164,132137538b93be89ed6c9815b322a7a0f58530b8c229d1809265140f5cb8c398,2026-02-26 11:38:16,Week 4,32,4 – 6 hours,2,2,Sometimes,"ChatGPT, Google Gemini, Microsoft Copilot",3 – 6,3,NaN,3,1,False,,Slightly better,"YouTube, Physical Notes",2026-01-13 19:44:22,Tamil Nadu,Deemed University,B.Tech,3rd Year,7.0 – 8.0,2 – 4 hours,"YouTube, ChatGPT / AI tools",2,,,,,,,,
1165,8bfc27000534160835a23ec100f95667b3894c6b3e90a6027721d3322ad782dc,2026-02-26 11:39:09,Week 4,43,4 – 6 hours,3,2,Sometimes,"ChatGPT, Google Gemini, Microsoft Copilot",1 – 3,2,NaN,2,2,False,,Slightly better,"YouTube, WhatsApp / Telegram (for study purposes)",2026-02-05 21:46:59,Telangana,Private University,B.Tech,3rd Year,9.0+,0 – 2 hours,"YouTube, ChatGPT / AI tools, Physical notes",3,,,,,,,,
1166,ea6dc2fae8a61411b9d6de51699ca6787330c0036ffedddf4a649648fefe8732,2026-02-26 11:39:55,Week 4,44,4 – 6 hours,3,3,Rarely,"ChatGPT, Google Gemini, Microsoft Copilot",3 – 6,4,NaN,3,3,False,,Slightly better,"YouTube, WhatsApp / Telegram (for study purposes)",2026-01-31 18:48:18,Andhra Pradesh,Private University,B.Tech,4th Year,7.0 – 8.0,2 – 4 hours,"YouTube, ChatGPT / AI tools, College LMS, WhatsApp / Telegram",4,,,,,,,,
1167,6cdee50dedfbbd1a46317cf81321165ab42071b577d2f1514daac32cb4160095,2026-02-26 11:40:43,Week 4,44,4 – 6 hours,3,3,Sometimes,"ChatGPT, Google Gemini, Microsoft Copilot",3 – 6,3,NaN,3,2,False,,Slightly better,"YouTube, WhatsApp / Telegram (for study purposes)",2026-02-02 12:39:28,Gujarat,Private University,B.Tech,3rd Year,8.0 – 9.0,6+ hours,NaN,1,,,,,,,,
1168,86b1b7c8fd97ac6aa33f3f67e3c3652ee35ae2226cc4798385726481eea05f57,2026-02-26 11:41:27,Week 4,33,2 – 4 hours,3,2,Sometimes,"ChatGPT, Google Gemini, Microsoft Copilot",3 – 6,2,NaN,4,1,False,,Slightly better,"YouTube, WhatsApp / Telegram (for study purposes)",2026-01-31 18:50:27,Tamil Nadu,Central University,B.Tech,1st Year,7.0 – 8.0,0 – 2 hours,"YouTube, ChatGPT / AI tools, College LMS, WhatsApp / Telegram",4,,,,,,,,
1169,384ceb85e96e6aa2ecda396e81a782b00f64a547b8639cec5570f556cec3c71d,2026-02-26 11:42:25,Week 4,47,4 – 6 hours,3,3,Rarely,"ChatGPT, Google Gemini, Microsoft Copilot",3 – 6,2,NaN,3,3,False,,Slightly better,"YouTube, WhatsApp / Telegram (for study purposes)",2026-02-23 10:05:39,Kerala,Private University,B.Com,2nd Year,8.0 – 9.0,4 – 6 hours,"NPTEL / SWAYAM, Coursera / Udemy / edX, College LMS, Physical notes",4,,,,,,,,
1170,16a56bf3b362259b32e3bc7d18a95d94213241560809ad3c4d5ddba644365acb,2026-02-26 11:43:07,Week 4,55,4 – 6 hours,3,4,Rarely,"ChatGPT, Google Gemini, Microsoft Copilot, Claude",6 – 10,3,NaN,3,3,False,,Slightly better,"YouTube, WhatsApp / Telegram (for study purposes)",2026-02-19 13:19:58,Tamil Nadu,State University,B.Sc,2nd Year,8.0 – 9.0,2 – 4 hours,"YouTube, NPTEL / SWAYAM, Coursera / Udemy / edX, ChatGPT / AI tools, Notion / Anki / Obsidian",5,,,,,,,,
1171,6cdee50dedfbbd1a46317cf81321165ab42071b577d2f1514daac32cb4160095,2026-02-26 11:44:03,Week 4,54,4 – 6 hours,3,3,Rarely,"ChatGPT, Google Gemini, Microsoft Copilot",1 – 3,4,NaN,3,3,False,,Slightly better,"YouTube, WhatsApp / Telegram (for study purposes)",2026-02-02 12:39:28,Gujarat,Private University,B.Tech,3rd Year,8.0 – 9.0,6+ hours,NaN,1,,,,,,,,
1172,e9f047d3c2da21e5de56f3abab5c156cedf45843e25e1cc9c00e542a0848fb89,2026-02-26 11:45:19,Week 4,50,4 – 6 hours,3,3,Rarely,"ChatGPT, Google Gemini, Microsoft Copilot, Claude, Perplexity AI",1 – 3,2,NaN,3,4,False,,Slightly better,"YouTube, WhatsApp / Telegram (for study purposes), Physical Notes",2026-02-23 10:04:41,Andhra Pradesh,Central University,B.Tech,2nd Year,7.0 – 8.0,0 – 2 hours,"YouTube, NPTEL / SWAYAM, Coursera / Udemy / edX, Notion / Anki / Obsidian, WhatsApp / Telegram",5,,,,,,,,
1173,caf626adf6b1139006e560ca8cc80b33ca449dfd93d89557b2b5dca8a09ea07f,2026-02-26 11:46:12,Week 4,33,2 – 4 hours,2,3,Sometimes,"ChatGPT, Google Gemini, Microsoft Copilot",3 – 6,2,NaN,4,3,False,,Slightly better,"YouTube, WhatsApp / Telegram (for study purposes), Physical Notes",2026-02-23 10:06:05,Karnataka,Private University,BA,3rd Year,7.0 – 8.0,2 – 4 hours,"YouTube, NPTEL / SWAYAM, Coursera / Udemy / edX, ChatGPT / AI tools, Notion / Anki / Obsidian, WhatsApp / Telegram",6,,,,,,,,
1174,9c37b8db9c39e670e8422cf5afe252221762450c6f3d1f72c8ef3cdfe0a584e6,2026-02-26 11:47:09,Week 4,44,4 – 6 hours,2,3,Rarely,"ChatGPT, Google Gemini, Microsoft Copilot, Claude",3 – 6,3,NaN,3,2,False,,Slightly better,"YouTube, Physical Notes",2026-02-23 10:10:44,Tamil Nadu,State University,B.Sc,2nd Year,7.0 – 8.0,2 – 4 hours,"YouTube, NPTEL / SWAYAM, Coursera / Udemy / edX, ChatGPT / AI tools, College LMS",5,,,,,,,,
1175,132137538b93be89ed6c9815b322a7a0f58530b8c229d1809265140f5cb8c398,2026-02-26 11:47:59,Week 4,44,4 – 6 hours,3,3,Often,"ChatGPT, Google Gemini, Microsoft Copilot, Claude",3 – 6,3,NaN,3,3,False,,Slightly better,"YouTube, WhatsApp / Telegram (for study purposes)",2026-01-13 19:44:22,Tamil Nadu,Deemed University,B.Tech,3rd Year,7.0 – 8.0,2 – 4 hours,"YouTube, ChatGPT / AI tools",2,,,,,,,,
1176,8773494ab4b07b7f7350b8d37e960ba5d05e7caf5ffbb75a943c63465a604b7f,2026-02-26 11:48:57,Week 4,41,4 – 6 hours,3,2,Sometimes,"ChatGPT, Google Gemini, Microsoft Copilot, Claude",3 – 6,3,NaN,4,3,False,,Slightly better,"YouTube, WhatsApp / Telegram (for study purposes)",2026-01-31 18:47:34,Tamil Nadu,IIT / NIT,B.Tech,2nd Year,9.0+,4 – 6 hours,"YouTube, NPTEL / SWAYAM, Coursera / Udemy / edX, ChatGPT / AI tools, College LMS, WhatsApp / Telegram, Physical notes",7,,,,,,,,
1177,81ddebb1fc0e6b009a5655dea87854093d1374914f03d128e615c955c9007504,2026-02-26 11:50:14,Week 4,33,2 – 4 hours,2,3,Rarely,"ChatGPT, Google Gemini, Microsoft Copilot",3 – 6,1,NaN,2,2,False,,Slightly better,"YouTube, College LMS",2026-01-12 20:20:23,Tamil Nadu,Private University,B.Tech,3rd Year,7.0 – 8.0,2 – 4 hours,"YouTube, ChatGPT / AI tools, WhatsApp / Telegram, Physical notes only",4,,,,,,,,
1178,ef4aca4b5a9ddc8cfe1cda04eef5cb540a47e603dac29e3f59b7bdd1a387191d,2026-02-26 11:51:05,Week 4,44,4 – 6 hours,2,3,Sometimes,"ChatGPT, Google Gemini, Microsoft Copilot",3 – 6,3,NaN,2,2,False,,Slightly better,"YouTube, College LMS, WhatsApp / Telegram (for study purposes)",2026-02-02 12:52:17,Maharashtra,Private University,B.Tech,Others,6.0 – 7.0,2 – 4 hours,"YouTube, ChatGPT / AI tools",2,,,,,,,,
1179,63c23cf4b390284f3ce1175699f5efa501022ba212fe21be99dc9e2d21deebbf,2026-02-26 11:51:53,Week 4,43,4 – 6 hours,3,2,Sometimes,"ChatGPT, Google Gemini, Microsoft Copilot",3 – 6,2,NaN,3,2,False,,Slightly better,"YouTube, WhatsApp / Telegram (for study purposes)",2026-02-02 12:38:59,Rajasthan,State University,B.Sc,2nd Year,7.0 – 8.0,4 – 6 hours,"Coursera / Udemy / edX, ChatGPT / AI tools, Notion / Anki / Obsidian, College LMS, Physical notes",5,,,,,,,,
1180,63c23cf4b390284f3ce1175699f5efa501022ba212fe21be99dc9e2d21deebbf,2026-02-26 11:52:52,Week 4,45,4 – 6 hours,2,2,Sometimes,"ChatGPT, QuillBot",3 – 6,3,NaN,3,3,False,,Slightly better,"YouTube, College LMS",2026-02-02 12:38:59,Rajasthan,State University,B.Sc,2nd Year,7.0 – 8.0,4 – 6 hours,"Coursera / Udemy / edX, ChatGPT / AI tools, Notion / Anki / Obsidian, College LMS, Physical notes",5,,,,,,,,
1181,27d91473394ea1f8f97a8f1740492902f4ab1abbfe0b003e4536904eaba6dca0,2026-02-26 11:53:38,Week 4,44,2 – 4 hours,3,3,Rarely,"ChatGPT, Google Gemini, Microsoft Copilot, Claude",3 – 6,3,NaN,3,2,False,,Slightly better,"YouTube, WhatsApp / Telegram (for study purposes)",2026-01-31 18:43:28,Tamil Nadu,IIT / NIT,B.Tech,3rd Year,7.0 – 8.0,2 – 4 hours,"YouTube, NPTEL / SWAYAM, Coursera / Udemy / edX, ChatGPT / AI tools, Notion / Anki / Obsidian, College LMS, WhatsApp / Telegram, Physical notes",8,,,,,,,,
1182,8bfc27000534160835a23ec100f95667b3894c6b3e90a6027721d3322ad782dc,2026-02-26 16:28:05,Week 1,0,0 – 2 hours,1,1,Never,"ChatGPT, Google Gemini, Microsoft Copilot",1 – 3,4,Health / stress issues,1,2,False,,About the same,YouTube,2026-02-05 21:46:59,Telangana,Private University,B.Tech,3rd Year,9.0+,0 – 2 hours,"YouTube, ChatGPT / AI tools, Physical notes",3,,,,,,,,
1183,ad04e596e1af01ab238040c91de85cefe7f49fb2aabec57135e928a5ee02305e,2026-03-01 20:17:48,Week 6,5,0 – 2 hours,4,1,Never,ChatGPT,3 – 6,4,NaN,4,4,False,,About the same,WhatsApp / Telegram (for study purposes),2026-02-02 13:10:08,Karnataka,IIT / NIT,BBA,Others,7.0 – 8.0,2 – 4 hours,"YouTube, NPTEL / SWAYAM",2,,,,,,,,
1184,3a16c6fa9dbc26f91e12cdd112bec4f2953a34f47097d3424e3f551bb022a684,2026-03-05 16:57:48,Week 1,7,2 – 4 hours,2,2,Never,"ChatGPT, Google Gemini, Claude, QuillBot",3 – 6,2,"No quiet study space, Health / stress issues",2,2,False,70.0,Much worse,NaN,2026-01-31 18:44:48,Tamil Nadu,Private University,BBA,1st Year,6.0 – 7.0,0 – 2 hours,"YouTube, Coursera / Udemy / edX, ChatGPT / AI tools, College LMS, WhatsApp / Telegram, Physical notes",6,,,,,,,,
1185,6cdee50dedfbbd1a46317cf81321165ab42071b577d2f1514daac32cb4160095,2026-03-05 16:58:48,Week 1,4,2 – 4 hours,3,3,Sometimes,"ChatGPT, Google Gemini",3 – 6,3,Mobile-only access,2,2,False,,Slightly worse,College LMS,2026-02-02 12:39:28,Gujarat,Private University,B.Tech,3rd Year,8.0 – 9.0,6+ hours,NaN,1,,,,,,,,
1186,caf626adf6b1139006e560ca8cc80b33ca449dfd93d89557b2b5dca8a09ea07f,2026-03-05 16:59:42,Week 1,4,2 – 4 hours,3,2,Rarely,"ChatGPT, Google Gemini",1 – 3,2,"Poor internet, Mobile-only access",2,2,False,,Slightly worse,"NPTEL / SWAYAM, College LMS",2026-02-23 10:06:05,Karnataka,Private University,BA,3rd Year,7.0 – 8.0,2 – 4 hours,"YouTube, NPTEL / SWAYAM, Coursera / Udemy / edX, ChatGPT / AI tools, Notion / Anki / Obsidian, WhatsApp / Telegram",6,,,,,,,,
1187,8bfc27000534160835a23ec100f95667b3894c6b3e90a6027721d3322ad782dc,2026-03-05 17:00:39,Week 1,3,2 – 4 hours,2,3,Rarely,"ChatGPT, Google Gemini",3 – 6,2,"Mobile-only access, No quiet study space",2,2,False,,Slightly worse,"YouTube, NPTEL / SWAYAM, Coursera / Udemy / edX",2026-02-05 21:46:59,Telangana,Private University,B.Tech,3rd Year,9.0+,0 – 2 hours,"YouTube, ChatGPT / AI tools, Physical notes",3,,,,,,,,
1188,8ded4921661c4a18e633a572258dbd0f9a2c004f4aa3e9e2057a670d47566de6,2026-03-05 17:01:25,Week 1,3,2 – 4 hours,2,2,Rarely,"ChatGPT, Google Gemini",1 – 3,2,"Poor internet, Mobile-only access",2,2,False,,Slightly worse,"YouTube, NPTEL / SWAYAM, Coursera / Udemy / edX",2026-02-03 11:19:03,Kerala,Private University,B.Sc,3rd Year,Prefer not to say,2 – 4 hours,"NPTEL / SWAYAM, WhatsApp / Telegram, Physical notes",3,,,,,,,,
1189,3a16c6fa9dbc26f91e12cdd112bec4f2953a34f47097d3424e3f551bb022a684,2026-03-05 17:03:10,Week 2,6,2 – 4 hours,2,2,Sometimes,"ChatGPT, Google Gemini, Claude",3 – 6,3,"Poor internet, Mobile-only access, No quiet study space",3,3,False,,About the same,"YouTube, NPTEL / SWAYAM, College LMS",2026-01-31 18:44:48,Tamil Nadu,Private University,BBA,1st Year,6.0 – 7.0,0 – 2 hours,"YouTube, Coursera / Udemy / edX, ChatGPT / AI tools, College LMS, WhatsApp / Telegram, Physical notes",6,,,,,,,,
1190,ad04e596e1af01ab238040c91de85cefe7f49fb2aabec57135e928a5ee02305e,2026-03-05 17:04:26,Week 2,13,2 – 4 hours,3,4,Often,"ChatGPT, Google Gemini",6 – 10,5,"No quiet study space, Health / stress issues, None",5,5,False,,Slightly better,"YouTube, NPTEL / SWAYAM",2026-02-02 13:10:08,Karnataka,IIT / NIT,BBA,Others,7.0 – 8.0,2 – 4 hours,"YouTube, NPTEL / SWAYAM",2,,,,,,,,
1191,86b1b7c8fd97ac6aa33f3f67e3c3652ee35ae2226cc4798385726481eea05f57,2026-03-05 17:05:29,Week 1,30,4 – 6 hours,4,4,Always,"ChatGPT, Claude, Canva AI",6 – 10,3,Health / stress issues,3,3,False,80.0,Slightly worse,YouTube,2026-01-31 18:50:27,Tamil Nadu,Central University,B.Tech,1st Year,7.0 – 8.0,0 – 2 hours,"YouTube, ChatGPT / AI tools, College LMS, WhatsApp / Telegram",4,,,,,,,,
1192,97b26b3698560201c1218be1d50871d93f4ae1f4a79deeb268b0ba686e43fdeb,2026-03-05 17:06:14,Week 2,20,6+ hours,5,5,Often,"ChatGPT, Google Gemini",6 – 10,4,"Poor internet, Mobile-only access",4,4,False,,Slightly better,"YouTube, NPTEL / SWAYAM, Coursera / Udemy / edX",2025-12-26 07:18:01,Tamil Nadu,Deemed University,B.Tech,3rd Year,8.0 – 9.0,0 – 2 hours,"ChatGPT / AI tools, College LMS, WhatsApp / Telegram",3,,,,,,,,
1193,a0844c331d7454600df29956fea1f640e9035aa0e376172eded377ff472dedbe,2026-03-05 17:07:04,Week 2,20,6+ hours,5,5,Sometimes,"ChatGPT, Google Gemini, Microsoft Copilot, Claude",6 – 10,4,"Poor internet, Mobile-only access",5,5,False,,About the same,"YouTube, College LMS",2026-01-31 18:46:52,Karnataka,Central University,B.Sc,1st Year,7.0 – 8.0,2 – 4 hours,"NPTEL / SWAYAM, Coursera / Udemy / edX, ChatGPT / AI tools, College LMS, WhatsApp / Telegram, Physical notes",6,,,,,,,,
1194,b319601b117de5d02e9d335f82997ad5d2c20f041b094bdd7a67411b8ad1543b,2026-03-05 17:07:50,Week 3,3,0 – 2 hours,2,1,Never,"ChatGPT, Google Gemini",1 – 3,1,Poor internet,1,1,False,,Much worse,College LMS,2026-01-31 11:34:19,Tamil Nadu,State University,B.Tech,4th Year,8.0 – 9.0,0 – 2 hours,"YouTube, ChatGPT / AI tools, WhatsApp / Telegram",3,,,,,,,,
1195,48cdb835c278ac6b10eed195f85632896d3be15d20d75197a0b916b2395939a6,2026-03-05 17:08:35,Week 3,2,0 – 2 hours,2,2,Rarely,Google Gemini,1 – 3,2,"Mobile-only access, No quiet study space",2,1,False,,Slightly worse,Coursera / Udemy / edX,2026-01-27 00:18:46,Telangana,IIT / NIT,B.Sc,3rd Year,7.0 – 8.0,0 – 2 hours,"YouTube, NPTEL / SWAYAM, ChatGPT / AI tools, WhatsApp / Telegram, Physical notes only",5,,,,,,,,
1196,e14fc3506630213cf4dbb3dddf035e19aad46cfaf81f1761b7791f1f48a64d67,2026-03-05 17:08:36,Week 1,39,4 – 6 hours,4,3,Sometimes,"ChatGPT, Claude",6 – 10,4,Poor internet,4,4,False,,Slightly better,"YouTube, College LMS",2026-02-02 12:45:31,Madhya Pradesh,Central University,B.Tech,3rd Year,8.0 – 9.0,2 – 4 hours,"ChatGPT / AI tools, WhatsApp / Telegram",2,,,,,,,,
1197,27d91473394ea1f8f97a8f1740492902f4ab1abbfe0b003e4536904eaba6dca0,2026-03-05 17:09:59,Week 3,5,0 – 2 hours,2,2,Rarely,Google Gemini,1 – 3,2,Poor internet,2,3,False,,Much worse,NPTEL / SWAYAM,2026-01-31 18:43:28,Tamil Nadu,IIT / NIT,B.Tech,3rd Year,7.0 – 8.0,2 – 4 hours,"YouTube, NPTEL / SWAYAM, Coursera / Udemy / edX, ChatGPT / AI tools, Notion / Anki / Obsidian, College LMS, WhatsApp / Telegram, Physical notes",8,,,,,,,,
1198,3d83828233d057f5e1e37a4c9e784850077d6638768e69b0f6b5d4e5e2dfc994,2026-03-05 17:10:05,Week 1,22,4 – 6 hours,4,4,Never,"ChatGPT, Google Gemini",6 – 10,4,Poor internet,4,3,False,66.0,About the same,NPTEL / SWAYAM,2026-01-12 21:41:37,Tamil Nadu,Private University,B.Tech,3rd Year,8.0 – 9.0,0 – 2 hours,"YouTube, ChatGPT / AI tools",2,,,,,,,,
1199,49c29b44c0f2dba949371e3de5aaea4ace47ef333c771bda5ab86551a01e7a7d,2026-03-05 17:11:27,Week 3,3,2 – 4 hours,1,2,Rarely,"Claude, QuillBot",1 – 3,3,"Poor internet, Mobile-only access, No quiet study space, Health / stress issues, None",2,2,False,,Slightly worse,"Notion / Anki / Obsidian, Physical Notes",2026-02-02 12:49:39,Uttar Pradesh,Central University,B.Tech,Others,8.0 – 9.0,2 – 4 hours,"YouTube, ChatGPT / AI tools",2,,,,,,,,
1200,26234105c87439e0dc4fb999632d3a5406775cc0728c26840e4a6b26d071341b,2026-03-05 17:11:45,Week 2,35,4 – 6 hours,4,4,Often,"ChatGPT, Perplexity AI",6 – 10,4,Mobile-only access,4,4,False,75.0,About the same,"YouTube, NPTEL / SWAYAM",2026-01-12 20:18:58,Tamil Nadu,Private University,B.Tech,2nd Year,6.0 – 7.0,0 – 2 hours,"YouTube, ChatGPT / AI tools, College LMS",3,,,,,,,,
1201,7b5c4bd7d59556f437489bc9729a8c19655b90085e45e8dff621cf66913fc521,2026-03-05 17:13:19,Week 3,8,2 – 4 hours,2,3,Never,"ChatGPT, Google Gemini, Microsoft Copilot, Claude, Perplexity AI, Grammarly, QuillBot, Notion AI, Jasper AI, GitHub Copilot, Codeium, Replit AI, Tabnine, Canva AI, DALL·E, Midjourney, Adobe Firefly, Khanmigo (Khan Academy AI)",1 – 3,1,"Poor internet, Mobile-only access, No quiet study space, Health / stress issues",1,1,False,,Much worse,"YouTube, NPTEL / SWAYAM, Coursera / Udemy / edX, College LMS, Notion / Anki / Obsidian, WhatsApp / Telegram (for study purposes), Physical Notes",2026-02-23 10:13:22,Kerala,State University,B.Tech,3rd Year,Prefer not to say,2 – 4 hours,"YouTube, NPTEL / SWAYAM, Coursera / Udemy / edX, ChatGPT / AI tools, Notion / Anki / Obsidian, College LMS, WhatsApp / Telegram, Physical notes",8,,,,,,,,
1202,522e39ae01bce33e97b085b9517a3680984adf0d38e718487e3314eb74127ab2,2026-03-05 17:14:13,Week 2,49,4 – 6 hours,5,4,Often,"ChatGPT, Google Gemini",6 – 10,4,"Poor internet, Health / stress issues",4,5,False,70.0,Much better,"YouTube, NPTEL / SWAYAM",2026-01-31 18:48:52,Tamil Nadu,State University,B.Tech,2nd Year,Below 6.0,0 – 2 hours,"YouTube, ChatGPT / AI tools, WhatsApp / Telegram",3,,,,,,,,
1203,f72f420debc36def28125c58c71822ce49043914a9406e73923965f87c8cb669,2026-03-05 17:14:43,Week 4,0,0 – 2 hours,4,1,Rarely,"ChatGPT, Google Gemini, Claude, Perplexity AI",3 – 6,3,"Poor internet, Mobile-only access, No quiet study space, Health / stress issues",2,1,False,,Much worse,"College LMS, Notion / Anki / Obsidian",2026-01-12 23:37:58,Karnataka,Private University,BA,3rd Year,8.0 – 9.0,0 – 2 hours,"YouTube, ChatGPT / AI tools, WhatsApp / Telegram, Physical notes only",4,,,,,,,,
1204,3a16c6fa9dbc26f91e12cdd112bec4f2953a34f47097d3424e3f551bb022a684,2026-03-05 17:15:01,Week 2,55,4 – 6 hours,5,5,Always,"ChatGPT, Google Gemini",6 – 10,4,"Mobile-only access, No quiet study space",5,5,False,88.0,Much better,"YouTube, NPTEL / SWAYAM",2026-01-31 18:44:48,Tamil Nadu,Private University,BBA,1st Year,6.0 – 7.0,0 – 2 hours,"YouTube, Coursera / Udemy / edX, ChatGPT / AI tools, College LMS, WhatsApp / Telegram, Physical notes",6,,,,,,,,
1205,f90ab6deefe14d178606a393182b36cdc645169d692772666b9c29214c2a4e40,2026-03-05 17:15:53,Week 4,8,0 – 2 hours,3,2,Rarely,"ChatGPT, Claude",1 – 3,3,"Mobile-only access, No quiet study space",3,2,False,,Much worse,"YouTube, NPTEL / SWAYAM, Coursera / Udemy / edX, College LMS",2026-02-05 21:56:57,Telangana,Private University,B.Tech,3rd Year,7.0 – 8.0,0 – 2 hours,"ChatGPT / AI tools, WhatsApp / Telegram",2,,,,,,,,
1206,b7c45e43b3e4defcfa15c66053995acfb95306f516892ea504b4a561e64a85b9,2026-03-05 17:17:21,Week 4,14,0 – 2 hours,2,2,Rarely,"ChatGPT, Google Gemini",1 – 3,2,"Poor internet, Mobile-only access",2,2,False,,Much worse,"NPTEL / SWAYAM, Coursera / Udemy / edX, WhatsApp / Telegram (for study purposes)",2026-01-31 18:40:13,Tamil Nadu,IIT / NIT,B.Sc,2nd Year,6.0 – 7.0,0 – 2 hours,"YouTube, NPTEL / SWAYAM, ChatGPT / AI tools",3,,,,,,,,
1207,794e3ecad2e18d7bce8d1013a9e08fe529cc63443905f9864cedec22f7a9459b,2026-03-05 17:18:14,Week 4,4,2 – 4 hours,2,2,Sometimes,"ChatGPT, Google Gemini, Microsoft Copilot",3 – 6,2,"Poor internet, Mobile-only access, No quiet study space",3,3,False,,Slightly worse,"YouTube, College LMS",2025-12-27 12:35:23,Tamil Nadu,Deemed University,B.Tech,3rd Year,6.0 – 7.0,0 – 2 hours,"YouTube, ChatGPT / AI tools",2,,,,,,,,
1208,49c29b44c0f2dba949371e3de5aaea4ace47ef333c771bda5ab86551a01e7a7d,2026-03-05 17:19:01,Week 4,10,2 – 4 hours,3,2,Never,"ChatGPT, Google Gemini, Microsoft Copilot, Claude",3 – 6,2,"Poor internet, Mobile-only access, No quiet study space, Health / stress issues",2,3,False,,Slightly worse,NaN,2026-02-02 12:49:39,Uttar Pradesh,Central University,B.Tech,Others,8.0 – 9.0,2 – 4 hours,"YouTube, ChatGPT / AI tools",2,,,,,,,,
1209,9c37b8db9c39e670e8422cf5afe252221762450c6f3d1f72c8ef3cdfe0a584e6,2026-03-05 17:19:53,Week 3,70,6+ hours,5,5,Always,"ChatGPT, Google Gemini",10+,5,NaN,5,3,False,77.0,Slightly better,YouTube,2026-02-23 10:10:44,Tamil Nadu,State University,B.Sc,2nd Year,7.0 – 8.0,2 – 4 hours,"YouTube, NPTEL / SWAYAM, Coursera / Udemy / edX, ChatGPT / AI tools, College LMS",5,,,,,,,,
1210,d2db0cecaf1edf2f34e8fcb492052acd27453600c6cc493e25700d9c3b289761,2026-03-05 17:20:52,Week 4,59,6+ hours,5,5,Always,"ChatGPT, Google Gemini",10+,5,Health / stress issues,5,5,False,78.0,Much better,"YouTube, NPTEL / SWAYAM",2026-02-02 12:56:07,Uttar Pradesh,IIT / NIT,Other,2nd Year,Prefer not to say,2 – 4 hours,"YouTube, Coursera / Udemy / edX",2,,,,,,,,
1212,e9f047d3c2da21e5de56f3abab5c156cedf45843e25e1cc9c00e542a0848fb89,2026-03-05 17:22:39,Week 4,3,0 – 2 hours,1,1,Never,ChatGPT,1 – 3,2,Poor internet,1,1,False,34.0,Much worse,YouTube,2026-02-23 10:04:41,Andhra Pradesh,Central University,B.Tech,2nd Year,7.0 – 8.0,0 – 2 hours,"YouTube, NPTEL / SWAYAM, Coursera / Udemy / edX, Notion / Anki / Obsidian, WhatsApp / Telegram",5,,,,,,,,
1213,266344e1c50b449d6d5dbec5b4b1af3236f13cc0b97871acccf3da3697283f82,2026-03-09 20:29:56,Week 7,1,0 – 2 hours,2,2,Never,ChatGPT,3 – 6,4,NaN,4,4,False,80.0,About the same,NaN,2026-01-16 12:24:26,Tamil Nadu,Private University,B.Tech,3rd Year,9.0+,2 – 4 hours,"YouTube, ChatGPT / AI tools, Notion / Anki / Obsidian, WhatsApp / Telegram",4,,,,,,,,
1214,86b1b7c8fd97ac6aa33f3f67e3c3652ee35ae2226cc4798385726481eea05f57,2025-12-26 07:20:19,Week 1,18,0 – 2 hours,3,1,Often,"ChatGPT / AI tools, College LMS, WhatsApp / Telegram",6 – 10,4,"Poor internet, No quiet study space",3,4,False,70.0,About the same,NaN,2026-01-31 18:50:27,Tamil Nadu,Central University,B.Tech,1st Year,7.0 – 8.0,0 – 2 hours,"YouTube, ChatGPT / AI tools, College LMS, WhatsApp / Telegram",4,,,,,,,,
1215,794e3ecad2e18d7bce8d1013a9e08fe529cc63443905f9864cedec22f7a9459b,2025-12-26 19:16:08,Week 1,0,6+ hours,5,1,Never,NaN,0,1,Poor internet,5,5,False,0.0,Much better,NaN,2025-12-27 12:35:23,Tamil Nadu,Deemed University,B.Tech,3rd Year,6.0 – 7.0,0 – 2 hours,"YouTube, ChatGPT / AI tools",2,,,,,,,,
1216,97b26b3698560201c1218be1d50871d93f4ae1f4a79deeb268b0ba686e43fdeb,2025-12-27 12:32:17,Week 1,30,6+ hours,5,5,Always,"YouTube, NPTEL / SWAYAM, Coursera / Udemy / edX, ChatGPT / AI tools, Notion / Anki / Obsidian, College LMS, WhatsApp / Telegram, Physical notes only, None",3 – 6,5,No quiet study space,5,5,False,10.0,Much better,NaN,2025-12-26 07:18:01,Tamil Nadu,Deemed University,B.Tech,3rd Year,8.0 – 9.0,0 – 2 hours,"ChatGPT / AI tools, College LMS, WhatsApp / Telegram",3,,,,,,,,
1217,f5df30de694992a770d857d674587e781574c81ffc40be127f93b6a3d3a95f48,2025-12-27 12:37:17,Week 1,3,0 – 2 hours,3,1,Rarely,"YouTube, ChatGPT / AI tools, Physical notes only",3 – 6,3,"Poor internet, No quiet study space, Health / stress issues",2,1,False,70.0,Slightly worse,NaN,2026-02-23 10:05:11,Andhra Pradesh,State University,B.Sc,3rd Year,Prefer not to say,2 – 4 hours,"YouTube, Coursera / Udemy / edX, Notion / Anki / Obsidian, WhatsApp / Telegram, Physical notes",5,,,,,,,,
1218,f8ecea41f5799921e46e5d82b8d41d92dba1fca7a66ca63506cc3c0aab382672,2025-12-27 14:54:03,Week 1,10,0 – 2 hours,2,1,Rarely,"Coursera / Udemy / edX, ChatGPT / AI tools, College LMS, WhatsApp / Telegram",3 – 6,4,"Poor internet, Mobile-only access, Health / stress issues",5,5,False,50.0,About the same,NaN,2026-01-27 17:56:30,Uttar Pradesh,Central University,B.Tech,4th Year,7.0 – 8.0,4 – 6 hours,"YouTube, NPTEL / SWAYAM, Coursera / Udemy / edX, ChatGPT / AI tools, Notion / Anki / Obsidian",5,,,,,,,,
1219,c4fc9686cc1b927682fbf989fe97901e479c7d5a214ce073d7cc6062f4682ed6,2025-12-29 14:24:18,Week 1,42,6+ hours,4,4,Often,"YouTube, Coursera / Udemy / edX, ChatGPT / AI tools, Notion / Anki / Obsidian, College LMS, WhatsApp / Telegram",6 – 10,5,NaN,5,3,False,85.0,Slightly better,NaN,2026-02-23 10:06:40,Andhra Pradesh,Private University,B.Com,3rd Year,6.0 – 7.0,0 – 2 hours,"Coursera / Udemy / edX, ChatGPT / AI tools, Notion / Anki / Obsidian, WhatsApp / Telegram",4,,,,,,,,
1220,a0844c331d7454600df29956fea1f640e9035aa0e376172eded377ff472dedbe,2026-01-12 20:21:27,Week 1,10,0 – 2 hours,3,1,Rarely,"ChatGPT, Google Gemini, Microsoft Copilot, Claude",3 – 6,3,"No quiet study space, Health / stress issues",3,5,False,85.0,About the same,"YouTube, College LMS, WhatsApp / Telegram (for study purposes), Physical Notes",2026-01-31 18:46:52,Karnataka,Central University,B.Sc,1st Year,7.0 – 8.0,2 – 4 hours,"NPTEL / SWAYAM, Coursera / Udemy / edX, ChatGPT / AI tools, College LMS, WhatsApp / Telegram, Physical notes",6,,,,,,,,
1221,f5df30de694992a770d857d674587e781574c81ffc40be127f93b6a3d3a95f48,2026-01-12 20:23:04,Week 1,4,0 – 2 hours,3,2,Often,"ChatGPT, Google Gemini, Perplexity AI",1 – 3,4,"Poor internet, No quiet study space",3,2,False,77.0,About the same,"YouTube, Coursera / Udemy / edX, WhatsApp / Telegram (for study purposes)",2026-02-23 10:05:11,Andhra Pradesh,State University,B.Sc,3rd Year,Prefer not to say,2 – 4 hours,"YouTube, Coursera / Udemy / edX, Notion / Anki / Obsidian, WhatsApp / Telegram, Physical notes",5,,,,,,,,
1222,b319601b117de5d02e9d335f82997ad5d2c20f041b094bdd7a67411b8ad1543b,2026-01-12 21:35:58,Week 1,5,2 – 4 hours,2,1,Rarely,"ChatGPT, Google Gemini, Microsoft Copilot, Perplexity AI, GitHub Copilot",3 – 6,3,"Poor internet, Mobile-only access, No quiet study space",3,3,False,50.0,Slightly worse,"YouTube, NPTEL / SWAYAM, WhatsApp / Telegram (for study purposes), Physical Notes",2026-01-31 11:34:19,Tamil Nadu,State University,B.Tech,4th Year,8.0 – 9.0,0 – 2 hours,"YouTube, ChatGPT / AI tools, WhatsApp / Telegram",3,,,,,,,,
1223,a0844c331d7454600df29956fea1f640e9035aa0e376172eded377ff472dedbe,2026-01-12 21:44:30,Week 1,3,0 – 2 hours,1,1,Rarely,"ChatGPT, Google Gemini, Microsoft Copilot",1 – 3,3,NaN,2,2,False,,About the same,YouTube,2026-01-31 18:46:52,Karnataka,Central University,B.Sc,1st Year,7.0 – 8.0,2 – 4 hours,"NPTEL / SWAYAM, Coursera / Udemy / edX, ChatGPT / AI tools, College LMS, WhatsApp / Telegram, Physical notes",6,,,,,,,,
1224,32b68dc8923730efba7e69129bcc4d5555495cc9359174e99e3d50570ce6de44,2026-01-12 22:33:54,Week 1,5,0 – 2 hours,3,2,Sometimes,"ChatGPT, Perplexity AI, Replit AI",3 – 6,4,Poor internet,3,3,False,,About the same,YouTube,2026-01-31 14:55:58,Kerala,State University,B.Sc,1st Year,7.0 – 8.0,0 – 2 hours,"YouTube, ChatGPT / AI tools, College LMS, WhatsApp / Telegram",4,,,,,,,,
1225,f8ecea41f5799921e46e5d82b8d41d92dba1fca7a66ca63506cc3c0aab382672,2026-01-12 23:15:31,Week 1,2,0 – 2 hours,1,1,Never,"ChatGPT, Google Gemini",1 – 3,1,"Poor internet, No quiet study space",1,1,False,,Slightly worse,"YouTube, WhatsApp / Telegram (for study purposes), Physical Notes",2026-01-27 17:56:30,Uttar Pradesh,Central University,B.Tech,4th Year,7.0 – 8.0,4 – 6 hours,"YouTube, NPTEL / SWAYAM, Coursera / Udemy / edX, ChatGPT / AI tools, Notion / Anki / Obsidian",5,,,,,,,,
1226,a0844c331d7454600df29956fea1f640e9035aa0e376172eded377ff472dedbe,2026-01-13 19:46:14,Week 2,3,2 – 4 hours,3,3,Rarely,"ChatGPT, Perplexity AI",1 – 3,3,"No quiet study space, Health / stress issues",3,3,False,,About the same,"YouTube, College LMS, Notion / Anki / Obsidian",2026-01-31 18:46:52,Karnataka,Central University,B.Sc,1st Year,7.0 – 8.0,2 – 4 hours,"NPTEL / SWAYAM, Coursera / Udemy / edX, ChatGPT / AI tools, College LMS, WhatsApp / Telegram, Physical notes",6,,,,,,,,
1227,8ded4921661c4a18e633a572258dbd0f9a2c004f4aa3e9e2057a670d47566de6,2026-01-16 12:27:49,Week 1,14,2 – 4 hours,2,2,Rarely,"ChatGPT, Perplexity AI",3 – 6,4,"Mobile-only access, No quiet study space",2,4,False,,Much worse,"YouTube, Notion / Anki / Obsidian, WhatsApp / Telegram (for study purposes)",2026-02-03 11:19:03,Kerala,Private University,B.Sc,3rd Year,Prefer not to say,2 – 4 hours,"NPTEL / SWAYAM, WhatsApp / Telegram, Physical notes",3,,,,,,,,
1228,6cdee50dedfbbd1a46317cf81321165ab42071b577d2f1514daac32cb4160095,2026-01-31 11:32:52,Week 1,5,0 – 2 hours,4,4,Often,"ChatGPT, Google Gemini, Claude, Perplexity AI, Notion AI, Replit AI, Canva AI, DALL·E",3 – 6,4,Health / stress issues,4,4,False,80.0,Slightly better,"YouTube, WhatsApp / Telegram (for study purposes)",2026-02-02 12:39:28,Gujarat,Private University,B.Tech,3rd Year,8.0 – 9.0,6+ hours,NaN,1,,,,,,,,
1229,9c37b8db9c39e670e8422cf5afe252221762450c6f3d1f72c8ef3cdfe0a584e6,2026-01-31 14:55:23,Week 1,60,4 – 6 hours,4,3,Sometimes,"ChatGPT, Microsoft Copilot, GitHub Copilot, Replit AI",3 – 6,3,"Poor internet, No quiet study space",3,3,False,,Slightly better,"YouTube, WhatsApp / Telegram (for study purposes), Physical Notes",2026-02-23 10:10:44,Tamil Nadu,State University,B.Sc,2nd Year,7.0 – 8.0,2 – 4 hours,"YouTube, NPTEL / SWAYAM, Coursera / Udemy / edX, ChatGPT / AI tools, College LMS",5,,,,,,,,
1230,b7c45e43b3e4defcfa15c66053995acfb95306f516892ea504b4a561e64a85b9,2026-01-31 16:07:51,Week 1,20,0 – 2 hours,3,1,Never,Google Gemini,3 – 6,5,"Poor internet, No quiet study space",2,5,False,75.0,Slightly worse,"YouTube, Notion / Anki / Obsidian",2026-01-31 18:40:13,Tamil Nadu,IIT / NIT,B.Sc,2nd Year,6.0 – 7.0,0 – 2 hours,"YouTube, NPTEL / SWAYAM, ChatGPT / AI tools",3,,,,,,,,
1231,f5df30de694992a770d857d674587e781574c81ffc40be127f93b6a3d3a95f48,2026-01-31 16:39:48,Week 1,20,4 – 6 hours,3,3,Sometimes,"ChatGPT, Google Gemini",1 – 3,3,Health / stress issues,3,2,False,,Slightly worse,"YouTube, NPTEL / SWAYAM, WhatsApp / Telegram (for study purposes), Physical Notes",2026-02-23 10:05:11,Andhra Pradesh,State University,B.Sc,3rd Year,Prefer not to say,2 – 4 hours,"YouTube, Coursera / Udemy / edX, Notion / Anki / Obsidian, WhatsApp / Telegram, Physical notes",5,,,,,,,,
1232,d2db0cecaf1edf2f34e8fcb492052acd27453600c6cc493e25700d9c3b289761,2026-01-31 17:56:30,Week 1,4,2 – 4 hours,1,1,Never,ChatGPT,1 – 3,3,Poor internet,1,1,False,,Much worse,Physical Notes,2026-02-02 12:56:07,Uttar Pradesh,IIT / NIT,Other,2nd Year,Prefer not to say,2 – 4 hours,"YouTube, Coursera / Udemy / edX",2,,,,,,,,
1233,1ad669ada84e5263e09135c0723aae8e30fcb58819e440892efde165dd587a5e,2026-01-31 18:23:25,Week 1,13,0 – 2 hours,1,1,Never,"ChatGPT, Google Gemini, Perplexity AI, Canva AI",6 – 10,3,"Poor internet, Mobile-only access, Health / stress issues",2,3,False,50.0,Slightly worse,"YouTube, College LMS, WhatsApp / Telegram (for study purposes), Physical Notes",2026-02-03 11:18:21,Karnataka,State University,BBA,3rd Year,7.0 – 8.0,2 – 4 hours,"YouTube, Coursera / Udemy / edX",2,,,,,,,,
1234,b7c45e43b3e4defcfa15c66053995acfb95306f516892ea504b4a561e64a85b9,2026-01-31 18:55:41,Week 1,14,0 – 2 hours,1,1,Never,"ChatGPT, Google Gemini, Microsoft Copilot, Perplexity AI",3 – 6,3,"Poor internet, Mobile-only access",2,4,False,,Slightly worse,"YouTube, Coursera / Udemy / edX, College LMS, Physical Notes",2026-01-31 18:40:13,Tamil Nadu,IIT / NIT,B.Sc,2nd Year,6.0 – 7.0,0 – 2 hours,"YouTube, NPTEL / SWAYAM, ChatGPT / AI tools",3,,,,,,,,
1235,9f7b57d47f3cd447af0a85a35c1ce5b1287d471159595088cd7493a849b93059,2026-01-31 18:57:01,Week 1,23,2 – 4 hours,3,3,Sometimes,"ChatGPT, Google Gemini, Microsoft Copilot, Claude, Perplexity AI, Grammarly, QuillBot, GitHub Copilot, Canva AI, Khanmigo (Khan Academy AI)",6 – 10,4,No quiet study space,3,3,False,70.0,About the same,"YouTube, NPTEL / SWAYAM, Coursera / Udemy / edX, College LMS, WhatsApp / Telegram (for study purposes), Physical Notes",2026-02-02 12:38:26,Punjab,Central University,B.Tech,1st Year,6.0 – 7.0,4 – 6 hours,"YouTube, NPTEL / SWAYAM, Coursera / Udemy / edX, ChatGPT / AI tools, College LMS, WhatsApp / Telegram",6,,,,,,,,
1236,794e3ecad2e18d7bce8d1013a9e08fe529cc63443905f9864cedec22f7a9459b,2026-01-31 19:00:49,Week 1,26,2 – 4 hours,2,2,Sometimes,"ChatGPT, Google Gemini, Microsoft Copilot, Claude, Perplexity AI, Grammarly, Notion AI, GitHub Copilot, Codeium, Canva AI, DALL·E",3 – 6,3,"Poor internet, Mobile-only access",2,4,False,70.0,Slightly worse,"YouTube, NPTEL / SWAYAM, Coursera / Udemy / edX, College LMS, WhatsApp / Telegram (for study purposes), Physical Notes",2025-12-27 12:35:23,Tamil Nadu,Deemed University,B.Tech,3rd Year,6.0 – 7.0,0 – 2 hours,"YouTube, ChatGPT / AI tools",2,,,,,,,,
1237,32b68dc8923730efba7e69129bcc4d5555495cc9359174e99e3d50570ce6de44,2026-01-31 19:02:01,Week 1,22,2 – 4 hours,3,2,Rarely,"ChatGPT, Google Gemini, Microsoft Copilot, Claude, Perplexity AI, Grammarly, GitHub Copilot, Codeium, Replit AI, Tabnine, Canva AI",6 – 10,4,NaN,3,3,False,80.0,About the same,"YouTube, NPTEL / SWAYAM, Coursera / Udemy / edX, College LMS, WhatsApp / Telegram (for study purposes), Physical Notes",2026-01-31 14:55:58,Kerala,State University,B.Sc,1st Year,7.0 – 8.0,0 – 2 hours,"YouTube, ChatGPT / AI tools, College LMS, WhatsApp / Telegram",4,,,,,,,,
1238,a091d9857e1b26dac9ad43d43de3cfab7f19df9cadb73e095b0b4a74a5e9bc3d,2026-01-31 19:04:48,Week 1,30,2 – 4 hours,3,3,Sometimes,"ChatGPT, Google Gemini, Microsoft Copilot, Claude, QuillBot, Notion AI, GitHub Copilot, Midjourney, Adobe Firefly, Khanmigo (Khan Academy AI)",6 – 10,4,"Poor internet, Health / stress issues",3,5,False,,Slightly worse,"YouTube, NPTEL / SWAYAM, Coursera / Udemy / edX, College LMS, WhatsApp / Telegram (for study purposes), Physical Notes",2026-01-27 19:47:23,Tamil Nadu,Deemed University,B.Tech,4th Year,9.0+,0 – 2 hours,"YouTube, ChatGPT / AI tools, WhatsApp / Telegram",3,,,,,,,,
1239,384ceb85e96e6aa2ecda396e81a782b00f64a547b8639cec5570f556cec3c71d,2026-01-31 19:05:17,Week 1,60,4 – 6 hours,4,3,Rarely,"ChatGPT, Google Gemini",6 – 10,4,"No quiet study space, Health / stress issues",3,4,False,0.0,About the same,"YouTube, Physical Notes",2026-02-23 10:05:39,Kerala,Private University,B.Com,2nd Year,8.0 – 9.0,4 – 6 hours,"NPTEL / SWAYAM, Coursera / Udemy / edX, College LMS, Physical notes",4,,,,,,,,
1240,49c29b44c0f2dba949371e3de5aaea4ace47ef333c771bda5ab86551a01e7a7d,2026-01-31 19:06:54,Week 1,50,4 – 6 hours,3,3,Often,"ChatGPT, Google Gemini, Microsoft Copilot, Claude, Perplexity AI, GitHub Copilot",6 – 10,5,"Poor internet, No quiet study space",2,5,False,75.0,About the same,"YouTube, College LMS, WhatsApp / Telegram (for study purposes), Physical Notes",2026-02-02 12:49:39,Uttar Pradesh,Central University,B.Tech,Others,8.0 – 9.0,2 – 4 hours,"YouTube, ChatGPT / AI tools",2,,,,,,,,
1241,1ad669ada84e5263e09135c0723aae8e30fcb58819e440892efde165dd587a5e,2026-01-31 19:10:39,Week 1,40,4 – 6 hours,4,4,Sometimes,"ChatGPT, Google Gemini, Microsoft Copilot, Claude, Perplexity AI, Grammarly, Jasper AI, GitHub Copilot, Replit AI, Canva AI, Adobe Firefly, Khanmigo (Khan Academy AI)",6 – 10,5,NaN,3,3,False,80.0,Slightly better,"YouTube, NPTEL / SWAYAM, College LMS, WhatsApp / Telegram (for study purposes), Physical Notes",2026-02-03 11:18:21,Karnataka,State University,BBA,3rd Year,7.0 – 8.0,2 – 4 hours,"YouTube, Coursera / Udemy / edX",2,,,,,,,,
1242,522e39ae01bce33e97b085b9517a3680984adf0d38e718487e3314eb74127ab2,2026-01-31 19:13:43,Week 1,50,6+ hours,3,2,Often,"ChatGPT, Google Gemini, Microsoft Copilot, Claude, Perplexity AI, Grammarly",3 – 6,4,No quiet study space,3,5,False,60.0,About the same,"YouTube, NPTEL / SWAYAM, Coursera / Udemy / edX, College LMS, WhatsApp / Telegram (for study purposes), Physical Notes",2026-01-31 18:48:52,Tamil Nadu,State University,B.Tech,2nd Year,Below 6.0,0 – 2 hours,"YouTube, ChatGPT / AI tools, WhatsApp / Telegram",3,,,,,,,,
1243,b319601b117de5d02e9d335f82997ad5d2c20f041b094bdd7a67411b8ad1543b,2026-01-31 19:15:02,Week 1,45,4 – 6 hours,2,2,Rarely,"ChatGPT, Google Gemini, Microsoft Copilot, Claude, Perplexity AI, Grammarly, Codeium, Replit AI, Tabnine, Canva AI",10+,5,NaN,2,4,False,70.0,Slightly worse,"YouTube, Coursera / Udemy / edX, WhatsApp / Telegram (for study purposes), Physical Notes",2026-01-31 11:34:19,Tamil Nadu,State University,B.Tech,4th Year,8.0 – 9.0,0 – 2 hours,"YouTube, ChatGPT / AI tools, WhatsApp / Telegram",3,,,,,,,,
1244,86b1b7c8fd97ac6aa33f3f67e3c3652ee35ae2226cc4798385726481eea05f57,2026-01-31 19:16:03,Week 1,35,2 – 4 hours,2,1,Never,"ChatGPT, Google Gemini",3 – 6,3,"Poor internet, No quiet study space, Health / stress issues",2,5,False,50.0,Slightly worse,"YouTube, WhatsApp / Telegram (for study purposes), Physical Notes",2026-01-31 18:50:27,Tamil Nadu,Central University,B.Tech,1st Year,7.0 – 8.0,0 – 2 hours,"YouTube, ChatGPT / AI tools, College LMS, WhatsApp / Telegram",4,,,,,,,,
1245,b9c03c59028b4485073ac377b7c14dfe728898b0dccd931ebc2eea5d5b1d746a,2026-01-31 19:17:08,Week 1,49,6+ hours,3,2,Always,"ChatGPT, Google Gemini, Microsoft Copilot, Claude, Perplexity AI, Grammarly, Jasper AI",6 – 10,5,"Poor internet, No quiet study space, Health / stress issues",3,5,False,80.0,About the same,"YouTube, NPTEL / SWAYAM, WhatsApp / Telegram (for study purposes), Physical Notes",2025-12-27 14:52:29,Tamil Nadu,Central University,B.Tech,3rd Year,8.0 – 9.0,2 – 4 hours,"ChatGPT / AI tools, College LMS, WhatsApp / Telegram",3,,,,,,,,
1246,1ad669ada84e5263e09135c0723aae8e30fcb58819e440892efde165dd587a5e,2026-01-31 19:18:01,Week 1,60,6+ hours,4,2,Sometimes,"ChatGPT, Google Gemini, Microsoft Copilot, Claude, Perplexity AI, Grammarly, GitHub Copilot",6 – 10,5,No quiet study space,3,3,False,75.0,About the same,"YouTube, Coursera / Udemy / edX, College LMS, WhatsApp / Telegram (for study purposes), Physical Notes",2026-02-03 11:18:21,Karnataka,State University,BBA,3rd Year,7.0 – 8.0,2 – 4 hours,"YouTube, Coursera / Udemy / edX",2,,,,,,,,
1247,bed0f2897fdcff9c379616ea83849b1ca59a967db6315c91cd8fcf4fcf4c7216,2026-01-31 19:38:23,Week 1,30,2 – 4 hours,3,1,Sometimes,"ChatGPT, Microsoft Copilot, Claude, Perplexity AI, Notion AI",3 – 6,4,"Poor internet, No quiet study space, Health / stress issues",3,5,False,90.0,Slightly worse,"YouTube, WhatsApp / Telegram (for study purposes), Physical Notes",2026-01-31 18:46:23,Andhra Pradesh,State University,B.Sc,2nd Year,7.0 – 8.0,2 – 4 hours,"YouTube, NPTEL / SWAYAM, WhatsApp / Telegram",3,,,,,,,,
1248,781a9f368166d71405348c3b65fa0645e7cab12d017be1e369eb8d7a5cd5fb1d,2026-01-31 21:34:43,Week 1,2,0 – 2 hours,3,1,Sometimes,"ChatGPT, Google Gemini, Claude, Perplexity AI, Notion AI",1 – 3,4,"Poor internet, Mobile-only access, No quiet study space, Health / stress issues",3,5,False,80.0,Slightly worse,"YouTube, Notion / Anki / Obsidian, Physical Notes",2026-02-02 12:40:04,Maharashtra,IIT / NIT,B.Com,4th Year,7.0 – 8.0,2 – 4 hours,"YouTube, NPTEL / SWAYAM, Coursera / Udemy / edX, ChatGPT / AI tools, Notion / Anki / Obsidian, College LMS, WhatsApp / Telegram, Physical notes",8,,,,,,,,
1249,5e849a6892d6df48c1362529cab706d619efa96a172b3f715bc1f5ccd5ca61ec,2026-01-31 21:35:59,Week 1,22,2 – 4 hours,4,4,Sometimes,"ChatGPT, Google Gemini, Perplexity AI",6 – 10,5,"Poor internet, Mobile-only access, Health / stress issues",4,5,False,,Much better,"YouTube, College LMS, Notion / Anki / Obsidian, WhatsApp / Telegram (for study purposes), Physical Notes",2026-02-02 13:01:28,Uttar Pradesh,IIT / NIT,BA,Others,8.0 – 9.0,2 – 4 hours,"YouTube, ChatGPT / AI tools",2,,,,,,,,
1250,2b17d11e7d9c1af7a7fed72e60e90a5ee797f0b6e0cc8645592f6fdc2ad13cd2,2026-02-01 20:06:39,Week 1,6,0 – 2 hours,4,1,Never,"ChatGPT, Google Gemini",3 – 6,5,Health / stress issues,5,4,False,80.0,About the same,"YouTube, WhatsApp / Telegram (for study purposes), Physical Notes",2026-01-31 18:51:00,Tamil Nadu,State University,B.Tech,1st Year,6.0 – 7.0,2 – 4 hours,"YouTube, Coursera / Udemy / edX, ChatGPT / AI tools, Notion / Anki / Obsidian, WhatsApp / Telegram",5,,,,,,,,
1251,b319601b117de5d02e9d335f82997ad5d2c20f041b094bdd7a67411b8ad1543b,2026-02-02 00:28:33,Week 1,3,0 – 2 hours,1,1,Rarely,"ChatGPT, Google Gemini, Microsoft Copilot, Claude, Perplexity AI, Grammarly",1 – 3,4,"No quiet study space, Health / stress issues",1,4,False,,About the same,"YouTube, College LMS, WhatsApp / Telegram (for study purposes), Physical Notes",2026-01-31 11:34:19,Tamil Nadu,State University,B.Tech,4th Year,8.0 – 9.0,0 – 2 hours,"YouTube, ChatGPT / AI tools, WhatsApp / Telegram",3,,,,,,,,
1252,a091d9857e1b26dac9ad43d43de3cfab7f19df9cadb73e095b0b4a74a5e9bc3d,2026-02-02 21:55:05,Week 1,12,2 – 4 hours,3,3,Rarely,"ChatGPT, Google Gemini, Claude, Canva AI",3 – 6,3,Mobile-only access,3,3,False,,About the same,"YouTube, Coursera / Udemy / edX",2026-01-27 19:47:23,Tamil Nadu,Deemed University,B.Tech,4th Year,9.0+,0 – 2 hours,"YouTube, ChatGPT / AI tools, WhatsApp / Telegram",3,,,,,,,,
1253,9f7b57d47f3cd447af0a85a35c1ce5b1287d471159595088cd7493a849b93059,2026-02-03 10:30:21,Week 1,20,2 – 4 hours,3,1,Often,"ChatGPT, Google Gemini",10+,5,Health / stress issues,3,4,False,,About the same,YouTube,2026-02-02 12:38:26,Punjab,Central University,B.Tech,1st Year,6.0 – 7.0,4 – 6 hours,"YouTube, NPTEL / SWAYAM, Coursera / Udemy / edX, ChatGPT / AI tools, College LMS, WhatsApp / Telegram",6,,,,,,,,
1254,d2db0cecaf1edf2f34e8fcb492052acd27453600c6cc493e25700d9c3b289761,2026-02-03 10:38:09,Week 2,16,0 – 2 hours,5,5,Always,"ChatGPT, Google Gemini, Claude, Perplexity AI, GitHub Copilot",1 – 3,4,No quiet study space,4,4,False,85.0,Much better,"YouTube, Coursera / Udemy / edX, Physical Notes",2026-02-02 12:56:07,Uttar Pradesh,IIT / NIT,Other,2nd Year,Prefer not to say,2 – 4 hours,"YouTube, Coursera / Udemy / edX",2,,,,,,,,
1255,f72f420debc36def28125c58c71822ce49043914a9406e73923965f87c8cb669,2026-02-03 11:15:07,Week 2,9,0 – 2 hours,3,3,Sometimes,"Claude, Perplexity AI, Grammarly, QuillBot, GitHub Copilot",1 – 3,3,"Poor internet, Mobile-only access",3,3,False,,About the same,"Coursera / Udemy / edX, Notion / Anki / Obsidian",2026-01-12 23:37:58,Karnataka,Private University,BA,3rd Year,8.0 – 9.0,0 – 2 hours,"YouTube, ChatGPT / AI tools, WhatsApp / Telegram, Physical notes only",4,,,,,,,,
1256,ea6dc2fae8a61411b9d6de51699ca6787330c0036ffedddf4a649648fefe8732,2026-02-03 11:16:33,Week 2,5,2 – 4 hours,3,2,Sometimes,"ChatGPT, Google Gemini",6 – 10,3,"Poor internet, Mobile-only access, No quiet study space, Health / stress issues",2,4,False,50.0,Slightly worse,"YouTube, WhatsApp / Telegram (for study purposes)",2026-01-31 18:48:18,Andhra Pradesh,Private University,B.Tech,4th Year,7.0 – 8.0,2 – 4 hours,"YouTube, ChatGPT / AI tools, College LMS, WhatsApp / Telegram",4,,,,,,,,
1257,b9c03c59028b4485073ac377b7c14dfe728898b0dccd931ebc2eea5d5b1d746a,2026-02-03 11:57:11,Week 1,50,6+ hours,5,5,Often,"ChatGPT, Google Gemini, Perplexity AI, Midjourney, None",10+,5,Health / stress issues,5,5,False,,Slightly better,"YouTube, College LMS, WhatsApp / Telegram (for study purposes)",2025-12-27 14:52:29,Tamil Nadu,Central University,B.Tech,3rd Year,8.0 – 9.0,2 – 4 hours,"ChatGPT / AI tools, College LMS, WhatsApp / Telegram",3,,,,,,,,
1258,5e849a6892d6df48c1362529cab706d619efa96a172b3f715bc1f5ccd5ca61ec,2026-02-03 11:58:01,Week 2,20,2 – 4 hours,3,3,Rarely,"ChatGPT, Google Gemini, Perplexity AI, Jasper AI",3 – 6,3,Mobile-only access,3,3,False,80.0,Slightly worse,"YouTube, College LMS, WhatsApp / Telegram (for study purposes)",2026-02-02 13:01:28,Uttar Pradesh,IIT / NIT,BA,Others,8.0 – 9.0,2 – 4 hours,"YouTube, ChatGPT / AI tools",2,,,,,,,,
1259,b9c03c59028b4485073ac377b7c14dfe728898b0dccd931ebc2eea5d5b1d746a,2026-02-03 12:00:28,Week 1,42,4 – 6 hours,4,4,Sometimes,"ChatGPT, Perplexity AI, Tabnine, Canva AI",1 – 3,4,NaN,4,4,False,,About the same,"YouTube, NPTEL / SWAYAM, Notion / Anki / Obsidian, Physical Notes",2025-12-27 14:52:29,Tamil Nadu,Central University,B.Tech,3rd Year,8.0 – 9.0,2 – 4 hours,"ChatGPT / AI tools, College LMS, WhatsApp / Telegram",3,,,,,,,,
1260,8bfc27000534160835a23ec100f95667b3894c6b3e90a6027721d3322ad782dc,2026-02-03 12:05:44,Week 1,38,2 – 4 hours,3,2,Always,"Google Gemini, Perplexity AI, QuillBot, Codeium, Replit AI, Canva AI, Khanmigo (Khan Academy AI)",10+,4,"No quiet study space, None",3,3,False,,Much better,"YouTube, Coursera / Udemy / edX",2026-02-05 21:46:59,Telangana,Private University,B.Tech,3rd Year,9.0+,0 – 2 hours,"YouTube, ChatGPT / AI tools, Physical notes",3,,,,,,,,
1261,49c29b44c0f2dba949371e3de5aaea4ace47ef333c771bda5ab86551a01e7a7d,2026-02-03 12:20:13,Week 1,13,0 – 2 hours,3,4,Always,"ChatGPT, Microsoft Copilot, Claude, Grammarly, Notion AI, GitHub Copilot",3 – 6,3,Poor internet,2,3,False,70.0,About the same,"YouTube, NPTEL / SWAYAM, College LMS, WhatsApp / Telegram (for study purposes), Physical Notes",2026-02-02 12:49:39,Uttar Pradesh,Central University,B.Tech,Others,8.0 – 9.0,2 – 4 hours,"YouTube, ChatGPT / AI tools",2,,,,,,,,
1262,8773494ab4b07b7f7350b8d37e960ba5d05e7caf5ffbb75a943c63465a604b7f,2026-02-03 12:28:44,Week 1,20,0 – 2 hours,3,4,Always,"ChatGPT, Google Gemini, Microsoft Copilot, Claude, Perplexity AI, QuillBot, Canva AI",3 – 6,3,"Poor internet, Mobile-only access, No quiet study space",2,4,False,50.0,Slightly worse,"Coursera / Udemy / edX, WhatsApp / Telegram (for study purposes), Physical Notes",2026-01-31 18:47:34,Tamil Nadu,IIT / NIT,B.Tech,2nd Year,9.0+,4 – 6 hours,"YouTube, NPTEL / SWAYAM, Coursera / Udemy / edX, ChatGPT / AI tools, College LMS, WhatsApp / Telegram, Physical notes",7,,,,,,,,
1263,49c29b44c0f2dba949371e3de5aaea4ace47ef333c771bda5ab86551a01e7a7d,2026-02-03 12:29:41,Week 1,60,6+ hours,3,3,Rarely,"ChatGPT, Google Gemini, Microsoft Copilot, Claude, Perplexity AI, Grammarly, QuillBot, Replit AI, Tabnine, Canva AI, DALL·E, Midjourney",6 – 10,3,"Poor internet, Health / stress issues",3,5,False,90.0,Slightly better,"YouTube, NPTEL / SWAYAM, Coursera / Udemy / edX, College LMS",2026-02-02 12:49:39,Uttar Pradesh,Central University,B.Tech,Others,8.0 – 9.0,2 – 4 hours,"YouTube, ChatGPT / AI tools",2,,,,,,,,
1264,781a9f368166d71405348c3b65fa0645e7cab12d017be1e369eb8d7a5cd5fb1d,2026-02-03 12:42:02,Week 1,25,4 – 6 hours,4,3,Sometimes,"ChatGPT, Google Gemini, Perplexity AI",3 – 6,4,NaN,4,3,False,85.0,Slightly better,"YouTube, Coursera / Udemy / edX, Notion / Anki / Obsidian",2026-02-02 12:40:04,Maharashtra,IIT / NIT,B.Com,4th Year,7.0 – 8.0,2 – 4 hours,"YouTube, NPTEL / SWAYAM, Coursera / Udemy / edX, ChatGPT / AI tools, Notion / Anki / Obsidian, College LMS, WhatsApp / Telegram, Physical notes",8,,,,,,,,
1265,781a9f368166d71405348c3b65fa0645e7cab12d017be1e369eb8d7a5cd5fb1d,2026-02-03 12:43:56,Week 1,20,2 – 4 hours,2,2,Rarely,"Claude, Grammarly",1 – 3,2,Poor internet,2,4,False,75.0,Much worse,College LMS,2026-02-02 12:40:04,Maharashtra,IIT / NIT,B.Com,4th Year,7.0 – 8.0,2 – 4 hours,"YouTube, NPTEL / SWAYAM, Coursera / Udemy / edX, ChatGPT / AI tools, Notion / Anki / Obsidian, College LMS, WhatsApp / Telegram, Physical notes",8,,,,,,,,
1266,d2db0cecaf1edf2f34e8fcb492052acd27453600c6cc493e25700d9c3b289761,2026-02-03 12:46:15,Week 1,15,2 – 4 hours,2,2,Never,"ChatGPT, Microsoft Copilot",0,3,Health / stress issues,3,5,False,,About the same,YouTube,2026-02-02 12:56:07,Uttar Pradesh,IIT / NIT,Other,2nd Year,Prefer not to say,2 – 4 hours,"YouTube, Coursera / Udemy / edX",2,,,,,,,,
1267,a091d9857e1b26dac9ad43d43de3cfab7f19df9cadb73e095b0b4a74a5e9bc3d,2026-02-03 12:51:53,Week 1,35,6+ hours,5,4,Sometimes,"ChatGPT, Claude",6 – 10,5,"Mobile-only access, Health / stress issues",4,2,False,85.0,Slightly better,YouTube,2026-01-27 19:47:23,Tamil Nadu,Deemed University,B.Tech,4th Year,9.0+,0 – 2 hours,"YouTube, ChatGPT / AI tools, WhatsApp / Telegram",3,,,,,,,,
1268,d2db0cecaf1edf2f34e8fcb492052acd27453600c6cc493e25700d9c3b289761,2026-02-03 12:53:19,Week 1,15,0 – 2 hours,2,1,Never,NaN,0,1,Poor internet,2,4,False,,About the same,"YouTube, Physical Notes",2026-02-02 12:56:07,Uttar Pradesh,IIT / NIT,Other,2nd Year,Prefer not to say,2 – 4 hours,"YouTube, Coursera / Udemy / edX",2,,,,,,,,
1269,c4fc9686cc1b927682fbf989fe97901e479c7d5a214ce073d7cc6062f4682ed6,2026-02-03 12:55:32,Week 1,25,2 – 4 hours,3,3,Often,ChatGPT,3 – 6,3,NaN,3,3,False,78.0,Slightly better,"YouTube, Coursera / Udemy / edX, College LMS",2026-02-23 10:06:40,Andhra Pradesh,Private University,B.Com,3rd Year,6.0 – 7.0,0 – 2 hours,"Coursera / Udemy / edX, ChatGPT / AI tools, Notion / Anki / Obsidian, WhatsApp / Telegram",4,,,,,,,,
1270,f8ecea41f5799921e46e5d82b8d41d92dba1fca7a66ca63506cc3c0aab382672,2026-02-03 17:14:22,Week 3,30,2 – 4 hours,3,2,Often,"ChatGPT, Google Gemini, GitHub Copilot",10+,5,Health / stress issues,4,5,False,,Slightly better,"YouTube, College LMS",2026-01-27 17:56:30,Uttar Pradesh,Central University,B.Tech,4th Year,7.0 – 8.0,4 – 6 hours,"YouTube, NPTEL / SWAYAM, Coursera / Udemy / edX, ChatGPT / AI tools, Notion / Anki / Obsidian",5,,,,,,,,
1271,9f7b57d47f3cd447af0a85a35c1ce5b1287d471159595088cd7493a849b93059,2026-02-05 21:45:35,Week 1,0,4 – 6 hours,3,3,Sometimes,"ChatGPT, Google Gemini, Claude, Perplexity AI, Canva AI",1 – 3,3,NaN,3,3,False,,About the same,"YouTube, NPTEL / SWAYAM, Coursera / Udemy / edX, College LMS, WhatsApp / Telegram (for study purposes)",2026-02-02 12:38:26,Punjab,Central University,B.Tech,1st Year,6.0 – 7.0,4 – 6 hours,"YouTube, NPTEL / SWAYAM, Coursera / Udemy / edX, ChatGPT / AI tools, College LMS, WhatsApp / Telegram",6,,,,,,,,
1272,1dd2975d45d1e27948cae456e3827e3b50778c013fecee985fb0422f4a492ba2,2026-02-05 21:49:41,Week 1,10,0 – 2 hours,5,3,Sometimes,"ChatGPT, Google Gemini, Microsoft Copilot, Perplexity AI, GitHub Copilot, Canva AI, Khanmigo (Khan Academy AI)",1 – 3,3,"Poor internet, Mobile-only access, No quiet study space",3,5,False,94.0,Much better,"YouTube, NPTEL / SWAYAM, Coursera / Udemy / edX, College LMS, Notion / Anki / Obsidian, WhatsApp / Telegram (for study purposes), Physical Notes",2026-02-19 13:17:59,Andhra Pradesh,State University,B.Tech,2nd Year,7.0 – 8.0,6+ hours,"YouTube, NPTEL / SWAYAM, Coursera / Udemy / edX, ChatGPT / AI tools, Notion / Anki / Obsidian, College LMS, WhatsApp / Telegram, Physical notes",8,,,,,,,,
1273,e8386eec4c2f671d625ec0a877e0c9af57a196443df6751cfd908bc4bb188c51,2026-02-05 21:53:36,Week 1,70,2 – 4 hours,1,1,Sometimes,ChatGPT,10+,3,NaN,2,1,False,,Slightly better,"YouTube, WhatsApp / Telegram (for study purposes)",2026-01-31 18:42:45,Kerala,State University,B.Com,2nd Year,Prefer not to say,2 – 4 hours,"YouTube, NPTEL / SWAYAM, Coursera / Udemy / edX, Notion / Anki / Obsidian, Physical notes",5,,,,,,,,
1274,8773494ab4b07b7f7350b8d37e960ba5d05e7caf5ffbb75a943c63465a604b7f,2026-02-05 22:29:26,Week 1,0,0 – 2 hours,1,1,Never,"ChatGPT, Google Gemini, Microsoft Copilot",1 – 3,3,"Poor internet, Mobile-only access, No quiet study space, Health / stress issues",1,4,False,70.0,About the same,YouTube,2026-01-31 18:47:34,Tamil Nadu,IIT / NIT,B.Tech,2nd Year,9.0+,4 – 6 hours,"YouTube, NPTEL / SWAYAM, Coursera / Udemy / edX, ChatGPT / AI tools, College LMS, WhatsApp / Telegram, Physical notes",7,,,,,,,,
1275,86b1b7c8fd97ac6aa33f3f67e3c3652ee35ae2226cc4798385726481eea05f57,2026-02-08 10:09:09,Week 2,1,0 – 2 hours,4,1,Never,"ChatGPT, Google Gemini",3 – 6,5,NaN,5,5,False,,About the same,WhatsApp / Telegram (for study purposes),2026-01-31 18:50:27,Tamil Nadu,Central University,B.Tech,1st Year,7.0 – 8.0,0 – 2 hours,"YouTube, ChatGPT / AI tools, College LMS, WhatsApp / Telegram",4,,,,,,,,
1276,9f7b57d47f3cd447af0a85a35c1ce5b1287d471159595088cd7493a849b93059,2026-02-16 08:39:48,Week 3,4,0 – 2 hours,3,1,Never,ChatGPT,6 – 10,4,NaN,4,3,False,,About the same,"YouTube, WhatsApp / Telegram (for study purposes)",2026-02-02 12:38:26,Punjab,Central University,B.Tech,1st Year,6.0 – 7.0,4 – 6 hours,"YouTube, NPTEL / SWAYAM, Coursera / Udemy / edX, ChatGPT / AI tools, College LMS, WhatsApp / Telegram",6,,,,,,,,
1277,2b17d11e7d9c1af7a7fed72e60e90a5ee797f0b6e0cc8645592f6fdc2ad13cd2,2026-02-19 09:15:03,Week 2,6,0 – 2 hours,3,3,Rarely,"ChatGPT, Google Gemini, Claude",1 – 3,4,"Poor internet, No quiet study space",4,4,False,80.0,Slightly better,"YouTube, WhatsApp / Telegram (for study purposes), Physical Notes",2026-01-31 18:51:00,Tamil Nadu,State University,B.Tech,1st Year,6.0 – 7.0,2 – 4 hours,"YouTube, Coursera / Udemy / edX, ChatGPT / AI tools, Notion / Anki / Obsidian, WhatsApp / Telegram",5,,,,,,,,
1278,bed0f2897fdcff9c379616ea83849b1ca59a967db6315c91cd8fcf4fcf4c7216,2026-02-19 09:18:05,Week 3,5,0 – 2 hours,2,2,Rarely,"ChatGPT, Google Gemini",1 – 3,2,"Poor internet, No quiet study space, Health / stress issues",2,4,False,60.0,Slightly worse,"NPTEL / SWAYAM, WhatsApp / Telegram (for study purposes), Physical Notes",2026-01-31 18:46:23,Andhra Pradesh,State University,B.Sc,2nd Year,7.0 – 8.0,2 – 4 hours,"YouTube, NPTEL / SWAYAM, WhatsApp / Telegram",3,,,,,,,,
1279,49c29b44c0f2dba949371e3de5aaea4ace47ef333c771bda5ab86551a01e7a7d,2026-02-19 09:19:09,Week 3,6,0 – 2 hours,3,3,Never,"ChatGPT, Google Gemini, Claude, Perplexity AI, GitHub Copilot",3 – 6,3,"Poor internet, No quiet study space",3,3,False,,About the same,"YouTube, Notion / Anki / Obsidian, WhatsApp / Telegram (for study purposes), Physical Notes",2026-02-02 12:49:39,Uttar Pradesh,Central University,B.Tech,Others,8.0 – 9.0,2 – 4 hours,"YouTube, ChatGPT / AI tools",2,,,,,,,,
1280,27d91473394ea1f8f97a8f1740492902f4ab1abbfe0b003e4536904eaba6dca0,2026-02-19 09:20:04,Week 4,7,2 – 4 hours,3,4,Never,"ChatGPT, Google Gemini, Microsoft Copilot, Claude, Perplexity AI",1 – 3,3,Poor internet,3,4,False,,About the same,"YouTube, WhatsApp / Telegram (for study purposes), Physical Notes",2026-01-31 18:43:28,Tamil Nadu,IIT / NIT,B.Tech,3rd Year,7.0 – 8.0,2 – 4 hours,"YouTube, NPTEL / SWAYAM, Coursera / Udemy / edX, ChatGPT / AI tools, Notion / Anki / Obsidian, College LMS, WhatsApp / Telegram, Physical notes",8,,,,,,,,
1281,caf626adf6b1139006e560ca8cc80b33ca449dfd93d89557b2b5dca8a09ea07f,2026-02-19 09:21:21,Week 4,7,2 – 4 hours,3,3,Never,"ChatGPT, Google Gemini, GitHub Copilot",1 – 3,2,Health / stress issues,2,3,False,70.0,About the same,"YouTube, WhatsApp / Telegram (for study purposes), Physical Notes",2026-02-23 10:06:05,Karnataka,Private University,BA,3rd Year,7.0 – 8.0,2 – 4 hours,"YouTube, NPTEL / SWAYAM, Coursera / Udemy / edX, ChatGPT / AI tools, Notion / Anki / Obsidian, WhatsApp / Telegram",6,,,,,,,,
1282,384ceb85e96e6aa2ecda396e81a782b00f64a547b8639cec5570f556cec3c71d,2026-02-19 09:22:29,Week 4,5,0 – 2 hours,1,1,Never,ChatGPT,1 – 3,2,Poor internet,2,2,False,,Slightly worse,YouTube,2026-02-23 10:05:39,Kerala,Private University,B.Com,2nd Year,8.0 – 9.0,4 – 6 hours,"NPTEL / SWAYAM, Coursera / Udemy / edX, College LMS, Physical notes",4,,,,,,,,
1283,ad04e596e1af01ab238040c91de85cefe7f49fb2aabec57135e928a5ee02305e,2026-02-19 09:23:22,Week 4,8,2 – 4 hours,4,4,Never,"ChatGPT, Google Gemini, Microsoft Copilot, Claude, GitHub Copilot",3 – 6,4,Poor internet,4,4,False,60.0,Slightly better,"YouTube, WhatsApp / Telegram (for study purposes), Physical Notes",2026-02-02 13:10:08,Karnataka,IIT / NIT,BBA,Others,7.0 – 8.0,2 – 4 hours,"YouTube, NPTEL / SWAYAM",2,,,,,,,,
1284,0e155a1241bd00b2d588262223a52e0f8a911a4000092f096e6968dccae9e61b,2026-02-22 21:39:27,Week 4,6,0 – 2 hours,5,1,Never,ChatGPT,3 – 6,4,Health / stress issues,3,3,False,80.0,Slightly worse,"WhatsApp / Telegram (for study purposes), Physical Notes",2026-02-03 11:16:29,Tamil Nadu,IIT / NIT,B.Tech,4th Year,8.0 – 9.0,2 – 4 hours,"ChatGPT / AI tools, College LMS",2,,,,,,,,
1285,6cdee50dedfbbd1a46317cf81321165ab42071b577d2f1514daac32cb4160095,2026-02-23 10:18:52,Week 1,20,2 – 4 hours,3,3,Sometimes,"ChatGPT, Google Gemini, Microsoft Copilot, Claude, Perplexity AI, Grammarly, GitHub Copilot",3 – 6,4,"Poor internet, Mobile-only access, No quiet study space, Health / stress issues",2,2,False,,About the same,"YouTube, NPTEL / SWAYAM, Coursera / Udemy / edX, College LMS, WhatsApp / Telegram (for study purposes)",2026-02-02 12:39:28,Gujarat,Private University,B.Tech,3rd Year,8.0 – 9.0,6+ hours,NaN,1,,,,,,,,
1286,cf47f395a464caa7ab1da1745c2d650002296d75e8eac41561b430a83f4382f8,2026-02-23 10:19:54,Week 1,30,2 – 4 hours,3,3,Often,"ChatGPT, Microsoft Copilot, Perplexity AI, Grammarly, QuillBot, Codeium, Tabnine",3 – 6,4,"Poor internet, No quiet study space, Health / stress issues, None",5,4,False,50.0,About the same,"NPTEL / SWAYAM, College LMS, Notion / Anki / Obsidian",2026-01-31 18:49:58,Tamil Nadu,Central University,B.Sc,3rd Year,7.0 – 8.0,2 – 4 hours,"YouTube, NPTEL / SWAYAM, Coursera / Udemy / edX, ChatGPT / AI tools, Notion / Anki / Obsidian",5,,,,,,,,
1287,e14fc3506630213cf4dbb3dddf035e19aad46cfaf81f1761b7791f1f48a64d67,2026-02-23 10:20:56,Week 1,35,4 – 6 hours,4,4,Often,"ChatGPT, Google Gemini, Microsoft Copilot, Perplexity AI, Grammarly, QuillBot",6 – 10,4,"Poor internet, No quiet study space, Health / stress issues",3,4,False,75.0,Slightly better,"YouTube, NPTEL / SWAYAM, Coursera / Udemy / edX, College LMS, Physical Notes",2026-02-02 12:45:31,Madhya Pradesh,Central University,B.Tech,3rd Year,8.0 – 9.0,2 – 4 hours,"ChatGPT / AI tools, WhatsApp / Telegram",2,,,,,,,,
1288,132137538b93be89ed6c9815b322a7a0f58530b8c229d1809265140f5cb8c398,2026-02-23 10:22:44,Week 1,30,4 – 6 hours,3,3,Sometimes,"ChatGPT, Google Gemini, Microsoft Copilot, Claude, Notion AI, GitHub Copilot, Codeium",3 – 6,4,"Mobile-only access, No quiet study space",2,3,False,,About the same,"NPTEL / SWAYAM, College LMS, Notion / Anki / Obsidian, WhatsApp / Telegram (for study purposes)",2026-01-13 19:44:22,Tamil Nadu,Deemed University,B.Tech,3rd Year,7.0 – 8.0,2 – 4 hours,"YouTube, ChatGPT / AI tools",2,,,,,,,,
1289,48cdb835c278ac6b10eed195f85632896d3be15d20d75197a0b916b2395939a6,2026-02-23 10:23:43,Week 1,40,4 – 6 hours,2,2,Never,"ChatGPT, Google Gemini, Microsoft Copilot, Claude, Perplexity AI, Grammarly, QuillBot, Notion AI, Jasper AI, GitHub Copilot, Codeium, Replit AI, Tabnine",3 – 6,3,No quiet study space,3,4,False,59.0,Slightly worse,"YouTube, NPTEL / SWAYAM, College LMS, Notion / Anki / Obsidian, WhatsApp / Telegram (for study purposes)",2026-01-27 00:18:46,Telangana,IIT / NIT,B.Sc,3rd Year,7.0 – 8.0,0 – 2 hours,"YouTube, NPTEL / SWAYAM, ChatGPT / AI tools, WhatsApp / Telegram, Physical notes only",5,,,,,,,,
1290,3d83828233d057f5e1e37a4c9e784850077d6638768e69b0f6b5d4e5e2dfc994,2026-02-23 10:35:09,Week 2,45,4 – 6 hours,4,2,Rarely,"ChatGPT, Google Gemini, Microsoft Copilot, Claude, Perplexity AI, Grammarly, Jasper AI, Tabnine, Canva AI, Adobe Firefly",6 – 10,4,Mobile-only access,4,4,False,80.0,Slightly better,"YouTube, Coursera / Udemy / edX, Notion / Anki / Obsidian, Physical Notes",2026-01-12 21:41:37,Tamil Nadu,Private University,B.Tech,3rd Year,8.0 – 9.0,0 – 2 hours,"YouTube, ChatGPT / AI tools",2,,,,,,,,
1291,1ad669ada84e5263e09135c0723aae8e30fcb58819e440892efde165dd587a5e,2026-02-23 10:35:57,Week 2,50,4 – 6 hours,2,2,Rarely,"ChatGPT, Google Gemini, Microsoft Copilot, Claude, Grammarly, Jasper AI, Codeium, Replit AI, DALL·E, Adobe Firefly, Khanmigo (Khan Academy AI)",6 – 10,4,NaN,4,3,False,90.0,Slightly better,"YouTube, NPTEL / SWAYAM, Coursera / Udemy / edX, College LMS, Notion / Anki / Obsidian",2026-02-03 11:18:21,Karnataka,State University,BBA,3rd Year,7.0 – 8.0,2 – 4 hours,"YouTube, Coursera / Udemy / edX",2,,,,,,,,
1292,b7c45e43b3e4defcfa15c66053995acfb95306f516892ea504b4a561e64a85b9,2026-02-23 10:36:55,Week 2,60,6+ hours,3,3,Sometimes,"ChatGPT, Google Gemini, Microsoft Copilot, Claude, Grammarly, QuillBot, Jasper AI, Codeium, Tabnine, Canva AI, Adobe Firefly",10+,5,Health / stress issues,5,5,False,80.0,Slightly better,"YouTube, NPTEL / SWAYAM, Coursera / Udemy / edX, College LMS, Notion / Anki / Obsidian, WhatsApp / Telegram (for study purposes), Physical Notes",2026-01-31 18:40:13,Tamil Nadu,IIT / NIT,B.Sc,2nd Year,6.0 – 7.0,0 – 2 hours,"YouTube, NPTEL / SWAYAM, ChatGPT / AI tools",3,,,,,,,,
1293,a091d9857e1b26dac9ad43d43de3cfab7f19df9cadb73e095b0b4a74a5e9bc3d,2026-02-23 10:37:44,Week 2,70,6+ hours,3,3,Sometimes,"ChatGPT, Google Gemini, Microsoft Copilot, Claude, Perplexity AI, Grammarly, QuillBot, Notion AI, Codeium, Replit AI, Canva AI, DALL·E, Midjourney, Adobe Firefly",6 – 10,4,"Poor internet, No quiet study space, Health / stress issues",5,4,False,,About the same,"YouTube, NPTEL / SWAYAM, Coursera / Udemy / edX, College LMS, Notion / Anki / Obsidian, WhatsApp / Telegram (for study purposes), Physical Notes",2026-01-27 19:47:23,Tamil Nadu,Deemed University,B.Tech,4th Year,9.0+,0 – 2 hours,"YouTube, ChatGPT / AI tools, WhatsApp / Telegram",3,,,,,,,,
1294,ad04e596e1af01ab238040c91de85cefe7f49fb2aabec57135e928a5ee02305e,2026-02-23 10:38:39,Week 2,60,6+ hours,3,3,Often,"ChatGPT, Google Gemini, Microsoft Copilot, Claude, Perplexity AI, Grammarly, Jasper AI, GitHub Copilot, Canva AI",6 – 10,3,NaN,4,4,False,75.0,Much better,"YouTube, NPTEL / SWAYAM, Coursera / Udemy / edX, College LMS, Notion / Anki / Obsidian, WhatsApp / Telegram (for study purposes), Physical Notes",2026-02-02 13:10:08,Karnataka,IIT / NIT,BBA,Others,7.0 – 8.0,2 – 4 hours,"YouTube, NPTEL / SWAYAM",2,,,,,,,,
1295,3a16c6fa9dbc26f91e12cdd112bec4f2953a34f47097d3424e3f551bb022a684,2026-02-23 10:40:54,Week 2,70,6+ hours,4,1,Often,"ChatGPT, Google Gemini, Microsoft Copilot, Claude, Perplexity AI, Grammarly, QuillBot, Notion AI, GitHub Copilot, DALL·E",10+,4,Health / stress issues,4,4,False,85.0,About the same,"YouTube, NPTEL / SWAYAM, Coursera / Udemy / edX, College LMS, Notion / Anki / Obsidian, WhatsApp / Telegram (for study purposes), Physical Notes",2026-01-31 18:44:48,Tamil Nadu,Private University,BBA,1st Year,6.0 – 7.0,0 – 2 hours,"YouTube, Coursera / Udemy / edX, ChatGPT / AI tools, College LMS, WhatsApp / Telegram, Physical notes",6,,,,,,,,
1296,0e155a1241bd00b2d588262223a52e0f8a911a4000092f096e6968dccae9e61b,2026-02-23 10:42:01,Week 2,65,6+ hours,4,2,Sometimes,"ChatGPT, Google Gemini, Microsoft Copilot, Claude, Perplexity AI, Grammarly, QuillBot, Notion AI, Codeium",6 – 10,4,Health / stress issues,3,3,False,70.0,Much better,"YouTube, NPTEL / SWAYAM, Coursera / Udemy / edX, College LMS, Notion / Anki / Obsidian, WhatsApp / Telegram (for study purposes), Physical Notes",2026-02-03 11:16:29,Tamil Nadu,IIT / NIT,B.Tech,4th Year,8.0 – 9.0,2 – 4 hours,"ChatGPT / AI tools, College LMS",2,,,,,,,,
1297,8ded4921661c4a18e633a572258dbd0f9a2c004f4aa3e9e2057a670d47566de6,2026-02-23 10:42:59,Week 2,55,6+ hours,5,5,Always,"ChatGPT, Google Gemini, Microsoft Copilot, Claude, Perplexity AI, Grammarly, QuillBot, Jasper AI, GitHub Copilot, Replit AI",10+,5,No quiet study space,5,5,False,80.0,Slightly better,"YouTube, NPTEL / SWAYAM, Coursera / Udemy / edX, College LMS, WhatsApp / Telegram (for study purposes)",2026-02-03 11:19:03,Kerala,Private University,B.Sc,3rd Year,Prefer not to say,2 – 4 hours,"NPTEL / SWAYAM, WhatsApp / Telegram, Physical notes",3,,,,,,,,
1298,8773494ab4b07b7f7350b8d37e960ba5d05e7caf5ffbb75a943c63465a604b7f,2026-02-23 10:44:12,Week 2,50,6+ hours,5,2,Sometimes,"ChatGPT, Google Gemini, Microsoft Copilot, Claude, Perplexity AI, Grammarly, Notion AI, Codeium, Tabnine, Canva AI",10+,5,Mobile-only access,5,4,False,66.0,Slightly worse,"YouTube, NPTEL / SWAYAM, Coursera / Udemy / edX, College LMS, Notion / Anki / Obsidian, WhatsApp / Telegram (for study purposes), Physical Notes",2026-01-31 18:47:34,Tamil Nadu,IIT / NIT,B.Tech,2nd Year,9.0+,4 – 6 hours,"YouTube, NPTEL / SWAYAM, Coursera / Udemy / edX, ChatGPT / AI tools, College LMS, WhatsApp / Telegram, Physical notes",7,,,,,,,,
1299,81ddebb1fc0e6b009a5655dea87854093d1374914f03d128e615c955c9007504,2026-02-23 10:45:06,Week 2,60,6+ hours,5,3,Sometimes,"ChatGPT, Google Gemini, Microsoft Copilot, Claude, Perplexity AI, Grammarly, QuillBot, Notion AI, GitHub Copilot, Replit AI, Canva AI, Adobe Firefly",6 – 10,4,"Poor internet, No quiet study space",5,4,False,56.0,Much worse,"YouTube, NPTEL / SWAYAM, Coursera / Udemy / edX, College LMS, Notion / Anki / Obsidian, WhatsApp / Telegram (for study purposes), Physical Notes",2026-01-12 20:20:23,Tamil Nadu,Private University,B.Tech,3rd Year,7.0 – 8.0,2 – 4 hours,"YouTube, ChatGPT / AI tools, WhatsApp / Telegram, Physical notes only",4,,,,,,,,
1300,8ded4921661c4a18e633a572258dbd0f9a2c004f4aa3e9e2057a670d47566de6,2026-02-23 10:46:14,Week 2,56,6+ hours,5,2,Sometimes,"ChatGPT, Google Gemini, Microsoft Copilot, Claude, Perplexity AI, Grammarly, QuillBot, Notion AI",10+,4,"Poor internet, Mobile-only access",3,3,False,60.0,Slightly worse,"YouTube, NPTEL / SWAYAM, Coursera / Udemy / edX, College LMS, Notion / Anki / Obsidian, WhatsApp / Telegram (for study purposes), Physical Notes",2026-02-03 11:19:03,Kerala,Private University,B.Sc,3rd Year,Prefer not to say,2 – 4 hours,"NPTEL / SWAYAM, WhatsApp / Telegram, Physical notes",3,,,,,,,,
1301,f90ab6deefe14d178606a393182b36cdc645169d692772666b9c29214c2a4e40,2026-02-23 10:47:04,Week 2,60,4 – 6 hours,4,5,Sometimes,"ChatGPT, Google Gemini, Microsoft Copilot, Claude, Perplexity AI, Grammarly, QuillBot, Notion AI, Jasper AI",10+,5,Poor internet,5,5,False,75.0,About the same,"YouTube, College LMS, WhatsApp / Telegram (for study purposes), Physical Notes",2026-02-05 21:56:57,Telangana,Private University,B.Tech,3rd Year,7.0 – 8.0,0 – 2 hours,"ChatGPT / AI tools, WhatsApp / Telegram",2,,,,,,,,
1302,522e39ae01bce33e97b085b9517a3680984adf0d38e718487e3314eb74127ab2,2026-02-23 10:48:16,Week 2,45,4 – 6 hours,5,3,Often,"ChatGPT, Google Gemini, Claude, Perplexity AI, Grammarly",6 – 10,4,Poor internet,5,4,False,90.0,Slightly better,"YouTube, NPTEL / SWAYAM, College LMS, WhatsApp / Telegram (for study purposes)",2026-01-31 18:48:52,Tamil Nadu,State University,B.Tech,2nd Year,Below 6.0,0 – 2 hours,"YouTube, ChatGPT / AI tools, WhatsApp / Telegram",3,,,,,,,,
1303,86b1b7c8fd97ac6aa33f3f67e3c3652ee35ae2226cc4798385726481eea05f57,2026-02-23 10:49:33,Week 3,20,2 – 4 hours,2,2,Rarely,"ChatGPT, Google Gemini",3 – 6,3,Poor internet,2,2,False,,Slightly worse,"YouTube, WhatsApp / Telegram (for study purposes)",2026-01-31 18:50:27,Tamil Nadu,Central University,B.Tech,1st Year,7.0 – 8.0,0 – 2 hours,"YouTube, ChatGPT / AI tools, College LMS, WhatsApp / Telegram",4,,,,,,,,
1304,b7c45e43b3e4defcfa15c66053995acfb95306f516892ea504b4a561e64a85b9,2026-02-23 11:07:02,Week 3,40,4 – 6 hours,3,3,Sometimes,"ChatGPT, Google Gemini, Microsoft Copilot, Claude, Perplexity AI, Grammarly",3 – 6,2,NaN,3,3,False,,Slightly worse,"YouTube, College LMS, Notion / Anki / Obsidian",2026-01-31 18:40:13,Tamil Nadu,IIT / NIT,B.Sc,2nd Year,6.0 – 7.0,0 – 2 hours,"YouTube, NPTEL / SWAYAM, ChatGPT / AI tools",3,,,,,,,,
1305,2b17d11e7d9c1af7a7fed72e60e90a5ee797f0b6e0cc8645592f6fdc2ad13cd2,2026-02-23 11:07:50,Week 3,30,2 – 4 hours,2,2,Rarely,"ChatGPT, Google Gemini, Perplexity AI, Grammarly",1 – 3,2,NaN,3,3,False,,Slightly worse,"YouTube, NPTEL / SWAYAM, Coursera / Udemy / edX, College LMS",2026-01-31 18:51:00,Tamil Nadu,State University,B.Tech,1st Year,6.0 – 7.0,2 – 4 hours,"YouTube, Coursera / Udemy / edX, ChatGPT / AI tools, Notion / Anki / Obsidian, WhatsApp / Telegram",5,,,,,,,,
1306,49c29b44c0f2dba949371e3de5aaea4ace47ef333c771bda5ab86551a01e7a7d,2026-02-23 11:08:32,Week 3,30,4 – 6 hours,2,2,Sometimes,"ChatGPT, Google Gemini, Microsoft Copilot, Claude, Perplexity AI",1 – 3,2,Poor internet,2,2,False,,Much worse,"YouTube, NPTEL / SWAYAM, Coursera / Udemy / edX, College LMS",2026-02-02 12:49:39,Uttar Pradesh,Central University,B.Tech,Others,8.0 – 9.0,2 – 4 hours,"YouTube, ChatGPT / AI tools",2,,,,,,,,
1307,97b26b3698560201c1218be1d50871d93f4ae1f4a79deeb268b0ba686e43fdeb,2026-02-23 11:09:19,Week 3,30,2 – 4 hours,3,3,Sometimes,"ChatGPT, Google Gemini, Microsoft Copilot, Claude, Perplexity AI, QuillBot",1 – 3,3,NaN,3,3,False,,About the same,"YouTube, NPTEL / SWAYAM, Coursera / Udemy / edX, College LMS",2025-12-26 07:18:01,Tamil Nadu,Deemed University,B.Tech,3rd Year,8.0 – 9.0,0 – 2 hours,"ChatGPT / AI tools, College LMS, WhatsApp / Telegram",3,,,,,,,,
1308,6cdee50dedfbbd1a46317cf81321165ab42071b577d2f1514daac32cb4160095,2026-02-23 11:12:41,Week 3,20,2 – 4 hours,3,3,Sometimes,"ChatGPT, Google Gemini, Microsoft Copilot, Claude, Perplexity AI, Grammarly, QuillBot",1 – 3,3,Health / stress issues,2,2,False,,Slightly worse,"YouTube, NPTEL / SWAYAM, Coursera / Udemy / edX, College LMS, Notion / Anki / Obsidian",2026-02-02 12:39:28,Gujarat,Private University,B.Tech,3rd Year,8.0 – 9.0,6+ hours,NaN,1,,,,,,,,
1309,1ad669ada84e5263e09135c0723aae8e30fcb58819e440892efde165dd587a5e,2026-02-23 11:13:20,Week 3,20,2 – 4 hours,2,2,Rarely,"ChatGPT, Google Gemini, Microsoft Copilot, Claude",1 – 3,2,NaN,3,2,False,,About the same,"YouTube, Coursera / Udemy / edX, Notion / Anki / Obsidian",2026-02-03 11:18:21,Karnataka,State University,BBA,3rd Year,7.0 – 8.0,2 – 4 hours,"YouTube, Coursera / Udemy / edX",2,,,,,,,,
1310,63c23cf4b390284f3ce1175699f5efa501022ba212fe21be99dc9e2d21deebbf,2026-02-23 11:14:00,Week 4,10,0 – 2 hours,1,1,Never,"ChatGPT, Google Gemini",1 – 3,2,Poor internet,1,1,False,,Much worse,"YouTube, Coursera / Udemy / edX",2026-02-02 12:38:59,Rajasthan,State University,B.Sc,2nd Year,7.0 – 8.0,4 – 6 hours,"Coursera / Udemy / edX, ChatGPT / AI tools, Notion / Anki / Obsidian, College LMS, Physical notes",5,,,,,,,,
1311,7b5c4bd7d59556f437489bc9729a8c19655b90085e45e8dff621cf66913fc521,2026-02-24 12:14:09,Week 2,50,6+ hours,4,4,Sometimes,"ChatGPT, Google Gemini, Microsoft Copilot, Claude, Grammarly, QuillBot, Notion AI, Midjourney, Adobe Firefly, Khanmigo (Khan Academy AI)",6 – 10,5,"Poor internet, Mobile-only access, Health / stress issues",3,3,False,60.0,About the same,"YouTube, NPTEL / SWAYAM, Coursera / Udemy / edX, College LMS, Notion / Anki / Obsidian, WhatsApp / Telegram (for study purposes)",2026-02-23 10:13:22,Kerala,State University,B.Tech,3rd Year,Prefer not to say,2 – 4 hours,"YouTube, NPTEL / SWAYAM, Coursera / Udemy / edX, ChatGPT / AI tools, Notion / Anki / Obsidian, College LMS, WhatsApp / Telegram, Physical notes",8,,,,,,,,
1312,26234105c87439e0dc4fb999632d3a5406775cc0728c26840e4a6b26d071341b,2026-02-24 12:16:26,Week 2,40,4 – 6 hours,3,3,Sometimes,"ChatGPT, Google Gemini, Microsoft Copilot, Claude, Perplexity AI, Grammarly, QuillBot, GitHub Copilot, Codeium",6 – 10,4,"Poor internet, Mobile-only access, No quiet study space",3,3,False,70.0,Slightly better,"YouTube, NPTEL / SWAYAM, Coursera / Udemy / edX, College LMS, Notion / Anki / Obsidian, Physical Notes",2026-01-12 20:18:58,Tamil Nadu,Private University,B.Tech,2nd Year,6.0 – 7.0,0 – 2 hours,"YouTube, ChatGPT / AI tools, College LMS",3,,,,,,,,
1313,384ceb85e96e6aa2ecda396e81a782b00f64a547b8639cec5570f556cec3c71d,2026-02-25 23:11:19,Week 3,4,2 – 4 hours,3,3,Sometimes,"ChatGPT, Microsoft Copilot, QuillBot",1 – 3,3,No quiet study space,3,3,False,,Slightly worse,YouTube,2026-02-23 10:05:39,Kerala,Private University,B.Com,2nd Year,8.0 – 9.0,4 – 6 hours,"NPTEL / SWAYAM, Coursera / Udemy / edX, College LMS, Physical notes",4,,,,,,,,
1314,9f7b57d47f3cd447af0a85a35c1ce5b1287d471159595088cd7493a849b93059,2026-02-26 00:09:17,Week 3,2,0 – 2 hours,2,2,Rarely,ChatGPT,1 – 3,2,Poor internet,2,2,False,,Slightly worse,NaN,2026-02-02 12:38:26,Punjab,Central University,B.Tech,1st Year,6.0 – 7.0,4 – 6 hours,"YouTube, NPTEL / SWAYAM, Coursera / Udemy / edX, ChatGPT / AI tools, College LMS, WhatsApp / Telegram",6,,,,,,,,
1315,48cdb835c278ac6b10eed195f85632896d3be15d20d75197a0b916b2395939a6,2026-02-26 00:14:22,Week 2,9,6+ hours,5,5,Often,"ChatGPT, Google Gemini, Claude",3 – 6,4,NaN,4,5,False,,Much better,"YouTube, WhatsApp / Telegram (for study purposes), Physical Notes",2026-01-27 00:18:46,Telangana,IIT / NIT,B.Sc,3rd Year,7.0 – 8.0,0 – 2 hours,"YouTube, NPTEL / SWAYAM, ChatGPT / AI tools, WhatsApp / Telegram, Physical notes only",5,,,,,,,,
1316,26234105c87439e0dc4fb999632d3a5406775cc0728c26840e4a6b26d071341b,2026-02-26 00:14:46,Week 1,68,4 – 6 hours,4,4,Often,"ChatGPT, Google Gemini, Microsoft Copilot, Claude, Perplexity AI",10+,5,NaN,4,4,False,,Slightly better,YouTube,2026-01-12 20:18:58,Tamil Nadu,Private University,B.Tech,2nd Year,6.0 – 7.0,0 – 2 hours,"YouTube, ChatGPT / AI tools, College LMS",3,,,,,,,,
1317,e14fc3506630213cf4dbb3dddf035e19aad46cfaf81f1761b7791f1f48a64d67,2026-02-26 00:16:28,Week 2,68,6+ hours,5,5,Always,"ChatGPT, Google Gemini, Microsoft Copilot, Claude, Perplexity AI",10+,5,NaN,5,5,False,80.0,Much better,"YouTube, College LMS, WhatsApp / Telegram (for study purposes), Physical Notes",2026-02-02 12:45:31,Madhya Pradesh,Central University,B.Tech,3rd Year,8.0 – 9.0,2 – 4 hours,"ChatGPT / AI tools, WhatsApp / Telegram",2,,,,,,,,
1318,26234105c87439e0dc4fb999632d3a5406775cc0728c26840e4a6b26d071341b,2026-02-26 00:17:35,Week 3,50,4 – 6 hours,3,3,Sometimes,ChatGPT,3 – 6,4,NaN,2,2,False,,Slightly worse,YouTube,2026-01-12 20:18:58,Tamil Nadu,Private University,B.Tech,2nd Year,6.0 – 7.0,0 – 2 hours,"YouTube, ChatGPT / AI tools, College LMS",3,,,,,,,,
1319,cf47f395a464caa7ab1da1745c2d650002296d75e8eac41561b430a83f4382f8,2026-02-26 00:18:16,Week 4,2,0 – 2 hours,2,2,Rarely,NaN,0,1,NaN,1,1,False,,Much worse,NaN,2026-01-31 18:49:58,Tamil Nadu,Central University,B.Sc,3rd Year,7.0 – 8.0,2 – 4 hours,"YouTube, NPTEL / SWAYAM, Coursera / Udemy / edX, ChatGPT / AI tools, Notion / Anki / Obsidian",5,,,,,,,,
1320,74d72de1f5b196019d5bbe209db2b90401f5ea949cebbdda60ac6b0f71acb482,2026-02-26 00:18:30,Week 4,40,2 – 4 hours,3,3,Never,ChatGPT,1 – 3,3,NaN,3,1,False,,Much worse,YouTube,2026-02-02 12:43:28,Madhya Pradesh,Central University,B.Tech,2nd Year,6.0 – 7.0,2 – 4 hours,"YouTube, ChatGPT / AI tools",2,,,,,,,,
1321,219d4ac6903fffab5ab1d64d6ed0b331adcc691f0e116fb7f62cefba91f7b0ec,2026-02-26 09:56:15,Week 1,67,6+ hours,4,4,Often,"ChatGPT, Google Gemini, Microsoft Copilot, Claude, Perplexity AI",6 – 10,4,NaN,4,4,False,,Slightly better,"YouTube, College LMS, WhatsApp / Telegram (for study purposes), Physical Notes",2025-12-26 18:34:24,Andhra Pradesh,Private University,B.Tech,3rd Year,9.0+,0 – 2 hours,ChatGPT / AI tools,1,,,,,,,,
1322,ef4aca4b5a9ddc8cfe1cda04eef5cb540a47e603dac29e3f59b7bdd1a387191d,2026-02-26 09:57:57,Week 2,69,6+ hours,5,5,Always,"ChatGPT, Google Gemini, Microsoft Copilot, Claude, Perplexity AI, Canva AI",10+,5,NaN,5,5,False,80.0,Much better,"YouTube, College LMS, WhatsApp / Telegram (for study purposes), Physical Notes",2026-02-02 12:52:17,Maharashtra,Private University,B.Tech,Others,6.0 – 7.0,2 – 4 hours,"YouTube, ChatGPT / AI tools",2,,,,,,,,
1323,7b5c4bd7d59556f437489bc9729a8c19655b90085e45e8dff621cf66913fc521,2026-02-26 10:04:30,Week 3,46,4 – 6 hours,3,3,Sometimes,"ChatGPT, Microsoft Copilot",3 – 6,2,NaN,3,2,False,,Slightly worse,"YouTube, College LMS, WhatsApp / Telegram (for study purposes), Physical Notes",2026-02-23 10:13:22,Kerala,State University,B.Tech,3rd Year,Prefer not to say,2 – 4 hours,"YouTube, NPTEL / SWAYAM, Coursera / Udemy / edX, ChatGPT / AI tools, Notion / Anki / Obsidian, College LMS, WhatsApp / Telegram, Physical notes",8,,,,,,,,
1324,3d83828233d057f5e1e37a4c9e784850077d6638768e69b0f6b5d4e5e2dfc994,2026-02-26 10:05:56,Week 3,20,2 – 4 hours,2,2,Never,"ChatGPT, Google Gemini",1 – 3,2,NaN,2,1,False,,Slightly better,YouTube,2026-01-12 21:41:37,Tamil Nadu,Private University,B.Tech,3rd Year,8.0 – 9.0,0 – 2 hours,"YouTube, ChatGPT / AI tools",2,,,,,,,,
1325,b7c45e43b3e4defcfa15c66053995acfb95306f516892ea504b4a561e64a85b9,2026-02-26 10:07:56,Week 3,10,0 – 2 hours,1,1,Never,"ChatGPT, Google Gemini",1 – 3,2,NaN,1,1,False,,Much worse,"YouTube, College LMS",2026-01-31 18:40:13,Tamil Nadu,IIT / NIT,B.Sc,2nd Year,6.0 – 7.0,0 – 2 hours,"YouTube, NPTEL / SWAYAM, ChatGPT / AI tools",3,,,,,,,,
1326,b9c03c59028b4485073ac377b7c14dfe728898b0dccd931ebc2eea5d5b1d746a,2026-02-26 10:07:59,Week 3,17,6+ hours,3,3,Sometimes,"ChatGPT, Perplexity AI",6 – 10,4,NaN,4,3,False,,About the same,"YouTube, WhatsApp / Telegram (for study purposes), Physical Notes",2025-12-27 14:52:29,Tamil Nadu,Central University,B.Tech,3rd Year,8.0 – 9.0,2 – 4 hours,"ChatGPT / AI tools, College LMS, WhatsApp / Telegram",3,,,,,,,,
1327,781a9f368166d71405348c3b65fa0645e7cab12d017be1e369eb8d7a5cd5fb1d,2026-02-26 10:09:09,Week 3,15,0 – 2 hours,1,1,Never,"ChatGPT, Google Gemini",1 – 3,2,NaN,1,1,False,,Slightly worse,"YouTube, College LMS, Physical Notes",2026-02-02 12:40:04,Maharashtra,IIT / NIT,B.Com,4th Year,7.0 – 8.0,2 – 4 hours,"YouTube, NPTEL / SWAYAM, Coursera / Udemy / edX, ChatGPT / AI tools, Notion / Anki / Obsidian, College LMS, WhatsApp / Telegram, Physical notes",8,,,,,,,,
1328,16a56bf3b362259b32e3bc7d18a95d94213241560809ad3c4d5ddba644365acb,2026-02-26 10:10:18,Week 3,10,0 – 2 hours,1,1,Never,ChatGPT,1 – 3,2,NaN,1,1,False,,Much worse,YouTube,2026-02-19 13:19:58,Tamil Nadu,State University,B.Sc,2nd Year,8.0 – 9.0,2 – 4 hours,"YouTube, NPTEL / SWAYAM, Coursera / Udemy / edX, ChatGPT / AI tools, Notion / Anki / Obsidian",5,,,,,,,,
1329,c4fc9686cc1b927682fbf989fe97901e479c7d5a214ce073d7cc6062f4682ed6,2026-02-26 10:11:24,Week 3,10,0 – 2 hours,2,2,Never,"ChatGPT, Google Gemini",1 – 3,1,NaN,2,1,False,,Much worse,YouTube,2026-02-23 10:06:40,Andhra Pradesh,Private University,B.Com,3rd Year,6.0 – 7.0,0 – 2 hours,"Coursera / Udemy / edX, ChatGPT / AI tools, Notion / Anki / Obsidian, WhatsApp / Telegram",4,,,,,,,,
1330,8773494ab4b07b7f7350b8d37e960ba5d05e7caf5ffbb75a943c63465a604b7f,2026-02-26 10:12:20,Week 3,10,2 – 4 hours,1,1,Never,ChatGPT,1 – 3,1,NaN,1,2,False,,Slightly worse,YouTube,2026-01-31 18:47:34,Tamil Nadu,IIT / NIT,B.Tech,2nd Year,9.0+,4 – 6 hours,"YouTube, NPTEL / SWAYAM, Coursera / Udemy / edX, ChatGPT / AI tools, College LMS, WhatsApp / Telegram, Physical notes",7,,,,,,,,
1331,1ad669ada84e5263e09135c0723aae8e30fcb58819e440892efde165dd587a5e,2026-02-26 10:13:20,Week 3,10,2 – 4 hours,1,1,Never,"ChatGPT, Google Gemini",1 – 3,2,NaN,2,1,False,,Slightly worse,YouTube,2026-02-03 11:18:21,Karnataka,State University,BBA,3rd Year,7.0 – 8.0,2 – 4 hours,"YouTube, Coursera / Udemy / edX",2,,,,,,,,
1332,a0844c331d7454600df29956fea1f640e9035aa0e376172eded377ff472dedbe,2026-02-26 10:14:20,Week 3,10,0 – 2 hours,1,1,Never,ChatGPT,1 – 3,2,NaN,2,1,False,,Much worse,YouTube,2026-01-31 18:46:52,Karnataka,Central University,B.Sc,1st Year,7.0 – 8.0,2 – 4 hours,"NPTEL / SWAYAM, Coursera / Udemy / edX, ChatGPT / AI tools, College LMS, WhatsApp / Telegram, Physical notes",6,,,,,,,,
1333,266344e1c50b449d6d5dbec5b4b1af3236f13cc0b97871acccf3da3697283f82,2026-02-26 10:14:42,Week 4,10,6+ hours,2,2,Sometimes,"ChatGPT, Google Gemini",3 – 6,4,No quiet study space,3,3,False,,About the same,"YouTube, Coursera / Udemy / edX",2026-01-16 12:24:26,Tamil Nadu,Private University,B.Tech,3rd Year,9.0+,2 – 4 hours,"YouTube, ChatGPT / AI tools, Notion / Anki / Obsidian, WhatsApp / Telegram",4,,,,,,,,
1334,63c23cf4b390284f3ce1175699f5efa501022ba212fe21be99dc9e2d21deebbf,2026-02-26 10:15:38,Week 3,8,2 – 4 hours,1,1,Never,Google Gemini,1 – 3,1,NaN,1,1,False,,Slightly worse,YouTube,2026-02-02 12:38:59,Rajasthan,State University,B.Sc,2nd Year,7.0 – 8.0,4 – 6 hours,"Coursera / Udemy / edX, ChatGPT / AI tools, Notion / Anki / Obsidian, College LMS, Physical notes",5,,,,,,,,
1335,b319601b117de5d02e9d335f82997ad5d2c20f041b094bdd7a67411b8ad1543b,2026-02-26 10:17:37,Week 3,9,0 – 2 hours,1,2,Never,ChatGPT,1 – 3,1,NaN,1,1,False,,Slightly worse,YouTube,2026-01-31 11:34:19,Tamil Nadu,State University,B.Tech,4th Year,8.0 – 9.0,0 – 2 hours,"YouTube, ChatGPT / AI tools, WhatsApp / Telegram",3,,,,,,,,
1336,219d4ac6903fffab5ab1d64d6ed0b331adcc691f0e116fb7f62cefba91f7b0ec,2026-02-26 10:18:30,Week 3,6,0 – 2 hours,1,1,Never,ChatGPT,1 – 3,1,NaN,1,1,False,,Much worse,YouTube,2025-12-26 18:34:24,Andhra Pradesh,Private University,B.Tech,3rd Year,9.0+,0 – 2 hours,ChatGPT / AI tools,1,,,,,,,,
1337,e14fc3506630213cf4dbb3dddf035e19aad46cfaf81f1761b7791f1f48a64d67,2026-02-26 10:19:45,Week 3,8,0 – 2 hours,1,1,Never,ChatGPT,0,1,NaN,1,1,False,,Much worse,YouTube,2026-02-02 12:45:31,Madhya Pradesh,Central University,B.Tech,3rd Year,8.0 – 9.0,2 – 4 hours,"ChatGPT / AI tools, WhatsApp / Telegram",2,,,,,,,,
1338,7b5c4bd7d59556f437489bc9729a8c19655b90085e45e8dff621cf66913fc521,2026-02-26 10:21:01,Week 3,35,2 – 4 hours,2,2,Rarely,Google Gemini,1 – 3,1,NaN,1,2,False,,Slightly worse,YouTube,2026-02-23 10:13:22,Kerala,State University,B.Tech,3rd Year,Prefer not to say,2 – 4 hours,"YouTube, NPTEL / SWAYAM, Coursera / Udemy / edX, ChatGPT / AI tools, Notion / Anki / Obsidian, College LMS, WhatsApp / Telegram, Physical notes",8,,,,,,,,
1339,132137538b93be89ed6c9815b322a7a0f58530b8c229d1809265140f5cb8c398,2026-02-26 10:21:57,Week 3,5,0 – 2 hours,1,1,Never,ChatGPT,0,1,NaN,1,1,False,,Much worse,YouTube,2026-01-13 19:44:22,Tamil Nadu,Deemed University,B.Tech,3rd Year,7.0 – 8.0,2 – 4 hours,"YouTube, ChatGPT / AI tools",2,,,,,,,,
1340,0e155a1241bd00b2d588262223a52e0f8a911a4000092f096e6968dccae9e61b,2026-02-26 10:22:53,Week 3,5,0 – 2 hours,1,1,Never,ChatGPT,1 – 3,2,NaN,1,1,False,,Much worse,YouTube,2026-02-03 11:16:29,Tamil Nadu,IIT / NIT,B.Tech,4th Year,8.0 – 9.0,2 – 4 hours,"ChatGPT / AI tools, College LMS",2,,,,,,,,
1341,caf626adf6b1139006e560ca8cc80b33ca449dfd93d89557b2b5dca8a09ea07f,2026-02-26 10:23:52,Week 3,6,0 – 2 hours,1,1,Never,Google Gemini,0,1,NaN,1,1,False,,Much worse,YouTube,2026-02-23 10:06:05,Karnataka,Private University,BA,3rd Year,7.0 – 8.0,2 – 4 hours,"YouTube, NPTEL / SWAYAM, Coursera / Udemy / edX, ChatGPT / AI tools, Notion / Anki / Obsidian, WhatsApp / Telegram",6,,,,,,,,
1342,384ceb85e96e6aa2ecda396e81a782b00f64a547b8639cec5570f556cec3c71d,2026-02-26 10:25:56,Week 3,2,0 – 2 hours,1,1,Never,ChatGPT,1 – 3,1,NaN,1,1,False,,Slightly worse,YouTube,2026-02-23 10:05:39,Kerala,Private University,B.Com,2nd Year,8.0 – 9.0,4 – 6 hours,"NPTEL / SWAYAM, Coursera / Udemy / edX, College LMS, Physical notes",4,,,,,,,,
1343,e9f047d3c2da21e5de56f3abab5c156cedf45843e25e1cc9c00e542a0848fb89,2026-02-26 10:27:04,Week 3,4,0 – 2 hours,1,1,Never,"Claude, GitHub Copilot",1 – 3,1,NaN,1,1,False,,Much worse,YouTube,2026-02-23 10:04:41,Andhra Pradesh,Central University,B.Tech,2nd Year,7.0 – 8.0,0 – 2 hours,"YouTube, NPTEL / SWAYAM, Coursera / Udemy / edX, Notion / Anki / Obsidian, WhatsApp / Telegram",5,,,,,,,,
1344,81ddebb1fc0e6b009a5655dea87854093d1374914f03d128e615c955c9007504,2026-02-26 10:28:22,Week 3,4,0 – 2 hours,1,1,Never,ChatGPT,0,1,NaN,1,1,False,,Much worse,YouTube,2026-01-12 20:20:23,Tamil Nadu,Private University,B.Tech,3rd Year,7.0 – 8.0,2 – 4 hours,"YouTube, ChatGPT / AI tools, WhatsApp / Telegram, Physical notes only",4,,,,,,,,
1345,e9f047d3c2da21e5de56f3abab5c156cedf45843e25e1cc9c00e542a0848fb89,2026-02-26 10:29:45,Week 3,6,0 – 2 hours,1,1,Never,Claude,1 – 3,1,NaN,2,1,False,,Much worse,YouTube,2026-02-23 10:04:41,Andhra Pradesh,Central University,B.Tech,2nd Year,7.0 – 8.0,0 – 2 hours,"YouTube, NPTEL / SWAYAM, Coursera / Udemy / edX, Notion / Anki / Obsidian, WhatsApp / Telegram",5,,,,,,,,
1346,781a9f368166d71405348c3b65fa0645e7cab12d017be1e369eb8d7a5cd5fb1d,2026-02-26 10:30:56,Week 3,10,0 – 2 hours,1,1,Never,NaN,0,1,NaN,1,1,False,,Much worse,NaN,2026-02-02 12:40:04,Maharashtra,IIT / NIT,B.Com,4th Year,7.0 – 8.0,2 – 4 hours,"YouTube, NPTEL / SWAYAM, Coursera / Udemy / edX, ChatGPT / AI tools, Notion / Anki / Obsidian, College LMS, WhatsApp / Telegram, Physical notes",8,,,,,,,,
1347,f72f420debc36def28125c58c71822ce49043914a9406e73923965f87c8cb669,2026-02-26 10:32:20,Week 3,8,0 – 2 hours,1,1,Never,Google Gemini,1 – 3,1,NaN,1,1,False,,Much worse,YouTube,2026-01-12 23:37:58,Karnataka,Private University,BA,3rd Year,8.0 – 9.0,0 – 2 hours,"YouTube, ChatGPT / AI tools, WhatsApp / Telegram, Physical notes only",4,,,,,,,,
1348,6cdee50dedfbbd1a46317cf81321165ab42071b577d2f1514daac32cb4160095,2026-02-26 10:33:22,Week 3,9,0 – 2 hours,1,1,Never,ChatGPT,0,1,NaN,1,1,False,,Much worse,YouTube,2026-02-02 12:39:28,Gujarat,Private University,B.Tech,3rd Year,8.0 – 9.0,6+ hours,NaN,1,,,,,,,,
1349,781a9f368166d71405348c3b65fa0645e7cab12d017be1e369eb8d7a5cd5fb1d,2026-02-26 10:35:00,Week 3,10,0 – 2 hours,1,1,Never,ChatGPT,0,1,NaN,1,1,False,,Much worse,YouTube,2026-02-02 12:40:04,Maharashtra,IIT / NIT,B.Com,4th Year,7.0 – 8.0,2 – 4 hours,"YouTube, NPTEL / SWAYAM, Coursera / Udemy / edX, ChatGPT / AI tools, Notion / Anki / Obsidian, College LMS, WhatsApp / Telegram, Physical notes",8,,,,,,,,
1350,f72f420debc36def28125c58c71822ce49043914a9406e73923965f87c8cb669,2026-02-26 10:36:24,Week 3,3,0 – 2 hours,1,1,Never,Google Gemini,1 – 3,1,NaN,1,1,False,,Much worse,YouTube,2026-01-12 23:37:58,Karnataka,Private University,BA,3rd Year,8.0 – 9.0,0 – 2 hours,"YouTube, ChatGPT / AI tools, WhatsApp / Telegram, Physical notes only",4,,,,,,,,
1351,d2db0cecaf1edf2f34e8fcb492052acd27453600c6cc493e25700d9c3b289761,2026-02-26 10:37:39,Week 3,20,2 – 4 hours,2,2,Rarely,Google Gemini,1 – 3,2,NaN,2,2,False,,Much worse,NaN,2026-02-02 12:56:07,Uttar Pradesh,IIT / NIT,Other,2nd Year,Prefer not to say,2 – 4 hours,"YouTube, Coursera / Udemy / edX",2,,,,,,,,
1352,c4fc9686cc1b927682fbf989fe97901e479c7d5a214ce073d7cc6062f4682ed6,2026-02-26 10:39:41,Week 3,22,4 – 6 hours,1,2,Rarely,ChatGPT,1 – 3,2,NaN,2,1,False,,Much worse,YouTube,2026-02-23 10:06:40,Andhra Pradesh,Private University,B.Com,3rd Year,6.0 – 7.0,0 – 2 hours,"Coursera / Udemy / edX, ChatGPT / AI tools, Notion / Anki / Obsidian, WhatsApp / Telegram",4,,,,,,,,
1353,86b1b7c8fd97ac6aa33f3f67e3c3652ee35ae2226cc4798385726481eea05f57,2026-02-26 10:41:38,Week 3,15,2 – 4 hours,2,3,Rarely,ChatGPT,3 – 6,3,NaN,2,3,False,80.0,Slightly worse,"College LMS, WhatsApp / Telegram (for study purposes)",2026-01-31 18:50:27,Tamil Nadu,Central University,B.Tech,1st Year,7.0 – 8.0,0 – 2 hours,"YouTube, ChatGPT / AI tools, College LMS, WhatsApp / Telegram",4,,,,,,,,
1354,132137538b93be89ed6c9815b322a7a0f58530b8c229d1809265140f5cb8c398,2026-02-26 10:43:58,Week 3,30,4 – 6 hours,1,2,Rarely,Microsoft Copilot,0,1,NaN,2,1,False,,Slightly worse,YouTube,2026-01-13 19:44:22,Tamil Nadu,Deemed University,B.Tech,3rd Year,7.0 – 8.0,2 – 4 hours,"YouTube, ChatGPT / AI tools",2,,,,,,,,
1355,9f7b57d47f3cd447af0a85a35c1ce5b1287d471159595088cd7493a849b93059,2026-02-26 10:45:14,Week 3,10,2 – 4 hours,2,2,Never,Google Gemini,1 – 3,2,Poor internet,2,2,False,,Slightly worse,YouTube,2026-02-02 12:38:26,Punjab,Central University,B.Tech,1st Year,6.0 – 7.0,4 – 6 hours,"YouTube, NPTEL / SWAYAM, Coursera / Udemy / edX, ChatGPT / AI tools, College LMS, WhatsApp / Telegram",6,,,,,,,,
1356,26234105c87439e0dc4fb999632d3a5406775cc0728c26840e4a6b26d071341b,2026-02-26 10:47:11,Week 3,10,2 – 4 hours,1,2,Never,ChatGPT,1 – 3,2,Poor internet,1,1,False,,Slightly worse,YouTube,2026-01-12 20:18:58,Tamil Nadu,Private University,B.Tech,2nd Year,6.0 – 7.0,0 – 2 hours,"YouTube, ChatGPT / AI tools, College LMS",3,,,,,,,,
1357,7b5c4bd7d59556f437489bc9729a8c19655b90085e45e8dff621cf66913fc521,2026-02-26 10:47:57,Week 3,10,2 – 4 hours,2,1,Never,Google Gemini,0,1,Mobile-only access,2,1,False,,Slightly worse,YouTube,2026-02-23 10:13:22,Kerala,State University,B.Tech,3rd Year,Prefer not to say,2 – 4 hours,"YouTube, NPTEL / SWAYAM, Coursera / Udemy / edX, ChatGPT / AI tools, Notion / Anki / Obsidian, College LMS, WhatsApp / Telegram, Physical notes",8,,,,,,,,
1358,781a9f368166d71405348c3b65fa0645e7cab12d017be1e369eb8d7a5cd5fb1d,2026-02-26 10:48:51,Week 3,39,4 – 6 hours,2,2,Sometimes,Google Gemini,6 – 10,3,Health / stress issues,2,2,False,,Slightly worse,YouTube,2026-02-02 12:40:04,Maharashtra,IIT / NIT,B.Com,4th Year,7.0 – 8.0,2 – 4 hours,"YouTube, NPTEL / SWAYAM, Coursera / Udemy / edX, ChatGPT / AI tools, Notion / Anki / Obsidian, College LMS, WhatsApp / Telegram, Physical notes",8,,,,,,,,
1359,f8ecea41f5799921e46e5d82b8d41d92dba1fca7a66ca63506cc3c0aab382672,2026-02-26 10:50:06,Week 3,10,0 – 2 hours,2,1,Rarely,ChatGPT,1 – 3,1,No quiet study space,2,2,False,,Much worse,YouTube,2026-01-27 17:56:30,Uttar Pradesh,Central University,B.Tech,4th Year,7.0 – 8.0,4 – 6 hours,"YouTube, NPTEL / SWAYAM, Coursera / Udemy / edX, ChatGPT / AI tools, Notion / Anki / Obsidian",5,,,,,,,,
1360,8773494ab4b07b7f7350b8d37e960ba5d05e7caf5ffbb75a943c63465a604b7f,2026-02-26 10:51:30,Week 3,20,4 – 6 hours,2,2,Rarely,Google Gemini,1 – 3,2,Mobile-only access,2,2,False,,Slightly worse,YouTube,2026-01-31 18:47:34,Tamil Nadu,IIT / NIT,B.Tech,2nd Year,9.0+,4 – 6 hours,"YouTube, NPTEL / SWAYAM, Coursera / Udemy / edX, ChatGPT / AI tools, College LMS, WhatsApp / Telegram, Physical notes",7,,,,,,,,
1361,e9f047d3c2da21e5de56f3abab5c156cedf45843e25e1cc9c00e542a0848fb89,2026-02-26 10:52:28,Week 3,30,4 – 6 hours,1,2,Rarely,"ChatGPT, Google Gemini, Microsoft Copilot, Claude",6 – 10,2,NaN,3,3,False,,Slightly worse,"YouTube, College LMS",2026-02-23 10:04:41,Andhra Pradesh,Central University,B.Tech,2nd Year,7.0 – 8.0,0 – 2 hours,"YouTube, NPTEL / SWAYAM, Coursera / Udemy / edX, Notion / Anki / Obsidian, WhatsApp / Telegram",5,,,,,,,,
1362,ace8e293cc91c35e822f9101bc4e97d2ad904d1e130b4402fd6a6642f245665e,2026-02-26 10:53:22,Week 3,20,2 – 4 hours,2,3,Rarely,"ChatGPT, Google Gemini",1 – 3,3,NaN,2,2,False,,Slightly worse,YouTube,2026-02-23 10:12:43,Kerala,State University,B.Tech,2nd Year,6.0 – 7.0,0 – 2 hours,"NPTEL / SWAYAM, Notion / Anki / Obsidian",2,,,,,,,,
1363,5e849a6892d6df48c1362529cab706d619efa96a172b3f715bc1f5ccd5ca61ec,2026-02-26 10:54:35,Week 3,20,2 – 4 hours,1,1,Never,ChatGPT,1 – 3,2,NaN,2,2,False,,Much worse,YouTube,2026-02-02 13:01:28,Uttar Pradesh,IIT / NIT,BA,Others,8.0 – 9.0,2 – 4 hours,"YouTube, ChatGPT / AI tools",2,,,,,,,,
1364,32b68dc8923730efba7e69129bcc4d5555495cc9359174e99e3d50570ce6de44,2026-02-26 10:56:13,Week 3,10,0 – 2 hours,1,1,Never,NaN,0,1,NaN,1,1,False,,Much worse,NaN,2026-01-31 14:55:58,Kerala,State University,B.Sc,1st Year,7.0 – 8.0,0 – 2 hours,"YouTube, ChatGPT / AI tools, College LMS, WhatsApp / Telegram",4,,,,,,,,
1365,86b1b7c8fd97ac6aa33f3f67e3c3652ee35ae2226cc4798385726481eea05f57,2026-02-26 10:56:57,Week 3,8,2 – 4 hours,1,1,Never,ChatGPT,1 – 3,2,Poor internet,2,2,False,,Much worse,NPTEL / SWAYAM,2026-01-31 18:50:27,Tamil Nadu,Central University,B.Tech,1st Year,7.0 – 8.0,0 – 2 hours,"YouTube, ChatGPT / AI tools, College LMS, WhatsApp / Telegram",4,,,,,,,,
1366,5e849a6892d6df48c1362529cab706d619efa96a172b3f715bc1f5ccd5ca61ec,2026-02-26 10:57:55,Week 3,19,2 – 4 hours,2,2,Rarely,Google Gemini,0,1,Mobile-only access,2,1,False,,Slightly worse,YouTube,2026-02-02 13:01:28,Uttar Pradesh,IIT / NIT,BA,Others,8.0 – 9.0,2 – 4 hours,"YouTube, ChatGPT / AI tools",2,,,,,,,,
1367,6cdee50dedfbbd1a46317cf81321165ab42071b577d2f1514daac32cb4160095,2026-02-26 10:58:59,Week 3,10,2 – 4 hours,1,2,Rarely,Google Gemini,3 – 6,1,Poor internet,1,2,False,,Much worse,YouTube,2026-02-02 12:39:28,Gujarat,Private University,B.Tech,3rd Year,8.0 – 9.0,6+ hours,NaN,1,,,,,,,,
1368,27d91473394ea1f8f97a8f1740492902f4ab1abbfe0b003e4536904eaba6dca0,2026-02-26 10:59:46,Week 3,20,2 – 4 hours,3,2,Rarely,Google Gemini,0,2,Poor internet,1,2,False,,Much worse,YouTube,2026-01-31 18:43:28,Tamil Nadu,IIT / NIT,B.Tech,3rd Year,7.0 – 8.0,2 – 4 hours,"YouTube, NPTEL / SWAYAM, Coursera / Udemy / edX, ChatGPT / AI tools, Notion / Anki / Obsidian, College LMS, WhatsApp / Telegram, Physical notes",8,,,,,,,,
1369,5e849a6892d6df48c1362529cab706d619efa96a172b3f715bc1f5ccd5ca61ec,2026-02-26 11:01:22,Week 3,10,0 – 2 hours,2,1,Rarely,ChatGPT,1 – 3,3,NaN,2,2,False,,Slightly worse,YouTube,2026-02-02 13:01:28,Uttar Pradesh,IIT / NIT,BA,Others,8.0 – 9.0,2 – 4 hours,"YouTube, ChatGPT / AI tools",2,,,,,,,,
1370,f8041b50a2c1379ae1a539104ac8cfff2e7475d9225620826e59c80d286afe76,2026-02-26 11:02:50,Week 3,6,0 – 2 hours,1,1,Never,ChatGPT,1 – 3,1,Poor internet,2,1,False,,Much worse,YouTube,2026-01-31 18:25:54,Andhra Pradesh,Private University,B.Sc,3rd Year,7.0 – 8.0,0 – 2 hours,"YouTube, NPTEL / SWAYAM, Notion / Anki / Obsidian, College LMS, WhatsApp / Telegram",5,,,,,,,,
1371,8773494ab4b07b7f7350b8d37e960ba5d05e7caf5ffbb75a943c63465a604b7f,2026-02-26 11:03:53,Week 3,10,2 – 4 hours,1,1,Never,ChatGPT,1 – 3,2,NaN,1,2,False,,Much worse,YouTube,2026-01-31 18:47:34,Tamil Nadu,IIT / NIT,B.Tech,2nd Year,9.0+,4 – 6 hours,"YouTube, NPTEL / SWAYAM, Coursera / Udemy / edX, ChatGPT / AI tools, College LMS, WhatsApp / Telegram, Physical notes",7,,,,,,,,
1372,3a16c6fa9dbc26f91e12cdd112bec4f2953a34f47097d3424e3f551bb022a684,2026-02-26 11:05:33,Week 3,10,0 – 2 hours,1,1,Rarely,ChatGPT,1 – 3,1,NaN,2,1,False,,Much worse,YouTube,2026-01-31 18:44:48,Tamil Nadu,Private University,BBA,1st Year,6.0 – 7.0,0 – 2 hours,"YouTube, Coursera / Udemy / edX, ChatGPT / AI tools, College LMS, WhatsApp / Telegram, Physical notes",6,,,,,,,,
1373,f5df30de694992a770d857d674587e781574c81ffc40be127f93b6a3d3a95f48,2026-02-26 11:06:33,Week 3,10,2 – 4 hours,2,1,Rarely,Microsoft Copilot,1 – 3,2,Poor internet,2,2,False,,Much worse,YouTube,2026-02-23 10:05:11,Andhra Pradesh,State University,B.Sc,3rd Year,Prefer not to say,2 – 4 hours,"YouTube, Coursera / Udemy / edX, Notion / Anki / Obsidian, WhatsApp / Telegram, Physical notes",5,,,,,,,,
1374,a091d9857e1b26dac9ad43d43de3cfab7f19df9cadb73e095b0b4a74a5e9bc3d,2026-02-26 11:07:47,Week 4,30,2 – 4 hours,2,3,Sometimes,"ChatGPT, Google Gemini, Microsoft Copilot",3 – 6,3,No quiet study space,3,2,False,,Slightly worse,"YouTube, College LMS",2026-01-27 19:47:23,Tamil Nadu,Deemed University,B.Tech,4th Year,9.0+,0 – 2 hours,"YouTube, ChatGPT / AI tools, WhatsApp / Telegram",3,,,,,,,,
1375,2b17d11e7d9c1af7a7fed72e60e90a5ee797f0b6e0cc8645592f6fdc2ad13cd2,2026-02-26 11:08:33,Week 4,35,2 – 4 hours,3,3,Sometimes,"ChatGPT, Google Gemini, Microsoft Copilot, Claude",3 – 6,3,NaN,3,2,False,,Slightly better,"YouTube, Physical Notes",2026-01-31 18:51:00,Tamil Nadu,State University,B.Tech,1st Year,6.0 – 7.0,2 – 4 hours,"YouTube, Coursera / Udemy / edX, ChatGPT / AI tools, Notion / Anki / Obsidian, WhatsApp / Telegram",5,,,,,,,,
1376,2b17d11e7d9c1af7a7fed72e60e90a5ee797f0b6e0cc8645592f6fdc2ad13cd2,2026-02-26 11:09:51,Week 4,43,4 – 6 hours,3,3,Sometimes,"ChatGPT, Google Gemini, Microsoft Copilot",3 – 6,2,NaN,3,2,False,,Slightly better,"YouTube, WhatsApp / Telegram (for study purposes)",2026-01-31 18:51:00,Tamil Nadu,State University,B.Tech,1st Year,6.0 – 7.0,2 – 4 hours,"YouTube, Coursera / Udemy / edX, ChatGPT / AI tools, Notion / Anki / Obsidian, WhatsApp / Telegram",5,,,,,,,,
1377,f8041b50a2c1379ae1a539104ac8cfff2e7475d9225620826e59c80d286afe76,2026-02-26 11:10:57,Week 4,40,4 – 6 hours,3,3,Sometimes,"ChatGPT, Google Gemini, Microsoft Copilot, Claude",6 – 10,3,NaN,2,3,False,,Slightly better,"YouTube, WhatsApp / Telegram (for study purposes), Physical Notes",2026-01-31 18:25:54,Andhra Pradesh,Private University,B.Sc,3rd Year,7.0 – 8.0,0 – 2 hours,"YouTube, NPTEL / SWAYAM, Notion / Anki / Obsidian, College LMS, WhatsApp / Telegram",5,,,,,,,,
1378,b7c45e43b3e4defcfa15c66053995acfb95306f516892ea504b4a561e64a85b9,2026-02-26 11:12:09,Week 4,30,4 – 6 hours,3,2,Often,"ChatGPT, Google Gemini, Microsoft Copilot, Claude, Perplexity AI",3 – 6,3,NaN,3,2,False,,Slightly better,"YouTube, College LMS",2026-01-31 18:40:13,Tamil Nadu,IIT / NIT,B.Sc,2nd Year,6.0 – 7.0,0 – 2 hours,"YouTube, NPTEL / SWAYAM, ChatGPT / AI tools",3,,,,,,,,
1379,1ad669ada84e5263e09135c0723aae8e30fcb58819e440892efde165dd587a5e,2026-02-26 11:13:04,Week 4,45,4 – 6 hours,3,3,Sometimes,"ChatGPT, Google Gemini, Microsoft Copilot",3 – 6,3,NaN,2,3,False,,Slightly better,"YouTube, WhatsApp / Telegram (for study purposes)",2026-02-03 11:18:21,Karnataka,State University,BBA,3rd Year,7.0 – 8.0,2 – 4 hours,"YouTube, Coursera / Udemy / edX",2,,,,,,,,
1380,32b68dc8923730efba7e69129bcc4d5555495cc9359174e99e3d50570ce6de44,2026-02-26 11:13:57,Week 4,40,4 – 6 hours,4,3,Sometimes,"ChatGPT, Google Gemini, Microsoft Copilot",3 – 6,2,NaN,4,3,False,,Slightly better,YouTube,2026-01-31 14:55:58,Kerala,State University,B.Sc,1st Year,7.0 – 8.0,0 – 2 hours,"YouTube, ChatGPT / AI tools, College LMS, WhatsApp / Telegram",4,,,,,,,,
1381,8773494ab4b07b7f7350b8d37e960ba5d05e7caf5ffbb75a943c63465a604b7f,2026-02-26 11:14:45,Week 4,30,4 – 6 hours,2,4,Sometimes,"ChatGPT, Google Gemini, Microsoft Copilot",3 – 6,3,NaN,3,2,False,,Slightly better,"YouTube, Physical Notes",2026-01-31 18:47:34,Tamil Nadu,IIT / NIT,B.Tech,2nd Year,9.0+,4 – 6 hours,"YouTube, NPTEL / SWAYAM, Coursera / Udemy / edX, ChatGPT / AI tools, College LMS, WhatsApp / Telegram, Physical notes",7,,,,,,,,
1382,2b17d11e7d9c1af7a7fed72e60e90a5ee797f0b6e0cc8645592f6fdc2ad13cd2,2026-02-26 11:16:21,Week 4,20,2 – 4 hours,3,4,Sometimes,"ChatGPT, Google Gemini, Microsoft Copilot",3 – 6,3,NaN,2,3,False,,Slightly better,"YouTube, WhatsApp / Telegram (for study purposes)",2026-01-31 18:51:00,Tamil Nadu,State University,B.Tech,1st Year,6.0 – 7.0,2 – 4 hours,"YouTube, Coursera / Udemy / edX, ChatGPT / AI tools, Notion / Anki / Obsidian, WhatsApp / Telegram",5,,,,,,,,
1383,8ded4921661c4a18e633a572258dbd0f9a2c004f4aa3e9e2057a670d47566de6,2026-02-26 11:17:11,Week 4,43,4 – 6 hours,3,3,Rarely,"ChatGPT, Google Gemini, Microsoft Copilot, Claude",3 – 6,2,NaN,3,3,False,,Slightly better,"NPTEL / SWAYAM, Physical Notes",2026-02-03 11:19:03,Kerala,Private University,B.Sc,3rd Year,Prefer not to say,2 – 4 hours,"NPTEL / SWAYAM, WhatsApp / Telegram, Physical notes",3,,,,,,,,
1384,781a9f368166d71405348c3b65fa0645e7cab12d017be1e369eb8d7a5cd5fb1d,2026-02-26 11:18:19,Week 4,45,4 – 6 hours,4,3,Rarely,"ChatGPT, Google Gemini, Microsoft Copilot",3 – 6,3,NaN,2,3,False,,Slightly better,YouTube,2026-02-02 12:40:04,Maharashtra,IIT / NIT,B.Com,4th Year,7.0 – 8.0,2 – 4 hours,"YouTube, NPTEL / SWAYAM, Coursera / Udemy / edX, ChatGPT / AI tools, Notion / Anki / Obsidian, College LMS, WhatsApp / Telegram, Physical notes",8,,,,,,,,
1385,63c23cf4b390284f3ce1175699f5efa501022ba212fe21be99dc9e2d21deebbf,2026-02-26 11:19:46,Week 4,42,4 – 6 hours,3,3,Sometimes,"ChatGPT, Google Gemini, Microsoft Copilot",6 – 10,2,NaN,3,3,False,,Slightly better,"YouTube, Physical Notes",2026-02-02 12:38:59,Rajasthan,State University,B.Sc,2nd Year,7.0 – 8.0,4 – 6 hours,"Coursera / Udemy / edX, ChatGPT / AI tools, Notion / Anki / Obsidian, College LMS, Physical notes",5,,,,,,,,
1386,e14fc3506630213cf4dbb3dddf035e19aad46cfaf81f1761b7791f1f48a64d67,2026-02-26 11:20:45,Week 4,41,4 – 6 hours,3,2,Sometimes,"ChatGPT, Google Gemini, Microsoft Copilot, Claude",3 – 6,3,NaN,4,3,False,,Slightly better,"YouTube, Physical Notes",2026-02-02 12:45:31,Madhya Pradesh,Central University,B.Tech,3rd Year,8.0 – 9.0,2 – 4 hours,"ChatGPT / AI tools, WhatsApp / Telegram",2,,,,,,,,
1387,7b5c4bd7d59556f437489bc9729a8c19655b90085e45e8dff621cf66913fc521,2026-02-26 11:21:36,Week 4,46,4 – 6 hours,3,3,Sometimes,"ChatGPT, Google Gemini, Microsoft Copilot",6 – 10,3,NaN,3,3,False,,Slightly better,"YouTube, Physical Notes",2026-02-23 10:13:22,Kerala,State University,B.Tech,3rd Year,Prefer not to say,2 – 4 hours,"YouTube, NPTEL / SWAYAM, Coursera / Udemy / edX, ChatGPT / AI tools, Notion / Anki / Obsidian, College LMS, WhatsApp / Telegram, Physical notes",8,,,,,,,,
1388,27d91473394ea1f8f97a8f1740492902f4ab1abbfe0b003e4536904eaba6dca0,2026-02-26 11:22:26,Week 4,35,4 – 6 hours,3,3,Rarely,"ChatGPT, Google Gemini, Microsoft Copilot, Claude",3 – 6,3,NaN,2,3,False,,Slightly better,College LMS,2026-01-31 18:43:28,Tamil Nadu,IIT / NIT,B.Tech,3rd Year,7.0 – 8.0,2 – 4 hours,"YouTube, NPTEL / SWAYAM, Coursera / Udemy / edX, ChatGPT / AI tools, Notion / Anki / Obsidian, College LMS, WhatsApp / Telegram, Physical notes",8,,,,,,,,
1389,0e155a1241bd00b2d588262223a52e0f8a911a4000092f096e6968dccae9e61b,2026-02-26 11:23:50,Week 4,43,4 – 6 hours,3,2,Sometimes,"ChatGPT, Google Gemini, Microsoft Copilot, Claude",3 – 6,2,NaN,4,4,False,,Slightly better,"YouTube, Physical Notes",2026-02-03 11:16:29,Tamil Nadu,IIT / NIT,B.Tech,4th Year,8.0 – 9.0,2 – 4 hours,"ChatGPT / AI tools, College LMS",2,,,,,,,,
1390,26234105c87439e0dc4fb999632d3a5406775cc0728c26840e4a6b26d071341b,2026-02-26 11:24:37,Week 4,35,4 – 6 hours,2,3,Rarely,"ChatGPT, Google Gemini, Microsoft Copilot",1 – 3,2,NaN,3,4,False,,Slightly worse,"YouTube, Physical Notes",2026-01-12 20:18:58,Tamil Nadu,Private University,B.Tech,2nd Year,6.0 – 7.0,0 – 2 hours,"YouTube, ChatGPT / AI tools, College LMS",3,,,,,,,,
1391,9f7b57d47f3cd447af0a85a35c1ce5b1287d471159595088cd7493a849b93059,2026-02-26 11:26:41,Week 4,34,2 – 4 hours,2,3,Sometimes,"ChatGPT, Google Gemini, Microsoft Copilot, Claude, Perplexity AI",3 – 6,3,NaN,3,3,False,,Slightly better,"YouTube, Physical Notes",2026-02-02 12:38:26,Punjab,Central University,B.Tech,1st Year,6.0 – 7.0,4 – 6 hours,"YouTube, NPTEL / SWAYAM, Coursera / Udemy / edX, ChatGPT / AI tools, College LMS, WhatsApp / Telegram",6,,,,,,,,
1392,74d72de1f5b196019d5bbe209db2b90401f5ea949cebbdda60ac6b0f71acb482,2026-02-26 11:27:38,Week 4,35,4 – 6 hours,3,3,Sometimes,"ChatGPT, Google Gemini, Microsoft Copilot",3 – 6,3,NaN,2,2,False,,Slightly better,"YouTube, Physical Notes",2026-02-02 12:43:28,Madhya Pradesh,Central University,B.Tech,2nd Year,6.0 – 7.0,2 – 4 hours,"YouTube, ChatGPT / AI tools",2,,,,,,,,
1393,0e155a1241bd00b2d588262223a52e0f8a911a4000092f096e6968dccae9e61b,2026-02-26 11:28:27,Week 4,34,2 – 4 hours,2,2,Sometimes,"ChatGPT, Google Gemini, Microsoft Copilot",6 – 10,3,NaN,3,3,False,,Slightly worse,"YouTube, WhatsApp / Telegram (for study purposes)",2026-02-03 11:16:29,Tamil Nadu,IIT / NIT,B.Tech,4th Year,8.0 – 9.0,2 – 4 hours,"ChatGPT / AI tools, College LMS",2,,,,,,,,
1394,8ded4921661c4a18e633a572258dbd0f9a2c004f4aa3e9e2057a670d47566de6,2026-02-26 11:29:18,Week 4,35,4 – 6 hours,3,3,Rarely,"ChatGPT, Google Gemini, Microsoft Copilot, Claude",3 – 6,2,NaN,2,3,False,,Slightly better,"YouTube, Physical Notes",2026-02-03 11:19:03,Kerala,Private University,B.Sc,3rd Year,Prefer not to say,2 – 4 hours,"NPTEL / SWAYAM, WhatsApp / Telegram, Physical notes",3,,,,,,,,
1395,1dd2975d45d1e27948cae456e3827e3b50778c013fecee985fb0422f4a492ba2,2026-02-26 11:30:03,Week 4,45,4 – 6 hours,3,2,Sometimes,"ChatGPT, Google Gemini, Microsoft Copilot",3 – 6,3,NaN,2,3,False,,Slightly worse,"YouTube, WhatsApp / Telegram (for study purposes)",2026-02-19 13:17:59,Andhra Pradesh,State University,B.Tech,2nd Year,7.0 – 8.0,6+ hours,"YouTube, NPTEL / SWAYAM, Coursera / Udemy / edX, ChatGPT / AI tools, Notion / Anki / Obsidian, College LMS, WhatsApp / Telegram, Physical notes",8,,,,,,,,
1396,3d83828233d057f5e1e37a4c9e784850077d6638768e69b0f6b5d4e5e2dfc994,2026-02-26 11:30:50,Week 4,45,4 – 6 hours,3,2,Sometimes,"ChatGPT, Google Gemini, Microsoft Copilot",6 – 10,2,NaN,2,3,False,,Slightly better,"YouTube, Physical Notes",2026-01-12 21:41:37,Tamil Nadu,Private University,B.Tech,3rd Year,8.0 – 9.0,0 – 2 hours,"YouTube, ChatGPT / AI tools",2,,,,,,,,
1397,794e3ecad2e18d7bce8d1013a9e08fe529cc63443905f9864cedec22f7a9459b,2026-02-26 11:31:43,Week 4,34,4 – 6 hours,3,3,Sometimes,"ChatGPT, Google Gemini, Microsoft Copilot, Claude, Perplexity AI",3 – 6,4,NaN,3,2,False,,Slightly better,"YouTube, Physical Notes",2025-12-27 12:35:23,Tamil Nadu,Deemed University,B.Tech,3rd Year,6.0 – 7.0,0 – 2 hours,"YouTube, ChatGPT / AI tools",2,,,,,,,,
1398,48cdb835c278ac6b10eed195f85632896d3be15d20d75197a0b916b2395939a6,2026-02-26 11:32:30,Week 4,45,4 – 6 hours,4,2,Sometimes,"ChatGPT, Google Gemini, Microsoft Copilot",3 – 6,3,NaN,2,3,False,,Slightly better,"YouTube, Physical Notes",2026-01-27 00:18:46,Telangana,IIT / NIT,B.Sc,3rd Year,7.0 – 8.0,0 – 2 hours,"YouTube, NPTEL / SWAYAM, ChatGPT / AI tools, WhatsApp / Telegram, Physical notes only",5,,,,,,,,
1399,794e3ecad2e18d7bce8d1013a9e08fe529cc63443905f9864cedec22f7a9459b,2026-02-26 11:33:22,Week 4,46,4 – 6 hours,3,2,Sometimes,"ChatGPT, Google Gemini, Microsoft Copilot, QuillBot",3 – 6,3,NaN,2,2,False,,Slightly better,"YouTube, College LMS",2025-12-27 12:35:23,Tamil Nadu,Deemed University,B.Tech,3rd Year,6.0 – 7.0,0 – 2 hours,"YouTube, ChatGPT / AI tools",2,,,,,,,,
1400,1ad669ada84e5263e09135c0723aae8e30fcb58819e440892efde165dd587a5e,2026-02-26 11:34:07,Week 4,33,2 – 4 hours,3,2,Sometimes,"ChatGPT, Google Gemini, Microsoft Copilot, Grammarly, QuillBot",3 – 6,3,NaN,3,3,False,,Slightly better,"YouTube, College LMS",2026-02-03 11:18:21,Karnataka,State University,BBA,3rd Year,7.0 – 8.0,2 – 4 hours,"YouTube, Coursera / Udemy / edX",2,,,,,,,,
1401,16a56bf3b362259b32e3bc7d18a95d94213241560809ad3c4d5ddba644365acb,2026-02-26 11:34:51,Week 4,43,4 – 6 hours,3,2,Sometimes,"ChatGPT, Google Gemini, Grammarly, QuillBot",3 – 6,2,NaN,3,3,False,,Slightly better,"YouTube, WhatsApp / Telegram (for study purposes)",2026-02-19 13:19:58,Tamil Nadu,State University,B.Sc,2nd Year,8.0 – 9.0,2 – 4 hours,"YouTube, NPTEL / SWAYAM, Coursera / Udemy / edX, ChatGPT / AI tools, Notion / Anki / Obsidian",5,,,,,,,,
1402,f8ecea41f5799921e46e5d82b8d41d92dba1fca7a66ca63506cc3c0aab382672,2026-02-26 11:35:36,Week 4,42,4 – 6 hours,3,3,Often,"ChatGPT, Google Gemini, GitHub Copilot",6 – 10,3,NaN,2,3,False,,Slightly better,"YouTube, WhatsApp / Telegram (for study purposes)",2026-01-27 17:56:30,Uttar Pradesh,Central University,B.Tech,4th Year,7.0 – 8.0,4 – 6 hours,"YouTube, NPTEL / SWAYAM, Coursera / Udemy / edX, ChatGPT / AI tools, Notion / Anki / Obsidian",5,,,,,,,,
1403,a091d9857e1b26dac9ad43d43de3cfab7f19df9cadb73e095b0b4a74a5e9bc3d,2026-02-26 11:36:40,Week 4,46,4 – 6 hours,3,3,Rarely,"ChatGPT, Google Gemini, Microsoft Copilot, Claude, Perplexity AI, QuillBot, GitHub Copilot",3 – 6,3,NaN,3,3,False,,Slightly better,"YouTube, College LMS",2026-01-27 19:47:23,Tamil Nadu,Deemed University,B.Tech,4th Year,9.0+,0 – 2 hours,"YouTube, ChatGPT / AI tools, WhatsApp / Telegram",3,,,,,,,,
1404,16a56bf3b362259b32e3bc7d18a95d94213241560809ad3c4d5ddba644365acb,2026-02-26 11:37:27,Week 4,44,4 – 6 hours,3,3,Sometimes,"ChatGPT, Google Gemini, Microsoft Copilot",3 – 6,2,NaN,3,3,False,,Slightly better,"YouTube, WhatsApp / Telegram (for study purposes), Physical Notes",2026-02-19 13:19:58,Tamil Nadu,State University,B.Sc,2nd Year,8.0 – 9.0,2 – 4 hours,"YouTube, NPTEL / SWAYAM, Coursera / Udemy / edX, ChatGPT / AI tools, Notion / Anki / Obsidian",5,,,,,,,,
1405,48cdb835c278ac6b10eed195f85632896d3be15d20d75197a0b916b2395939a6,2026-02-26 11:38:16,Week 4,32,4 – 6 hours,2,2,Sometimes,"ChatGPT, Google Gemini, Microsoft Copilot",3 – 6,3,NaN,3,1,False,,Slightly better,"YouTube, Physical Notes",2026-01-27 00:18:46,Telangana,IIT / NIT,B.Sc,3rd Year,7.0 – 8.0,0 – 2 hours,"YouTube, NPTEL / SWAYAM, ChatGPT / AI tools, WhatsApp / Telegram, Physical notes only",5,,,,,,,,
1406,2b17d11e7d9c1af7a7fed72e60e90a5ee797f0b6e0cc8645592f6fdc2ad13cd2,2026-02-26 11:39:09,Week 4,43,4 – 6 hours,3,2,Sometimes,"ChatGPT, Google Gemini, Microsoft Copilot",1 – 3,2,NaN,2,2,False,,Slightly better,"YouTube, WhatsApp / Telegram (for study purposes)",2026-01-31 18:51:00,Tamil Nadu,State University,B.Tech,1st Year,6.0 – 7.0,2 – 4 hours,"YouTube, Coursera / Udemy / edX, ChatGPT / AI tools, Notion / Anki / Obsidian, WhatsApp / Telegram",5,,,,,,,,
1407,f72f420debc36def28125c58c71822ce49043914a9406e73923965f87c8cb669,2026-02-26 11:39:55,Week 4,44,4 – 6 hours,3,3,Rarely,"ChatGPT, Google Gemini, Microsoft Copilot",3 – 6,4,NaN,3,3,False,,Slightly better,"YouTube, WhatsApp / Telegram (for study purposes)",2026-01-12 23:37:58,Karnataka,Private University,BA,3rd Year,8.0 – 9.0,0 – 2 hours,"YouTube, ChatGPT / AI tools, WhatsApp / Telegram, Physical notes only",4,,,,,,,,
1408,781a9f368166d71405348c3b65fa0645e7cab12d017be1e369eb8d7a5cd5fb1d,2026-02-26 11:40:43,Week 4,44,4 – 6 hours,3,3,Sometimes,"ChatGPT, Google Gemini, Microsoft Copilot",3 – 6,3,NaN,3,2,False,,Slightly better,"YouTube, WhatsApp / Telegram (for study purposes)",2026-02-02 12:40:04,Maharashtra,IIT / NIT,B.Com,4th Year,7.0 – 8.0,2 – 4 hours,"YouTube, NPTEL / SWAYAM, Coursera / Udemy / edX, ChatGPT / AI tools, Notion / Anki / Obsidian, College LMS, WhatsApp / Telegram, Physical notes",8,,,,,,,,
1409,caf626adf6b1139006e560ca8cc80b33ca449dfd93d89557b2b5dca8a09ea07f,2026-02-26 11:41:27,Week 4,33,2 – 4 hours,3,2,Sometimes,"ChatGPT, Google Gemini, Microsoft Copilot",3 – 6,2,NaN,4,1,False,,Slightly better,"YouTube, WhatsApp / Telegram (for study purposes)",2026-02-23 10:06:05,Karnataka,Private University,BA,3rd Year,7.0 – 8.0,2 – 4 hours,"YouTube, NPTEL / SWAYAM, Coursera / Udemy / edX, ChatGPT / AI tools, Notion / Anki / Obsidian, WhatsApp / Telegram",6,,,,,,,,
1410,ef4aca4b5a9ddc8cfe1cda04eef5cb540a47e603dac29e3f59b7bdd1a387191d,2026-02-26 11:42:25,Week 4,47,4 – 6 hours,3,3,Rarely,"ChatGPT, Google Gemini, Microsoft Copilot",3 – 6,2,NaN,3,3,False,,Slightly better,"YouTube, WhatsApp / Telegram (for study purposes)",2026-02-02 12:52:17,Maharashtra,Private University,B.Tech,Others,6.0 – 7.0,2 – 4 hours,"YouTube, ChatGPT / AI tools",2,,,,,,,,
1411,5e849a6892d6df48c1362529cab706d619efa96a172b3f715bc1f5ccd5ca61ec,2026-02-26 11:43:07,Week 4,55,4 – 6 hours,3,4,Rarely,"ChatGPT, Google Gemini, Microsoft Copilot, Claude",6 – 10,3,NaN,3,3,False,,Slightly better,"YouTube, WhatsApp / Telegram (for study purposes)",2026-02-02 13:01:28,Uttar Pradesh,IIT / NIT,BA,Others,8.0 – 9.0,2 – 4 hours,"YouTube, ChatGPT / AI tools",2,,,,,,,,
1412,b9c03c59028b4485073ac377b7c14dfe728898b0dccd931ebc2eea5d5b1d746a,2026-02-26 11:44:03,Week 4,54,4 – 6 hours,3,3,Rarely,"ChatGPT, Google Gemini, Microsoft Copilot",1 – 3,4,NaN,3,3,False,,Slightly better,"YouTube, WhatsApp / Telegram (for study purposes)",2025-12-27 14:52:29,Tamil Nadu,Central University,B.Tech,3rd Year,8.0 – 9.0,2 – 4 hours,"ChatGPT / AI tools, College LMS, WhatsApp / Telegram",3,,,,,,,,
1413,a091d9857e1b26dac9ad43d43de3cfab7f19df9cadb73e095b0b4a74a5e9bc3d,2026-02-26 11:45:19,Week 4,50,4 – 6 hours,3,3,Rarely,"ChatGPT, Google Gemini, Microsoft Copilot, Claude, Perplexity AI",1 – 3,2,NaN,3,4,False,,Slightly better,"YouTube, WhatsApp / Telegram (for study purposes), Physical Notes",2026-01-27 19:47:23,Tamil Nadu,Deemed University,B.Tech,4th Year,9.0+,0 – 2 hours,"YouTube, ChatGPT / AI tools, WhatsApp / Telegram",3,,,,,,,,
1414,2b17d11e7d9c1af7a7fed72e60e90a5ee797f0b6e0cc8645592f6fdc2ad13cd2,2026-02-26 11:46:12,Week 4,33,2 – 4 hours,2,3,Sometimes,"ChatGPT, Google Gemini, Microsoft Copilot",3 – 6,2,NaN,4,3,False,,Slightly better,"YouTube, WhatsApp / Telegram (for study purposes), Physical Notes",2026-01-31 18:51:00,Tamil Nadu,State University,B.Tech,1st Year,6.0 – 7.0,2 – 4 hours,"YouTube, Coursera / Udemy / edX, ChatGPT / AI tools, Notion / Anki / Obsidian, WhatsApp / Telegram",5,,,,,,,,
1415,794e3ecad2e18d7bce8d1013a9e08fe529cc63443905f9864cedec22f7a9459b,2026-02-26 11:47:09,Week 4,44,4 – 6 hours,2,3,Rarely,"ChatGPT, Google Gemini, Microsoft Copilot, Claude",3 – 6,3,NaN,3,2,False,,Slightly better,"YouTube, Physical Notes",2025-12-27 12:35:23,Tamil Nadu,Deemed University,B.Tech,3rd Year,6.0 – 7.0,0 – 2 hours,"YouTube, ChatGPT / AI tools",2,,,,,,,,
1416,522e39ae01bce33e97b085b9517a3680984adf0d38e718487e3314eb74127ab2,2026-02-26 11:47:59,Week 4,44,4 – 6 hours,3,3,Often,"ChatGPT, Google Gemini, Microsoft Copilot, Claude",3 – 6,3,NaN,3,3,False,,Slightly better,"YouTube, WhatsApp / Telegram (for study purposes)",2026-01-31 18:48:52,Tamil Nadu,State University,B.Tech,2nd Year,Below 6.0,0 – 2 hours,"YouTube, ChatGPT / AI tools, WhatsApp / Telegram",3,,,,,,,,
1417,6cdee50dedfbbd1a46317cf81321165ab42071b577d2f1514daac32cb4160095,2026-02-26 11:48:57,Week 4,41,4 – 6 hours,3,2,Sometimes,"ChatGPT, Google Gemini, Microsoft Copilot, Claude",3 – 6,3,NaN,4,3,False,,Slightly better,"YouTube, WhatsApp / Telegram (for study purposes)",2026-02-02 12:39:28,Gujarat,Private University,B.Tech,3rd Year,8.0 – 9.0,6+ hours,NaN,1,,,,,,,,
1418,86b1b7c8fd97ac6aa33f3f67e3c3652ee35ae2226cc4798385726481eea05f57,2026-02-26 11:50:14,Week 4,33,2 – 4 hours,2,3,Rarely,"ChatGPT, Google Gemini, Microsoft Copilot",3 – 6,1,NaN,2,2,False,,Slightly better,"YouTube, College LMS",2026-01-31 18:50:27,Tamil Nadu,Central University,B.Tech,1st Year,7.0 – 8.0,0 – 2 hours,"YouTube, ChatGPT / AI tools, College LMS, WhatsApp / Telegram",4,,,,,,,,
1419,26234105c87439e0dc4fb999632d3a5406775cc0728c26840e4a6b26d071341b,2026-02-26 11:51:05,Week 4,44,4 – 6 hours,2,3,Sometimes,"ChatGPT, Google Gemini, Microsoft Copilot",3 – 6,3,NaN,2,2,False,,Slightly better,"YouTube, College LMS, WhatsApp / Telegram (for study purposes)",2026-01-12 20:18:58,Tamil Nadu,Private University,B.Tech,2nd Year,6.0 – 7.0,0 – 2 hours,"YouTube, ChatGPT / AI tools, College LMS",3,,,,,,,,
1420,16a56bf3b362259b32e3bc7d18a95d94213241560809ad3c4d5ddba644365acb,2026-02-26 11:51:53,Week 4,43,4 – 6 hours,3,2,Sometimes,"ChatGPT, Google Gemini, Microsoft Copilot",3 – 6,2,NaN,3,2,False,,Slightly better,"YouTube, WhatsApp / Telegram (for study purposes)",2026-02-19 13:19:58,Tamil Nadu,State University,B.Sc,2nd Year,8.0 – 9.0,2 – 4 hours,"YouTube, NPTEL / SWAYAM, Coursera / Udemy / edX, ChatGPT / AI tools, Notion / Anki / Obsidian",5,,,,,,,,
1421,e8386eec4c2f671d625ec0a877e0c9af57a196443df6751cfd908bc4bb188c51,2026-02-26 11:52:52,Week 4,45,4 – 6 hours,2,2,Sometimes,"ChatGPT, QuillBot",3 – 6,3,NaN,3,3,False,,Slightly better,"YouTube, College LMS",2026-01-31 18:42:45,Kerala,State University,B.Com,2nd Year,Prefer not to say,2 – 4 hours,"YouTube, NPTEL / SWAYAM, Coursera / Udemy / edX, Notion / Anki / Obsidian, Physical notes",5,,,,,,,,
1422,ea6dc2fae8a61411b9d6de51699ca6787330c0036ffedddf4a649648fefe8732,2026-02-26 11:53:38,Week 4,44,2 – 4 hours,3,3,Rarely,"ChatGPT, Google Gemini, Microsoft Copilot, Claude",3 – 6,3,NaN,3,2,False,,Slightly better,"YouTube, WhatsApp / Telegram (for study purposes)",2026-01-31 18:48:18,Andhra Pradesh,Private University,B.Tech,4th Year,7.0 – 8.0,2 – 4 hours,"YouTube, ChatGPT / AI tools, College LMS, WhatsApp / Telegram",4,,,,,,,,
1423,794e3ecad2e18d7bce8d1013a9e08fe529cc63443905f9864cedec22f7a9459b,2026-02-26 16:28:05,Week 1,0,0 – 2 hours,1,1,Never,"ChatGPT, Google Gemini, Microsoft Copilot",1 – 3,4,Health / stress issues,1,2,False,,About the same,YouTube,2025-12-27 12:35:23,Tamil Nadu,Deemed University,B.Tech,3rd Year,6.0 – 7.0,0 – 2 hours,"YouTube, ChatGPT / AI tools",2,,,,,,,,
1424,f72f420debc36def28125c58c71822ce49043914a9406e73923965f87c8cb669,2026-03-01 20:17:48,Week 6,5,0 – 2 hours,4,1,Never,ChatGPT,3 – 6,4,NaN,4,4,False,,About the same,WhatsApp / Telegram (for study purposes),2026-01-12 23:37:58,Karnataka,Private University,BA,3rd Year,8.0 – 9.0,0 – 2 hours,"YouTube, ChatGPT / AI tools, WhatsApp / Telegram, Physical notes only",4,,,,,,,,
1425,16a56bf3b362259b32e3bc7d18a95d94213241560809ad3c4d5ddba644365acb,2026-03-05 16:57:48,Week 1,7,2 – 4 hours,2,2,Never,"ChatGPT, Google Gemini, Claude, QuillBot",3 – 6,2,"No quiet study space, Health / stress issues",2,2,False,70.0,Much worse,NaN,2026-02-19 13:19:58,Tamil Nadu,State University,B.Sc,2nd Year,8.0 – 9.0,2 – 4 hours,"YouTube, NPTEL / SWAYAM, Coursera / Udemy / edX, ChatGPT / AI tools, Notion / Anki / Obsidian",5,,,,,,,,
1426,d2db0cecaf1edf2f34e8fcb492052acd27453600c6cc493e25700d9c3b289761,2026-03-05 16:58:48,Week 1,4,2 – 4 hours,3,3,Sometimes,"ChatGPT, Google Gemini",3 – 6,3,Mobile-only access,2,2,False,,Slightly worse,College LMS,2026-02-02 12:56:07,Uttar Pradesh,IIT / NIT,Other,2nd Year,Prefer not to say,2 – 4 hours,"YouTube, Coursera / Udemy / edX",2,,,,,,,,
1427,3a16c6fa9dbc26f91e12cdd112bec4f2953a34f47097d3424e3f551bb022a684,2026-03-05 16:59:42,Week 1,4,2 – 4 hours,3,2,Rarely,"ChatGPT, Google Gemini",1 – 3,2,"Poor internet, Mobile-only access",2,2,False,,Slightly worse,"NPTEL / SWAYAM, College LMS",2026-01-31 18:44:48,Tamil Nadu,Private University,BBA,1st Year,6.0 – 7.0,0 – 2 hours,"YouTube, Coursera / Udemy / edX, ChatGPT / AI tools, College LMS, WhatsApp / Telegram, Physical notes",6,,,,,,,,
1428,ea6dc2fae8a61411b9d6de51699ca6787330c0036ffedddf4a649648fefe8732,2026-03-05 17:00:39,Week 1,3,2 – 4 hours,2,3,Rarely,"ChatGPT, Google Gemini",3 – 6,2,"Mobile-only access, No quiet study space",2,2,False,,Slightly worse,"YouTube, NPTEL / SWAYAM, Coursera / Udemy / edX",2026-01-31 18:48:18,Andhra Pradesh,Private University,B.Tech,4th Year,7.0 – 8.0,2 – 4 hours,"YouTube, ChatGPT / AI tools, College LMS, WhatsApp / Telegram",4,,,,,,,,
1429,2b17d11e7d9c1af7a7fed72e60e90a5ee797f0b6e0cc8645592f6fdc2ad13cd2,2026-03-05 17:01:25,Week 1,3,2 – 4 hours,2,2,Rarely,"ChatGPT, Google Gemini",1 – 3,2,"Poor internet, Mobile-only access",2,2,False,,Slightly worse,"YouTube, NPTEL / SWAYAM, Coursera / Udemy / edX",2026-01-31 18:51:00,Tamil Nadu,State University,B.Tech,1st Year,6.0 – 7.0,2 – 4 hours,"YouTube, Coursera / Udemy / edX, ChatGPT / AI tools, Notion / Anki / Obsidian, WhatsApp / Telegram",5,,,,,,,,
1430,e9f047d3c2da21e5de56f3abab5c156cedf45843e25e1cc9c00e542a0848fb89,2026-03-05 17:03:10,Week 2,6,2 – 4 hours,2,2,Sometimes,"ChatGPT, Google Gemini, Claude",3 – 6,3,"Poor internet, Mobile-only access, No quiet study space",3,3,False,,About the same,"YouTube, NPTEL / SWAYAM, College LMS",2026-02-23 10:04:41,Andhra Pradesh,Central University,B.Tech,2nd Year,7.0 – 8.0,0 – 2 hours,"YouTube, NPTEL / SWAYAM, Coursera / Udemy / edX, Notion / Anki / Obsidian, WhatsApp / Telegram",5,,,,,,,,
1431,d2db0cecaf1edf2f34e8fcb492052acd27453600c6cc493e25700d9c3b289761,2026-03-05 17:04:26,Week 2,13,2 – 4 hours,3,4,Often,"ChatGPT, Google Gemini",6 – 10,5,"No quiet study space, Health / stress issues, None",5,5,False,,Slightly better,"YouTube, NPTEL / SWAYAM",2026-02-02 12:56:07,Uttar Pradesh,IIT / NIT,Other,2nd Year,Prefer not to say,2 – 4 hours,"YouTube, Coursera / Udemy / edX",2,,,,,,,,
1432,8ded4921661c4a18e633a572258dbd0f9a2c004f4aa3e9e2057a670d47566de6,2026-03-05 17:05:29,Week 1,30,4 – 6 hours,4,4,Always,"ChatGPT, Claude, Canva AI",6 – 10,3,Health / stress issues,3,3,False,80.0,Slightly worse,YouTube,2026-02-03 11:19:03,Kerala,Private University,B.Sc,3rd Year,Prefer not to say,2 – 4 hours,"NPTEL / SWAYAM, WhatsApp / Telegram, Physical notes",3,,,,,,,,
1433,ea6dc2fae8a61411b9d6de51699ca6787330c0036ffedddf4a649648fefe8732,2026-03-05 17:06:14,Week 2,20,6+ hours,5,5,Often,"ChatGPT, Google Gemini",6 – 10,4,"Poor internet, Mobile-only access",4,4,False,,Slightly better,"YouTube, NPTEL / SWAYAM, Coursera / Udemy / edX",2026-01-31 18:48:18,Andhra Pradesh,Private University,B.Tech,4th Year,7.0 – 8.0,2 – 4 hours,"YouTube, ChatGPT / AI tools, College LMS, WhatsApp / Telegram",4,,,,,,,,
1434,219d4ac6903fffab5ab1d64d6ed0b331adcc691f0e116fb7f62cefba91f7b0ec,2026-03-05 17:07:04,Week 2,20,6+ hours,5,5,Sometimes,"ChatGPT, Google Gemini, Microsoft Copilot, Claude",6 – 10,4,"Poor internet, Mobile-only access",5,5,False,,About the same,"YouTube, College LMS",2025-12-26 18:34:24,Andhra Pradesh,Private University,B.Tech,3rd Year,9.0+,0 – 2 hours,ChatGPT / AI tools,1,,,,,,,,
1435,d2db0cecaf1edf2f34e8fcb492052acd27453600c6cc493e25700d9c3b289761,2026-03-05 17:07:50,Week 3,3,0 – 2 hours,2,1,Never,"ChatGPT, Google Gemini",1 – 3,1,Poor internet,1,1,False,,Much worse,College LMS,2026-02-02 12:56:07,Uttar Pradesh,IIT / NIT,Other,2nd Year,Prefer not to say,2 – 4 hours,"YouTube, Coursera / Udemy / edX",2,,,,,,,,
1436,266344e1c50b449d6d5dbec5b4b1af3236f13cc0b97871acccf3da3697283f82,2026-03-05 17:08:35,Week 3,2,0 – 2 hours,2,2,Rarely,Google Gemini,1 – 3,2,"Mobile-only access, No quiet study space",2,1,False,,Slightly worse,Coursera / Udemy / edX,2026-01-16 12:24:26,Tamil Nadu,Private University,B.Tech,3rd Year,9.0+,2 – 4 hours,"YouTube, ChatGPT / AI tools, Notion / Anki / Obsidian, WhatsApp / Telegram",4,,,,,,,,
1437,266344e1c50b449d6d5dbec5b4b1af3236f13cc0b97871acccf3da3697283f82,2026-03-05 17:08:36,Week 1,39,4 – 6 hours,4,3,Sometimes,"ChatGPT, Claude",6 – 10,4,Poor internet,4,4,False,,Slightly better,"YouTube, College LMS",2026-01-16 12:24:26,Tamil Nadu,Private University,B.Tech,3rd Year,9.0+,2 – 4 hours,"YouTube, ChatGPT / AI tools, Notion / Anki / Obsidian, WhatsApp / Telegram",4,,,,,,,,
1438,caf626adf6b1139006e560ca8cc80b33ca449dfd93d89557b2b5dca8a09ea07f,2026-03-05 17:09:59,Week 3,5,0 – 2 hours,2,2,Rarely,Google Gemini,1 – 3,2,Poor internet,2,3,False,,Much worse,NPTEL / SWAYAM,2026-02-23 10:06:05,Karnataka,Private University,BA,3rd Year,7.0 – 8.0,2 – 4 hours,"YouTube, NPTEL / SWAYAM, Coursera / Udemy / edX, ChatGPT / AI tools, Notion / Anki / Obsidian, WhatsApp / Telegram",6,,,,,,,,
1439,16a56bf3b362259b32e3bc7d18a95d94213241560809ad3c4d5ddba644365acb,2026-03-05 17:10:05,Week 1,22,4 – 6 hours,4,4,Never,"ChatGPT, Google Gemini",6 – 10,4,Poor internet,4,3,False,66.0,About the same,NPTEL / SWAYAM,2026-02-19 13:19:58,Tamil Nadu,State University,B.Sc,2nd Year,8.0 – 9.0,2 – 4 hours,"YouTube, NPTEL / SWAYAM, Coursera / Udemy / edX, ChatGPT / AI tools, Notion / Anki / Obsidian",5,,,,,,,,
1440,27d91473394ea1f8f97a8f1740492902f4ab1abbfe0b003e4536904eaba6dca0,2026-03-05 17:11:27,Week 3,3,2 – 4 hours,1,2,Rarely,"Claude, QuillBot",1 – 3,3,"Poor internet, Mobile-only access, No quiet study space, Health / stress issues, None",2,2,False,,Slightly worse,"Notion / Anki / Obsidian, Physical Notes",2026-01-31 18:43:28,Tamil Nadu,IIT / NIT,B.Tech,3rd Year,7.0 – 8.0,2 – 4 hours,"YouTube, NPTEL / SWAYAM, Coursera / Udemy / edX, ChatGPT / AI tools, Notion / Anki / Obsidian, College LMS, WhatsApp / Telegram, Physical notes",8,,,,,,,,
1441,8ded4921661c4a18e633a572258dbd0f9a2c004f4aa3e9e2057a670d47566de6,2026-03-05 17:11:45,Week 2,35,4 – 6 hours,4,4,Often,"ChatGPT, Perplexity AI",6 – 10,4,Mobile-only access,4,4,False,75.0,About the same,"YouTube, NPTEL / SWAYAM",2026-02-03 11:19:03,Kerala,Private University,B.Sc,3rd Year,Prefer not to say,2 – 4 hours,"NPTEL / SWAYAM, WhatsApp / Telegram, Physical notes",3,,,,,,,,
1442,ea6dc2fae8a61411b9d6de51699ca6787330c0036ffedddf4a649648fefe8732,2026-03-05 17:13:19,Week 3,8,2 – 4 hours,2,3,Never,"ChatGPT, Google Gemini, Microsoft Copilot, Claude, Perplexity AI, Grammarly, QuillBot, Notion AI, Jasper AI, GitHub Copilot, Codeium, Replit AI, Tabnine, Canva AI, DALL·E, Midjourney, Adobe Firefly, Khanmigo (Khan Academy AI)",1 – 3,1,"Poor internet, Mobile-only access, No quiet study space, Health / stress issues",1,1,False,,Much worse,"YouTube, NPTEL / SWAYAM, Coursera / Udemy / edX, College LMS, Notion / Anki / Obsidian, WhatsApp / Telegram (for study purposes), Physical Notes",2026-01-31 18:48:18,Andhra Pradesh,Private University,B.Tech,4th Year,7.0 – 8.0,2 – 4 hours,"YouTube, ChatGPT / AI tools, College LMS, WhatsApp / Telegram",4,,,,,,,,
1443,522e39ae01bce33e97b085b9517a3680984adf0d38e718487e3314eb74127ab2,2026-03-05 17:14:13,Week 2,49,4 – 6 hours,5,4,Often,"ChatGPT, Google Gemini",6 – 10,4,"Poor internet, Health / stress issues",4,5,False,70.0,Much better,"YouTube, NPTEL / SWAYAM",2026-01-31 18:48:52,Tamil Nadu,State University,B.Tech,2nd Year,Below 6.0,0 – 2 hours,"YouTube, ChatGPT / AI tools, WhatsApp / Telegram",3,,,,,,,,
1444,97b26b3698560201c1218be1d50871d93f4ae1f4a79deeb268b0ba686e43fdeb,2026-03-05 17:14:43,Week 4,0,0 – 2 hours,4,1,Rarely,"ChatGPT, Google Gemini, Claude, Perplexity AI",3 – 6,3,"Poor internet, Mobile-only access, No quiet study space, Health / stress issues",2,1,False,,Much worse,"College LMS, Notion / Anki / Obsidian",2025-12-26 07:18:01,Tamil Nadu,Deemed University,B.Tech,3rd Year,8.0 – 9.0,0 – 2 hours,"ChatGPT / AI tools, College LMS, WhatsApp / Telegram",3,,,,,,,,
1445,8ded4921661c4a18e633a572258dbd0f9a2c004f4aa3e9e2057a670d47566de6,2026-03-05 17:15:01,Week 2,55,4 – 6 hours,5,5,Always,"ChatGPT, Google Gemini",6 – 10,4,"Mobile-only access, No quiet study space",5,5,False,88.0,Much better,"YouTube, NPTEL / SWAYAM",2026-02-03 11:19:03,Kerala,Private University,B.Sc,3rd Year,Prefer not to say,2 – 4 hours,"NPTEL / SWAYAM, WhatsApp / Telegram, Physical notes",3,,,,,,,,
1446,27d91473394ea1f8f97a8f1740492902f4ab1abbfe0b003e4536904eaba6dca0,2026-03-05 17:15:53,Week 4,8,0 – 2 hours,3,2,Rarely,"ChatGPT, Claude",1 – 3,3,"Mobile-only access, No quiet study space",3,2,False,,Much worse,"YouTube, NPTEL / SWAYAM, Coursera / Udemy / edX, College LMS",2026-01-31 18:43:28,Tamil Nadu,IIT / NIT,B.Tech,3rd Year,7.0 – 8.0,2 – 4 hours,"YouTube, NPTEL / SWAYAM, Coursera / Udemy / edX, ChatGPT / AI tools, Notion / Anki / Obsidian, College LMS, WhatsApp / Telegram, Physical notes",8,,,,,,,,
1447,f72f420debc36def28125c58c71822ce49043914a9406e73923965f87c8cb669,2026-03-05 17:17:21,Week 4,14,0 – 2 hours,2,2,Rarely,"ChatGPT, Google Gemini",1 – 3,2,"Poor internet, Mobile-only access",2,2,False,,Much worse,"NPTEL / SWAYAM, Coursera / Udemy / edX, WhatsApp / Telegram (for study purposes)",2026-01-12 23:37:58,Karnataka,Private University,BA,3rd Year,8.0 – 9.0,0 – 2 hours,"YouTube, ChatGPT / AI tools, WhatsApp / Telegram, Physical notes only",4,,,,,,,,
1448,5e849a6892d6df48c1362529cab706d619efa96a172b3f715bc1f5ccd5ca61ec,2026-03-05 17:18:14,Week 4,4,2 – 4 hours,2,2,Sometimes,"ChatGPT, Google Gemini, Microsoft Copilot",3 – 6,2,"Poor internet, Mobile-only access, No quiet study space",3,3,False,,Slightly worse,"YouTube, College LMS",2026-02-02 13:01:28,Uttar Pradesh,IIT / NIT,BA,Others,8.0 – 9.0,2 – 4 hours,"YouTube, ChatGPT / AI tools",2,,,,,,,,
1449,781a9f368166d71405348c3b65fa0645e7cab12d017be1e369eb8d7a5cd5fb1d,2026-03-05 17:19:01,Week 4,10,2 – 4 hours,3,2,Never,"ChatGPT, Google Gemini, Microsoft Copilot, Claude",3 – 6,2,"Poor internet, Mobile-only access, No quiet study space, Health / stress issues",2,3,False,,Slightly worse,NaN,2026-02-02 12:40:04,Maharashtra,IIT / NIT,B.Com,4th Year,7.0 – 8.0,2 – 4 hours,"YouTube, NPTEL / SWAYAM, Coursera / Udemy / edX, ChatGPT / AI tools, Notion / Anki / Obsidian, College LMS, WhatsApp / Telegram, Physical notes",8,,,,,,,,
1450,f72f420debc36def28125c58c71822ce49043914a9406e73923965f87c8cb669,2026-03-05 17:19:53,Week 3,70,6+ hours,5,5,Always,"ChatGPT, Google Gemini",10+,5,NaN,5,3,False,77.0,Slightly better,YouTube,2026-01-12 23:37:58,Karnataka,Private University,BA,3rd Year,8.0 – 9.0,0 – 2 hours,"YouTube, ChatGPT / AI tools, WhatsApp / Telegram, Physical notes only",4,,,,,,,,
1451,16a56bf3b362259b32e3bc7d18a95d94213241560809ad3c4d5ddba644365acb,2026-03-05 17:20:52,Week 4,59,6+ hours,5,5,Always,"ChatGPT, Google Gemini",10+,5,Health / stress issues,5,5,False,78.0,Much better,"YouTube, NPTEL / SWAYAM",2026-02-19 13:19:58,Tamil Nadu,State University,B.Sc,2nd Year,8.0 – 9.0,2 – 4 hours,"YouTube, NPTEL / SWAYAM, Coursera / Udemy / edX, ChatGPT / AI tools, Notion / Anki / Obsidian",5,,,,,,,,
1452,2b17d11e7d9c1af7a7fed72e60e90a5ee797f0b6e0cc8645592f6fdc2ad13cd2,2026-03-05 17:21:43,Week 4,50,6+ hours,5,5,Sometimes,"ChatGPT, Google Gemini",10+,5,Poor internet,5,5,False,50.0,Slightly worse,YouTube,2026-01-31 18:51:00,Tamil Nadu,State University,B.Tech,1st Year,6.0 – 7.0,2 – 4 hours,"YouTube, Coursera / Udemy / edX, ChatGPT / AI tools, Notion / Anki / Obsidian, WhatsApp / Telegram",5,,,,,,,,
1453,7b5c4bd7d59556f437489bc9729a8c19655b90085e45e8dff621cf66913fc521,2026-03-05 17:22:39,Week 4,3,0 – 2 hours,1,1,Never,ChatGPT,1 – 3,2,Poor internet,1,1,False,34.0,Much worse,YouTube,2026-02-23 10:13:22,Kerala,State University,B.Tech,3rd Year,Prefer not to say,2 – 4 hours,"YouTube, NPTEL / SWAYAM, Coursera / Udemy / edX, ChatGPT / AI tools, Notion / Anki / Obsidian, College LMS, WhatsApp / Telegram, Physical notes",8,,,,,,,,
1454,81ddebb1fc0e6b009a5655dea87854093d1374914f03d128e615c955c9007504,2026-03-09 20:29:56,Week 7,1,0 – 2 hours,2,2,Never,ChatGPT,3 – 6,4,NaN,4,4,False,80.0,About the same,NaN,2026-01-12 20:20:23,Tamil Nadu,Private University,B.Tech,3rd Year,7.0 – 8.0,2 – 4 hours,"YouTube, ChatGPT / AI tools, WhatsApp / Telegram, Physical notes only",4,,,,,,,,
1455,a091d9857e1b26dac9ad43d43de3cfab7f19df9cadb73e095b0b4a74a5e9bc3d,2025-12-26 07:20:19,Week 1,18,0 – 2 hours,3,1,Often,"ChatGPT / AI tools, College LMS, WhatsApp / Telegram",6 – 10,4,"Poor internet, No quiet study space",3,4,False,70.0,About the same,NaN,2026-01-27 19:47:23,Tamil Nadu,Deemed University,B.Tech,4th Year,9.0+,0 – 2 hours,"YouTube, ChatGPT / AI tools, WhatsApp / Telegram",3,,,,,,,,
1456,e8386eec4c2f671d625ec0a877e0c9af57a196443df6751cfd908bc4bb188c51,2025-12-26 19:16:08,Week 1,0,6+ hours,5,1,Never,NaN,0,1,Poor internet,5,5,False,0.0,Much better,NaN,2026-01-31 18:42:45,Kerala,State University,B.Com,2nd Year,Prefer not to say,2 – 4 hours,"YouTube, NPTEL / SWAYAM, Coursera / Udemy / edX, Notion / Anki / Obsidian, Physical notes",5,,,,,,,,
1457,781a9f368166d71405348c3b65fa0645e7cab12d017be1e369eb8d7a5cd5fb1d,2025-12-27 12:32:17,Week 1,30,6+ hours,5,5,Always,"YouTube, NPTEL / SWAYAM, Coursera / Udemy / edX, ChatGPT / AI tools, Notion / Anki / Obsidian, College LMS, WhatsApp / Telegram, Physical notes only, None",3 – 6,5,No quiet study space,5,5,False,10.0,Much better,NaN,2026-02-02 12:40:04,Maharashtra,IIT / NIT,B.Com,4th Year,7.0 – 8.0,2 – 4 hours,"YouTube, NPTEL / SWAYAM, Coursera / Udemy / edX, ChatGPT / AI tools, Notion / Anki / Obsidian, College LMS, WhatsApp / Telegram, Physical notes",8,,,,,,,,
1458,f8041b50a2c1379ae1a539104ac8cfff2e7475d9225620826e59c80d286afe76,2025-12-27 12:37:17,Week 1,3,0 – 2 hours,3,1,Rarely,"YouTube, ChatGPT / AI tools, Physical notes only",3 – 6,3,"Poor internet, No quiet study space, Health / stress issues",2,1,False,70.0,Slightly worse,NaN,2026-01-31 18:25:54,Andhra Pradesh,Private University,B.Sc,3rd Year,7.0 – 8.0,0 – 2 hours,"YouTube, NPTEL / SWAYAM, Notion / Anki / Obsidian, College LMS, WhatsApp / Telegram",5,,,,,,,,
1459,27d91473394ea1f8f97a8f1740492902f4ab1abbfe0b003e4536904eaba6dca0,2025-12-27 14:54:03,Week 1,10,0 – 2 hours,2,1,Rarely,"Coursera / Udemy / edX, ChatGPT / AI tools, College LMS, WhatsApp / Telegram",3 – 6,4,"Poor internet, Mobile-only access, Health / stress issues",5,5,False,50.0,About the same,NaN,2026-01-31 18:43:28,Tamil Nadu,IIT / NIT,B.Tech,3rd Year,7.0 – 8.0,2 – 4 hours,"YouTube, NPTEL / SWAYAM, Coursera / Udemy / edX, ChatGPT / AI tools, Notion / Anki / Obsidian, College LMS, WhatsApp / Telegram, Physical notes",8,,,,,,,,
1460,86b1b7c8fd97ac6aa33f3f67e3c3652ee35ae2226cc4798385726481eea05f57,2025-12-29 14:24:18,Week 1,42,6+ hours,4,4,Often,"YouTube, Coursera / Udemy / edX, ChatGPT / AI tools, Notion / Anki / Obsidian, College LMS, WhatsApp / Telegram",6 – 10,5,NaN,5,3,False,85.0,Slightly better,NaN,2026-01-31 18:50:27,Tamil Nadu,Central University,B.Tech,1st Year,7.0 – 8.0,0 – 2 hours,"YouTube, ChatGPT / AI tools, College LMS, WhatsApp / Telegram",4,,,,,,,,
1461,97b26b3698560201c1218be1d50871d93f4ae1f4a79deeb268b0ba686e43fdeb,2026-01-12 20:21:27,Week 1,10,0 – 2 hours,3,1,Rarely,"ChatGPT, Google Gemini, Microsoft Copilot, Claude",3 – 6,3,"No quiet study space, Health / stress issues",3,5,False,85.0,About the same,"YouTube, College LMS, WhatsApp / Telegram (for study purposes), Physical Notes",2025-12-26 07:18:01,Tamil Nadu,Deemed University,B.Tech,3rd Year,8.0 – 9.0,0 – 2 hours,"ChatGPT / AI tools, College LMS, WhatsApp / Telegram",3,,,,,,,,
1462,f90ab6deefe14d178606a393182b36cdc645169d692772666b9c29214c2a4e40,2026-01-12 20:23:04,Week 1,4,0 – 2 hours,3,2,Often,"ChatGPT, Google Gemini, Perplexity AI",1 – 3,4,"Poor internet, No quiet study space",3,2,False,77.0,About the same,"YouTube, Coursera / Udemy / edX, WhatsApp / Telegram (for study purposes)",2026-02-05 21:56:57,Telangana,Private University,B.Tech,3rd Year,7.0 – 8.0,0 – 2 hours,"ChatGPT / AI tools, WhatsApp / Telegram",2,,,,,,,,
1463,26234105c87439e0dc4fb999632d3a5406775cc0728c26840e4a6b26d071341b,2026-01-12 21:35:58,Week 1,5,2 – 4 hours,2,1,Rarely,"ChatGPT, Google Gemini, Microsoft Copilot, Perplexity AI, GitHub Copilot",3 – 6,3,"Poor internet, Mobile-only access, No quiet study space",3,3,False,50.0,Slightly worse,"YouTube, NPTEL / SWAYAM, WhatsApp / Telegram (for study purposes), Physical Notes",2026-01-12 20:18:58,Tamil Nadu,Private University,B.Tech,2nd Year,6.0 – 7.0,0 – 2 hours,"YouTube, ChatGPT / AI tools, College LMS",3,,,,,,,,
1464,e8386eec4c2f671d625ec0a877e0c9af57a196443df6751cfd908bc4bb188c51,2026-01-12 21:44:30,Week 1,3,0 – 2 hours,1,1,Rarely,"ChatGPT, Google Gemini, Microsoft Copilot",1 – 3,3,NaN,2,2,False,,About the same,YouTube,2026-01-31 18:42:45,Kerala,State University,B.Com,2nd Year,Prefer not to say,2 – 4 hours,"YouTube, NPTEL / SWAYAM, Coursera / Udemy / edX, Notion / Anki / Obsidian, Physical notes",5,,,,,,,,
1465,caf626adf6b1139006e560ca8cc80b33ca449dfd93d89557b2b5dca8a09ea07f,2026-01-12 22:33:54,Week 1,5,0 – 2 hours,3,2,Sometimes,"ChatGPT, Perplexity AI, Replit AI",3 – 6,4,Poor internet,3,3,False,,About the same,YouTube,2026-02-23 10:06:05,Karnataka,Private University,BA,3rd Year,7.0 – 8.0,2 – 4 hours,"YouTube, NPTEL / SWAYAM, Coursera / Udemy / edX, ChatGPT / AI tools, Notion / Anki / Obsidian, WhatsApp / Telegram",6,,,,,,,,
1466,48cdb835c278ac6b10eed195f85632896d3be15d20d75197a0b916b2395939a6,2026-01-12 23:15:31,Week 1,2,0 – 2 hours,1,1,Never,"ChatGPT, Google Gemini",1 – 3,1,"Poor internet, No quiet study space",1,1,False,,Slightly worse,"YouTube, WhatsApp / Telegram (for study purposes), Physical Notes",2026-01-27 00:18:46,Telangana,IIT / NIT,B.Sc,3rd Year,7.0 – 8.0,0 – 2 hours,"YouTube, NPTEL / SWAYAM, ChatGPT / AI tools, WhatsApp / Telegram, Physical notes only",5,,,,,,,,
1467,219d4ac6903fffab5ab1d64d6ed0b331adcc691f0e116fb7f62cefba91f7b0ec,2026-01-13 19:46:14,Week 2,3,2 – 4 hours,3,3,Rarely,"ChatGPT, Perplexity AI",1 – 3,3,"No quiet study space, Health / stress issues",3,3,False,,About the same,"YouTube, College LMS, Notion / Anki / Obsidian",2025-12-26 18:34:24,Andhra Pradesh,Private University,B.Tech,3rd Year,9.0+,0 – 2 hours,ChatGPT / AI tools,1,,,,,,,,
1468,ad04e596e1af01ab238040c91de85cefe7f49fb2aabec57135e928a5ee02305e,2026-01-16 12:27:49,Week 1,14,2 – 4 hours,2,2,Rarely,"ChatGPT, Perplexity AI",3 – 6,4,"Mobile-only access, No quiet study space",2,4,False,,Much worse,"YouTube, Notion / Anki / Obsidian, WhatsApp / Telegram (for study purposes)",2026-02-02 13:10:08,Karnataka,IIT / NIT,BBA,Others,7.0 – 8.0,2 – 4 hours,"YouTube, NPTEL / SWAYAM",2,,,,,,,,
1469,522e39ae01bce33e97b085b9517a3680984adf0d38e718487e3314eb74127ab2,2026-01-31 11:32:52,Week 1,5,0 – 2 hours,4,4,Often,"ChatGPT, Google Gemini, Claude, Perplexity AI, Notion AI, Replit AI, Canva AI, DALL·E",3 – 6,4,Health / stress issues,4,4,False,80.0,Slightly better,"YouTube, WhatsApp / Telegram (for study purposes)",2026-01-31 18:48:52,Tamil Nadu,State University,B.Tech,2nd Year,Below 6.0,0 – 2 hours,"YouTube, ChatGPT / AI tools, WhatsApp / Telegram",3,,,,,,,,
1470,219d4ac6903fffab5ab1d64d6ed0b331adcc691f0e116fb7f62cefba91f7b0ec,2026-01-31 14:55:23,Week 1,60,4 – 6 hours,4,3,Sometimes,"ChatGPT, Microsoft Copilot, GitHub Copilot, Replit AI",3 – 6,3,"Poor internet, No quiet study space",3,3,False,,Slightly better,"YouTube, WhatsApp / Telegram (for study purposes), Physical Notes",2025-12-26 18:34:24,Andhra Pradesh,Private University,B.Tech,3rd Year,9.0+,0 – 2 hours,ChatGPT / AI tools,1,,,,,,,,
1471,e9f047d3c2da21e5de56f3abab5c156cedf45843e25e1cc9c00e542a0848fb89,2026-01-31 16:07:51,Week 1,20,0 – 2 hours,3,1,Never,Google Gemini,3 – 6,5,"Poor internet, No quiet study space",2,5,False,75.0,Slightly worse,"YouTube, Notion / Anki / Obsidian",2026-02-23 10:04:41,Andhra Pradesh,Central University,B.Tech,2nd Year,7.0 – 8.0,0 – 2 hours,"YouTube, NPTEL / SWAYAM, Coursera / Udemy / edX, Notion / Anki / Obsidian, WhatsApp / Telegram",5,,,,,,,,
1472,81ddebb1fc0e6b009a5655dea87854093d1374914f03d128e615c955c9007504,2026-01-31 16:39:48,Week 1,20,4 – 6 hours,3,3,Sometimes,"ChatGPT, Google Gemini",1 – 3,3,Health / stress issues,3,2,False,,Slightly worse,"YouTube, NPTEL / SWAYAM, WhatsApp / Telegram (for study purposes), Physical Notes",2026-01-12 20:20:23,Tamil Nadu,Private University,B.Tech,3rd Year,7.0 – 8.0,2 – 4 hours,"YouTube, ChatGPT / AI tools, WhatsApp / Telegram, Physical notes only",4,,,,,,,,
1473,26234105c87439e0dc4fb999632d3a5406775cc0728c26840e4a6b26d071341b,2026-01-31 17:56:30,Week 1,4,2 – 4 hours,1,1,Never,ChatGPT,1 – 3,3,Poor internet,1,1,False,,Much worse,Physical Notes,2026-01-12 20:18:58,Tamil Nadu,Private University,B.Tech,2nd Year,6.0 – 7.0,0 – 2 hours,"YouTube, ChatGPT / AI tools, College LMS",3,,,,,,,,
1474,6cdee50dedfbbd1a46317cf81321165ab42071b577d2f1514daac32cb4160095,2026-01-31 18:23:25,Week 1,13,0 – 2 hours,1,1,Never,"ChatGPT, Google Gemini, Perplexity AI, Canva AI",6 – 10,3,"Poor internet, Mobile-only access, Health / stress issues",2,3,False,50.0,Slightly worse,"YouTube, College LMS, WhatsApp / Telegram (for study purposes), Physical Notes",2026-02-02 12:39:28,Gujarat,Private University,B.Tech,3rd Year,8.0 – 9.0,6+ hours,NaN,1,,,,,,,,
1475,6cdee50dedfbbd1a46317cf81321165ab42071b577d2f1514daac32cb4160095,2026-01-31 18:55:41,Week 1,14,0 – 2 hours,1,1,Never,"ChatGPT, Google Gemini, Microsoft Copilot, Perplexity AI",3 – 6,3,"Poor internet, Mobile-only access",2,4,False,,Slightly worse,"YouTube, Coursera / Udemy / edX, College LMS, Physical Notes",2026-02-02 12:39:28,Gujarat,Private University,B.Tech,3rd Year,8.0 – 9.0,6+ hours,NaN,1,,,,,,,,
1476,ef4aca4b5a9ddc8cfe1cda04eef5cb540a47e603dac29e3f59b7bdd1a387191d,2026-01-31 18:57:01,Week 1,23,2 – 4 hours,3,3,Sometimes,"ChatGPT, Google Gemini, Microsoft Copilot, Claude, Perplexity AI, Grammarly, QuillBot, GitHub Copilot, Canva AI, Khanmigo (Khan Academy AI)",6 – 10,4,No quiet study space,3,3,False,70.0,About the same,"YouTube, NPTEL / SWAYAM, Coursera / Udemy / edX, College LMS, WhatsApp / Telegram (for study purposes), Physical Notes",2026-02-02 12:52:17,Maharashtra,Private University,B.Tech,Others,6.0 – 7.0,2 – 4 hours,"YouTube, ChatGPT / AI tools",2,,,,,,,,
1477,794e3ecad2e18d7bce8d1013a9e08fe529cc63443905f9864cedec22f7a9459b,2026-01-31 19:00:49,Week 1,26,2 – 4 hours,2,2,Sometimes,"ChatGPT, Google Gemini, Microsoft Copilot, Claude, Perplexity AI, Grammarly, Notion AI, GitHub Copilot, Codeium, Canva AI, DALL·E",3 – 6,3,"Poor internet, Mobile-only access",2,4,False,70.0,Slightly worse,"YouTube, NPTEL / SWAYAM, Coursera / Udemy / edX, College LMS, WhatsApp / Telegram (for study purposes), Physical Notes",2025-12-27 12:35:23,Tamil Nadu,Deemed University,B.Tech,3rd Year,6.0 – 7.0,0 – 2 hours,"YouTube, ChatGPT / AI tools",2,,,,,,,,
1500,5e849a6892d6df48c1362529cab706d619efa96a172b3f715bc1f5ccd5ca61ec,2026-02-03 12:00:28,Week 1,42,4 – 6 hours,4,4,Sometimes,"ChatGPT, Perplexity AI, Tabnine, Canva AI",1 – 3,4,NaN,4,4,False,,About the same,"YouTube, NPTEL / SWAYAM, Notion / Anki / Obsidian, Physical Notes",2026-02-02 13:01:28,Uttar Pradesh,IIT / NIT,BA,Others,8.0 – 9.0,2 – 4 hours,"YouTube, ChatGPT / AI tools",2,,,,,,,,
1478,27d91473394ea1f8f97a8f1740492902f4ab1abbfe0b003e4536904eaba6dca0,2026-01-31 19:02:01,Week 1,22,2 – 4 hours,3,2,Rarely,"ChatGPT, Google Gemini, Microsoft Copilot, Claude, Perplexity AI, Grammarly, GitHub Copilot, Codeium, Replit AI, Tabnine, Canva AI",6 – 10,4,NaN,3,3,False,80.0,About the same,"YouTube, NPTEL / SWAYAM, Coursera / Udemy / edX, College LMS, WhatsApp / Telegram (for study purposes), Physical Notes",2026-01-31 18:43:28,Tamil Nadu,IIT / NIT,B.Tech,3rd Year,7.0 – 8.0,2 – 4 hours,"YouTube, NPTEL / SWAYAM, Coursera / Udemy / edX, ChatGPT / AI tools, Notion / Anki / Obsidian, College LMS, WhatsApp / Telegram, Physical notes",8,,,,,,,,
1479,8773494ab4b07b7f7350b8d37e960ba5d05e7caf5ffbb75a943c63465a604b7f,2026-01-31 19:04:48,Week 1,30,2 – 4 hours,3,3,Sometimes,"ChatGPT, Google Gemini, Microsoft Copilot, Claude, QuillBot, Notion AI, GitHub Copilot, Midjourney, Adobe Firefly, Khanmigo (Khan Academy AI)",6 – 10,4,"Poor internet, Health / stress issues",3,5,False,,Slightly worse,"YouTube, NPTEL / SWAYAM, Coursera / Udemy / edX, College LMS, WhatsApp / Telegram (for study purposes), Physical Notes",2026-01-31 18:47:34,Tamil Nadu,IIT / NIT,B.Tech,2nd Year,9.0+,4 – 6 hours,"YouTube, NPTEL / SWAYAM, Coursera / Udemy / edX, ChatGPT / AI tools, College LMS, WhatsApp / Telegram, Physical notes",7,,,,,,,,
1480,f8041b50a2c1379ae1a539104ac8cfff2e7475d9225620826e59c80d286afe76,2026-01-31 19:05:17,Week 1,60,4 – 6 hours,4,3,Rarely,"ChatGPT, Google Gemini",6 – 10,4,"No quiet study space, Health / stress issues",3,4,False,0.0,About the same,"YouTube, Physical Notes",2026-01-31 18:25:54,Andhra Pradesh,Private University,B.Sc,3rd Year,7.0 – 8.0,0 – 2 hours,"YouTube, NPTEL / SWAYAM, Notion / Anki / Obsidian, College LMS, WhatsApp / Telegram",5,,,,,,,,
1481,8bfc27000534160835a23ec100f95667b3894c6b3e90a6027721d3322ad782dc,2026-01-31 19:06:54,Week 1,50,4 – 6 hours,3,3,Often,"ChatGPT, Google Gemini, Microsoft Copilot, Claude, Perplexity AI, GitHub Copilot",6 – 10,5,"Poor internet, No quiet study space",2,5,False,75.0,About the same,"YouTube, College LMS, WhatsApp / Telegram (for study purposes), Physical Notes",2026-02-05 21:46:59,Telangana,Private University,B.Tech,3rd Year,9.0+,0 – 2 hours,"YouTube, ChatGPT / AI tools, Physical notes",3,,,,,,,,
1482,a0844c331d7454600df29956fea1f640e9035aa0e376172eded377ff472dedbe,2026-01-31 19:10:39,Week 1,40,4 – 6 hours,4,4,Sometimes,"ChatGPT, Google Gemini, Microsoft Copilot, Claude, Perplexity AI, Grammarly, Jasper AI, GitHub Copilot, Replit AI, Canva AI, Adobe Firefly, Khanmigo (Khan Academy AI)",6 – 10,5,NaN,3,3,False,80.0,Slightly better,"YouTube, NPTEL / SWAYAM, College LMS, WhatsApp / Telegram (for study purposes), Physical Notes",2026-01-31 18:46:52,Karnataka,Central University,B.Sc,1st Year,7.0 – 8.0,2 – 4 hours,"NPTEL / SWAYAM, Coursera / Udemy / edX, ChatGPT / AI tools, College LMS, WhatsApp / Telegram, Physical notes",6,,,,,,,,
1483,26234105c87439e0dc4fb999632d3a5406775cc0728c26840e4a6b26d071341b,2026-01-31 19:13:43,Week 1,50,6+ hours,3,2,Often,"ChatGPT, Google Gemini, Microsoft Copilot, Claude, Perplexity AI, Grammarly",3 – 6,4,No quiet study space,3,5,False,60.0,About the same,"YouTube, NPTEL / SWAYAM, Coursera / Udemy / edX, College LMS, WhatsApp / Telegram (for study purposes), Physical Notes",2026-01-12 20:18:58,Tamil Nadu,Private University,B.Tech,2nd Year,6.0 – 7.0,0 – 2 hours,"YouTube, ChatGPT / AI tools, College LMS",3,,,,,,,,
1484,b7c45e43b3e4defcfa15c66053995acfb95306f516892ea504b4a561e64a85b9,2026-01-31 19:15:02,Week 1,45,4 – 6 hours,2,2,Rarely,"ChatGPT, Google Gemini, Microsoft Copilot, Claude, Perplexity AI, Grammarly, Codeium, Replit AI, Tabnine, Canva AI",10+,5,NaN,2,4,False,70.0,Slightly worse,"YouTube, Coursera / Udemy / edX, WhatsApp / Telegram (for study purposes), Physical Notes",2026-01-31 18:40:13,Tamil Nadu,IIT / NIT,B.Sc,2nd Year,6.0 – 7.0,0 – 2 hours,"YouTube, NPTEL / SWAYAM, ChatGPT / AI tools",3,,,,,,,,
1485,794e3ecad2e18d7bce8d1013a9e08fe529cc63443905f9864cedec22f7a9459b,2026-01-31 19:16:03,Week 1,35,2 – 4 hours,2,1,Never,"ChatGPT, Google Gemini",3 – 6,3,"Poor internet, No quiet study space, Health / stress issues",2,5,False,50.0,Slightly worse,"YouTube, WhatsApp / Telegram (for study purposes), Physical Notes",2025-12-27 12:35:23,Tamil Nadu,Deemed University,B.Tech,3rd Year,6.0 – 7.0,0 – 2 hours,"YouTube, ChatGPT / AI tools",2,,,,,,,,
1486,c4fc9686cc1b927682fbf989fe97901e479c7d5a214ce073d7cc6062f4682ed6,2026-01-31 19:17:08,Week 1,49,6+ hours,3,2,Always,"ChatGPT, Google Gemini, Microsoft Copilot, Claude, Perplexity AI, Grammarly, Jasper AI",6 – 10,5,"Poor internet, No quiet study space, Health / stress issues",3,5,False,80.0,About the same,"YouTube, NPTEL / SWAYAM, WhatsApp / Telegram (for study purposes), Physical Notes",2026-02-23 10:06:40,Andhra Pradesh,Private University,B.Com,3rd Year,6.0 – 7.0,0 – 2 hours,"Coursera / Udemy / edX, ChatGPT / AI tools, Notion / Anki / Obsidian, WhatsApp / Telegram",4,,,,,,,,
1487,caf626adf6b1139006e560ca8cc80b33ca449dfd93d89557b2b5dca8a09ea07f,2026-01-31 19:18:01,Week 1,60,6+ hours,4,2,Sometimes,"ChatGPT, Google Gemini, Microsoft Copilot, Claude, Perplexity AI, Grammarly, GitHub Copilot",6 – 10,5,No quiet study space,3,3,False,75.0,About the same,"YouTube, Coursera / Udemy / edX, College LMS, WhatsApp / Telegram (for study purposes), Physical Notes",2026-02-23 10:06:05,Karnataka,Private University,BA,3rd Year,7.0 – 8.0,2 – 4 hours,"YouTube, NPTEL / SWAYAM, Coursera / Udemy / edX, ChatGPT / AI tools, Notion / Anki / Obsidian, WhatsApp / Telegram",6,,,,,,,,
1488,3a16c6fa9dbc26f91e12cdd112bec4f2953a34f47097d3424e3f551bb022a684,2026-01-31 19:38:23,Week 1,30,2 – 4 hours,3,1,Sometimes,"ChatGPT, Microsoft Copilot, Claude, Perplexity AI, Notion AI",3 – 6,4,"Poor internet, No quiet study space, Health / stress issues",3,5,False,90.0,Slightly worse,"YouTube, WhatsApp / Telegram (for study purposes), Physical Notes",2026-01-31 18:44:48,Tamil Nadu,Private University,BBA,1st Year,6.0 – 7.0,0 – 2 hours,"YouTube, Coursera / Udemy / edX, ChatGPT / AI tools, College LMS, WhatsApp / Telegram, Physical notes",6,,,,,,,,
1489,2b17d11e7d9c1af7a7fed72e60e90a5ee797f0b6e0cc8645592f6fdc2ad13cd2,2026-01-31 21:34:43,Week 1,2,0 – 2 hours,3,1,Sometimes,"ChatGPT, Google Gemini, Claude, Perplexity AI, Notion AI",1 – 3,4,"Poor internet, Mobile-only access, No quiet study space, Health / stress issues",3,5,False,80.0,Slightly worse,"YouTube, Notion / Anki / Obsidian, Physical Notes",2026-01-31 18:51:00,Tamil Nadu,State University,B.Tech,1st Year,6.0 – 7.0,2 – 4 hours,"YouTube, Coursera / Udemy / edX, ChatGPT / AI tools, Notion / Anki / Obsidian, WhatsApp / Telegram",5,,,,,,,,
1490,97b26b3698560201c1218be1d50871d93f4ae1f4a79deeb268b0ba686e43fdeb,2026-01-31 21:35:59,Week 1,22,2 – 4 hours,4,4,Sometimes,"ChatGPT, Google Gemini, Perplexity AI",6 – 10,5,"Poor internet, Mobile-only access, Health / stress issues",4,5,False,,Much better,"YouTube, College LMS, Notion / Anki / Obsidian, WhatsApp / Telegram (for study purposes), Physical Notes",2025-12-26 07:18:01,Tamil Nadu,Deemed University,B.Tech,3rd Year,8.0 – 9.0,0 – 2 hours,"ChatGPT / AI tools, College LMS, WhatsApp / Telegram",3,,,,,,,,
1491,63c23cf4b390284f3ce1175699f5efa501022ba212fe21be99dc9e2d21deebbf,2026-02-01 20:06:39,Week 1,6,0 – 2 hours,4,1,Never,"ChatGPT, Google Gemini",3 – 6,5,Health / stress issues,5,4,False,80.0,About the same,"YouTube, WhatsApp / Telegram (for study purposes), Physical Notes",2026-02-02 12:38:59,Rajasthan,State University,B.Sc,2nd Year,7.0 – 8.0,4 – 6 hours,"Coursera / Udemy / edX, ChatGPT / AI tools, Notion / Anki / Obsidian, College LMS, Physical notes",5,,,,,,,,
1492,f5df30de694992a770d857d674587e781574c81ffc40be127f93b6a3d3a95f48,2026-02-02 00:28:33,Week 1,3,0 – 2 hours,1,1,Rarely,"ChatGPT, Google Gemini, Microsoft Copilot, Claude, Perplexity AI, Grammarly",1 – 3,4,"No quiet study space, Health / stress issues",1,4,False,,About the same,"YouTube, College LMS, WhatsApp / Telegram (for study purposes), Physical Notes",2026-02-23 10:05:11,Andhra Pradesh,State University,B.Sc,3rd Year,Prefer not to say,2 – 4 hours,"YouTube, Coursera / Udemy / edX, Notion / Anki / Obsidian, WhatsApp / Telegram, Physical notes",5,,,,,,,,
1493,794e3ecad2e18d7bce8d1013a9e08fe529cc63443905f9864cedec22f7a9459b,2026-02-02 21:55:05,Week 1,12,2 – 4 hours,3,3,Rarely,"ChatGPT, Google Gemini, Claude, Canva AI",3 – 6,3,Mobile-only access,3,3,False,,About the same,"YouTube, Coursera / Udemy / edX",2025-12-27 12:35:23,Tamil Nadu,Deemed University,B.Tech,3rd Year,6.0 – 7.0,0 – 2 hours,"YouTube, ChatGPT / AI tools",2,,,,,,,,
1494,bed0f2897fdcff9c379616ea83849b1ca59a967db6315c91cd8fcf4fcf4c7216,2026-02-03 10:30:21,Week 1,20,2 – 4 hours,3,1,Often,"ChatGPT, Google Gemini",10+,5,Health / stress issues,3,4,False,,About the same,YouTube,2026-01-31 18:46:23,Andhra Pradesh,State University,B.Sc,2nd Year,7.0 – 8.0,2 – 4 hours,"YouTube, NPTEL / SWAYAM, WhatsApp / Telegram",3,,,,,,,,
1495,26234105c87439e0dc4fb999632d3a5406775cc0728c26840e4a6b26d071341b,2026-02-03 10:38:09,Week 2,16,0 – 2 hours,5,5,Always,"ChatGPT, Google Gemini, Claude, Perplexity AI, GitHub Copilot",1 – 3,4,No quiet study space,4,4,False,85.0,Much better,"YouTube, Coursera / Udemy / edX, Physical Notes",2026-01-12 20:18:58,Tamil Nadu,Private University,B.Tech,2nd Year,6.0 – 7.0,0 – 2 hours,"YouTube, ChatGPT / AI tools, College LMS",3,,,,,,,,
1496,a0844c331d7454600df29956fea1f640e9035aa0e376172eded377ff472dedbe,2026-02-03 11:15:07,Week 2,9,0 – 2 hours,3,3,Sometimes,"Claude, Perplexity AI, Grammarly, QuillBot, GitHub Copilot",1 – 3,3,"Poor internet, Mobile-only access",3,3,False,,About the same,"Coursera / Udemy / edX, Notion / Anki / Obsidian",2026-01-31 18:46:52,Karnataka,Central University,B.Sc,1st Year,7.0 – 8.0,2 – 4 hours,"NPTEL / SWAYAM, Coursera / Udemy / edX, ChatGPT / AI tools, College LMS, WhatsApp / Telegram, Physical notes",6,,,,,,,,
1497,8ded4921661c4a18e633a572258dbd0f9a2c004f4aa3e9e2057a670d47566de6,2026-02-03 11:16:33,Week 2,5,2 – 4 hours,3,2,Sometimes,"ChatGPT, Google Gemini",6 – 10,3,"Poor internet, Mobile-only access, No quiet study space, Health / stress issues",2,4,False,50.0,Slightly worse,"YouTube, WhatsApp / Telegram (for study purposes)",2026-02-03 11:19:03,Kerala,Private University,B.Sc,3rd Year,Prefer not to say,2 – 4 hours,"NPTEL / SWAYAM, WhatsApp / Telegram, Physical notes",3,,,,,,,,
1498,63c23cf4b390284f3ce1175699f5efa501022ba212fe21be99dc9e2d21deebbf,2026-02-03 11:57:11,Week 1,50,6+ hours,5,5,Often,"ChatGPT, Google Gemini, Perplexity AI, Midjourney, None",10+,5,Health / stress issues,5,5,False,,Slightly better,"YouTube, College LMS, WhatsApp / Telegram (for study purposes)",2026-02-02 12:38:59,Rajasthan,State University,B.Sc,2nd Year,7.0 – 8.0,4 – 6 hours,"Coursera / Udemy / edX, ChatGPT / AI tools, Notion / Anki / Obsidian, College LMS, Physical notes",5,,,,,,,,
1499,1dd2975d45d1e27948cae456e3827e3b50778c013fecee985fb0422f4a492ba2,2026-02-03 11:58:01,Week 2,20,2 – 4 hours,3,3,Rarely,"ChatGPT, Google Gemini, Perplexity AI, Jasper AI",3 – 6,3,Mobile-only access,3,3,False,80.0,Slightly worse,"YouTube, College LMS, WhatsApp / Telegram (for study purposes)",2026-02-19 13:17:59,Andhra Pradesh,State University,B.Tech,2nd Year,7.0 – 8.0,6+ hours,"YouTube, NPTEL / SWAYAM, Coursera / Udemy / edX, ChatGPT / AI tools, Notion / Anki / Obsidian, College LMS, WhatsApp / Telegram, Physical notes",8,,,,,,,,
1501,e9f047d3c2da21e5de56f3abab5c156cedf45843e25e1cc9c00e542a0848fb89,2026-02-03 12:05:44,Week 1,38,2 – 4 hours,3,2,Always,"Google Gemini, Perplexity AI, QuillBot, Codeium, Replit AI, Canva AI, Khanmigo (Khan Academy AI)",10+,4,"No quiet study space, None",3,3,False,,Much better,"YouTube, Coursera / Udemy / edX",2026-02-23 10:04:41,Andhra Pradesh,Central University,B.Tech,2nd Year,7.0 – 8.0,0 – 2 hours,"YouTube, NPTEL / SWAYAM, Coursera / Udemy / edX, Notion / Anki / Obsidian, WhatsApp / Telegram",5,,,,,,,,
1502,8ded4921661c4a18e633a572258dbd0f9a2c004f4aa3e9e2057a670d47566de6,2026-02-03 12:20:13,Week 1,13,0 – 2 hours,3,4,Always,"ChatGPT, Microsoft Copilot, Claude, Grammarly, Notion AI, GitHub Copilot",3 – 6,3,Poor internet,2,3,False,70.0,About the same,"YouTube, NPTEL / SWAYAM, College LMS, WhatsApp / Telegram (for study purposes), Physical Notes",2026-02-03 11:19:03,Kerala,Private University,B.Sc,3rd Year,Prefer not to say,2 – 4 hours,"NPTEL / SWAYAM, WhatsApp / Telegram, Physical notes",3,,,,,,,,
1503,d2db0cecaf1edf2f34e8fcb492052acd27453600c6cc493e25700d9c3b289761,2026-02-03 12:28:44,Week 1,20,0 – 2 hours,3,4,Always,"ChatGPT, Google Gemini, Microsoft Copilot, Claude, Perplexity AI, QuillBot, Canva AI",3 – 6,3,"Poor internet, Mobile-only access, No quiet study space",2,4,False,50.0,Slightly worse,"Coursera / Udemy / edX, WhatsApp / Telegram (for study purposes), Physical Notes",2026-02-02 12:56:07,Uttar Pradesh,IIT / NIT,Other,2nd Year,Prefer not to say,2 – 4 hours,"YouTube, Coursera / Udemy / edX",2,,,,,,,,
1504,266344e1c50b449d6d5dbec5b4b1af3236f13cc0b97871acccf3da3697283f82,2026-02-03 12:29:41,Week 1,60,6+ hours,3,3,Rarely,"ChatGPT, Google Gemini, Microsoft Copilot, Claude, Perplexity AI, Grammarly, QuillBot, Replit AI, Tabnine, Canva AI, DALL·E, Midjourney",6 – 10,3,"Poor internet, Health / stress issues",3,5,False,90.0,Slightly better,"YouTube, NPTEL / SWAYAM, Coursera / Udemy / edX, College LMS",2026-01-16 12:24:26,Tamil Nadu,Private University,B.Tech,3rd Year,9.0+,2 – 4 hours,"YouTube, ChatGPT / AI tools, Notion / Anki / Obsidian, WhatsApp / Telegram",4,,,,,,,,
1505,f8041b50a2c1379ae1a539104ac8cfff2e7475d9225620826e59c80d286afe76,2026-02-03 12:42:02,Week 1,25,4 – 6 hours,4,3,Sometimes,"ChatGPT, Google Gemini, Perplexity AI",3 – 6,4,NaN,4,3,False,85.0,Slightly better,"YouTube, Coursera / Udemy / edX, Notion / Anki / Obsidian",2026-01-31 18:25:54,Andhra Pradesh,Private University,B.Sc,3rd Year,7.0 – 8.0,0 – 2 hours,"YouTube, NPTEL / SWAYAM, Notion / Anki / Obsidian, College LMS, WhatsApp / Telegram",5,,,,,,,,
1506,8ded4921661c4a18e633a572258dbd0f9a2c004f4aa3e9e2057a670d47566de6,2026-02-03 12:43:56,Week 1,20,2 – 4 hours,2,2,Rarely,"Claude, Grammarly",1 – 3,2,Poor internet,2,4,False,75.0,Much worse,College LMS,2026-02-03 11:19:03,Kerala,Private University,B.Sc,3rd Year,Prefer not to say,2 – 4 hours,"NPTEL / SWAYAM, WhatsApp / Telegram, Physical notes",3,,,,,,,,
1507,b9c03c59028b4485073ac377b7c14dfe728898b0dccd931ebc2eea5d5b1d746a,2026-02-03 12:46:15,Week 1,15,2 – 4 hours,2,2,Never,"ChatGPT, Microsoft Copilot",0,3,Health / stress issues,3,5,False,,About the same,YouTube,2025-12-27 14:52:29,Tamil Nadu,Central University,B.Tech,3rd Year,8.0 – 9.0,2 – 4 hours,"ChatGPT / AI tools, College LMS, WhatsApp / Telegram",3,,,,,,,,
1508,f8ecea41f5799921e46e5d82b8d41d92dba1fca7a66ca63506cc3c0aab382672,2026-02-03 12:51:53,Week 1,35,6+ hours,5,4,Sometimes,"ChatGPT, Claude",6 – 10,5,"Mobile-only access, Health / stress issues",4,2,False,85.0,Slightly better,YouTube,2026-01-27 17:56:30,Uttar Pradesh,Central University,B.Tech,4th Year,7.0 – 8.0,4 – 6 hours,"YouTube, NPTEL / SWAYAM, Coursera / Udemy / edX, ChatGPT / AI tools, Notion / Anki / Obsidian",5,,,,,,,,
1509,f5df30de694992a770d857d674587e781574c81ffc40be127f93b6a3d3a95f48,2026-02-03 12:53:19,Week 1,15,0 – 2 hours,2,1,Never,NaN,0,1,Poor internet,2,4,False,,About the same,"YouTube, Physical Notes",2026-02-23 10:05:11,Andhra Pradesh,State University,B.Sc,3rd Year,Prefer not to say,2 – 4 hours,"YouTube, Coursera / Udemy / edX, Notion / Anki / Obsidian, WhatsApp / Telegram, Physical notes",5,,,,,,,,
1510,97b26b3698560201c1218be1d50871d93f4ae1f4a79deeb268b0ba686e43fdeb,2026-02-03 12:55:32,Week 1,25,2 – 4 hours,3,3,Often,ChatGPT,3 – 6,3,NaN,3,3,False,78.0,Slightly better,"YouTube, Coursera / Udemy / edX, College LMS",2025-12-26 07:18:01,Tamil Nadu,Deemed University,B.Tech,3rd Year,8.0 – 9.0,0 – 2 hours,"ChatGPT / AI tools, College LMS, WhatsApp / Telegram",3,,,,,,,,
1511,b7c45e43b3e4defcfa15c66053995acfb95306f516892ea504b4a561e64a85b9,2026-02-03 17:14:22,Week 3,30,2 – 4 hours,3,2,Often,"ChatGPT, Google Gemini, GitHub Copilot",10+,5,Health / stress issues,4,5,False,,Slightly better,"YouTube, College LMS",2026-01-31 18:40:13,Tamil Nadu,IIT / NIT,B.Sc,2nd Year,6.0 – 7.0,0 – 2 hours,"YouTube, NPTEL / SWAYAM, ChatGPT / AI tools",3,,,,,,,,
1512,2b17d11e7d9c1af7a7fed72e60e90a5ee797f0b6e0cc8645592f6fdc2ad13cd2,2026-02-05 21:45:35,Week 1,0,4 – 6 hours,3,3,Sometimes,"ChatGPT, Google Gemini, Claude, Perplexity AI, Canva AI",1 – 3,3,NaN,3,3,False,,About the same,"YouTube, NPTEL / SWAYAM, Coursera / Udemy / edX, College LMS, WhatsApp / Telegram (for study purposes)",2026-01-31 18:51:00,Tamil Nadu,State University,B.Tech,1st Year,6.0 – 7.0,2 – 4 hours,"YouTube, Coursera / Udemy / edX, ChatGPT / AI tools, Notion / Anki / Obsidian, WhatsApp / Telegram",5,,,,,,,,
1513,81ddebb1fc0e6b009a5655dea87854093d1374914f03d128e615c955c9007504,2026-02-05 21:49:41,Week 1,10,0 – 2 hours,5,3,Sometimes,"ChatGPT, Google Gemini, Microsoft Copilot, Perplexity AI, GitHub Copilot, Canva AI, Khanmigo (Khan Academy AI)",1 – 3,3,"Poor internet, Mobile-only access, No quiet study space",3,5,False,94.0,Much better,"YouTube, NPTEL / SWAYAM, Coursera / Udemy / edX, College LMS, Notion / Anki / Obsidian, WhatsApp / Telegram (for study purposes), Physical Notes",2026-01-12 20:20:23,Tamil Nadu,Private University,B.Tech,3rd Year,7.0 – 8.0,2 – 4 hours,"YouTube, ChatGPT / AI tools, WhatsApp / Telegram, Physical notes only",4,,,,,,,,
1514,e9f047d3c2da21e5de56f3abab5c156cedf45843e25e1cc9c00e542a0848fb89,2026-02-05 21:53:36,Week 1,70,2 – 4 hours,1,1,Sometimes,ChatGPT,10+,3,NaN,2,1,False,,Slightly better,"YouTube, WhatsApp / Telegram (for study purposes)",2026-02-23 10:04:41,Andhra Pradesh,Central University,B.Tech,2nd Year,7.0 – 8.0,0 – 2 hours,"YouTube, NPTEL / SWAYAM, Coursera / Udemy / edX, Notion / Anki / Obsidian, WhatsApp / Telegram",5,,,,,,,,
1515,48cdb835c278ac6b10eed195f85632896d3be15d20d75197a0b916b2395939a6,2026-02-05 22:29:26,Week 1,0,0 – 2 hours,1,1,Never,"ChatGPT, Google Gemini, Microsoft Copilot",1 – 3,3,"Poor internet, Mobile-only access, No quiet study space, Health / stress issues",1,4,False,70.0,About the same,YouTube,2026-01-27 00:18:46,Telangana,IIT / NIT,B.Sc,3rd Year,7.0 – 8.0,0 – 2 hours,"YouTube, NPTEL / SWAYAM, ChatGPT / AI tools, WhatsApp / Telegram, Physical notes only",5,,,,,,,,
1516,384ceb85e96e6aa2ecda396e81a782b00f64a547b8639cec5570f556cec3c71d,2026-02-08 10:09:09,Week 2,1,0 – 2 hours,4,1,Never,"ChatGPT, Google Gemini",3 – 6,5,NaN,5,5,False,,About the same,WhatsApp / Telegram (for study purposes),2026-02-23 10:05:39,Kerala,Private University,B.Com,2nd Year,8.0 – 9.0,4 – 6 hours,"NPTEL / SWAYAM, Coursera / Udemy / edX, College LMS, Physical notes",4,,,,,,,,
1517,9f7b57d47f3cd447af0a85a35c1ce5b1287d471159595088cd7493a849b93059,2026-02-16 08:39:48,Week 3,4,0 – 2 hours,3,1,Never,ChatGPT,6 – 10,4,NaN,4,3,False,,About the same,"YouTube, WhatsApp / Telegram (for study purposes)",2026-02-02 12:38:26,Punjab,Central University,B.Tech,1st Year,6.0 – 7.0,4 – 6 hours,"YouTube, NPTEL / SWAYAM, Coursera / Udemy / edX, ChatGPT / AI tools, College LMS, WhatsApp / Telegram",6,,,,,,,,
1518,ea6dc2fae8a61411b9d6de51699ca6787330c0036ffedddf4a649648fefe8732,2026-02-19 09:15:03,Week 2,6,0 – 2 hours,3,3,Rarely,"ChatGPT, Google Gemini, Claude",1 – 3,4,"Poor internet, No quiet study space",4,4,False,80.0,Slightly better,"YouTube, WhatsApp / Telegram (for study purposes), Physical Notes",2026-01-31 18:48:18,Andhra Pradesh,Private University,B.Tech,4th Year,7.0 – 8.0,2 – 4 hours,"YouTube, ChatGPT / AI tools, College LMS, WhatsApp / Telegram",4,,,,,,,,
1519,781a9f368166d71405348c3b65fa0645e7cab12d017be1e369eb8d7a5cd5fb1d,2026-02-19 09:18:05,Week 3,5,0 – 2 hours,2,2,Rarely,"ChatGPT, Google Gemini",1 – 3,2,"Poor internet, No quiet study space, Health / stress issues",2,4,False,60.0,Slightly worse,"NPTEL / SWAYAM, WhatsApp / Telegram (for study purposes), Physical Notes",2026-02-02 12:40:04,Maharashtra,IIT / NIT,B.Com,4th Year,7.0 – 8.0,2 – 4 hours,"YouTube, NPTEL / SWAYAM, Coursera / Udemy / edX, ChatGPT / AI tools, Notion / Anki / Obsidian, College LMS, WhatsApp / Telegram, Physical notes",8,,,,,,,,
1520,e9f047d3c2da21e5de56f3abab5c156cedf45843e25e1cc9c00e542a0848fb89,2026-02-19 09:19:09,Week 3,6,0 – 2 hours,3,3,Never,"ChatGPT, Google Gemini, Claude, Perplexity AI, GitHub Copilot",3 – 6,3,"Poor internet, No quiet study space",3,3,False,,About the same,"YouTube, Notion / Anki / Obsidian, WhatsApp / Telegram (for study purposes), Physical Notes",2026-02-23 10:04:41,Andhra Pradesh,Central University,B.Tech,2nd Year,7.0 – 8.0,0 – 2 hours,"YouTube, NPTEL / SWAYAM, Coursera / Udemy / edX, Notion / Anki / Obsidian, WhatsApp / Telegram",5,,,,,,,,
1521,f8041b50a2c1379ae1a539104ac8cfff2e7475d9225620826e59c80d286afe76,2026-02-19 09:20:04,Week 4,7,2 – 4 hours,3,4,Never,"ChatGPT, Google Gemini, Microsoft Copilot, Claude, Perplexity AI",1 – 3,3,Poor internet,3,4,False,,About the same,"YouTube, WhatsApp / Telegram (for study purposes), Physical Notes",2026-01-31 18:25:54,Andhra Pradesh,Private University,B.Sc,3rd Year,7.0 – 8.0,0 – 2 hours,"YouTube, NPTEL / SWAYAM, Notion / Anki / Obsidian, College LMS, WhatsApp / Telegram",5,,,,,,,,
1522,5e849a6892d6df48c1362529cab706d619efa96a172b3f715bc1f5ccd5ca61ec,2026-02-19 09:21:21,Week 4,7,2 – 4 hours,3,3,Never,"ChatGPT, Google Gemini, GitHub Copilot",1 – 3,2,Health / stress issues,2,3,False,70.0,About the same,"YouTube, WhatsApp / Telegram (for study purposes), Physical Notes",2026-02-02 13:01:28,Uttar Pradesh,IIT / NIT,BA,Others,8.0 – 9.0,2 – 4 hours,"YouTube, ChatGPT / AI tools",2,,,,,,,,
1523,781a9f368166d71405348c3b65fa0645e7cab12d017be1e369eb8d7a5cd5fb1d,2026-02-19 09:22:29,Week 4,5,0 – 2 hours,1,1,Never,ChatGPT,1 – 3,2,Poor internet,2,2,False,,Slightly worse,YouTube,2026-02-02 12:40:04,Maharashtra,IIT / NIT,B.Com,4th Year,7.0 – 8.0,2 – 4 hours,"YouTube, NPTEL / SWAYAM, Coursera / Udemy / edX, ChatGPT / AI tools, Notion / Anki / Obsidian, College LMS, WhatsApp / Telegram, Physical notes",8,,,,,,,,
1524,ea6dc2fae8a61411b9d6de51699ca6787330c0036ffedddf4a649648fefe8732,2026-02-19 09:23:22,Week 4,8,2 – 4 hours,4,4,Never,"ChatGPT, Google Gemini, Microsoft Copilot, Claude, GitHub Copilot",3 – 6,4,Poor internet,4,4,False,60.0,Slightly better,"YouTube, WhatsApp / Telegram (for study purposes), Physical Notes",2026-01-31 18:48:18,Andhra Pradesh,Private University,B.Tech,4th Year,7.0 – 8.0,2 – 4 hours,"YouTube, ChatGPT / AI tools, College LMS, WhatsApp / Telegram",4,,,,,,,,
1525,0e155a1241bd00b2d588262223a52e0f8a911a4000092f096e6968dccae9e61b,2026-02-22 21:39:27,Week 4,6,0 – 2 hours,5,1,Never,ChatGPT,3 – 6,4,Health / stress issues,3,3,False,80.0,Slightly worse,"WhatsApp / Telegram (for study purposes), Physical Notes",2026-02-03 11:16:29,Tamil Nadu,IIT / NIT,B.Tech,4th Year,8.0 – 9.0,2 – 4 hours,"ChatGPT / AI tools, College LMS",2,,,,,,,,
1544,e9f047d3c2da21e5de56f3abab5c156cedf45843e25e1cc9c00e542a0848fb89,2026-02-23 10:49:33,Week 3,20,2 – 4 hours,2,2,Rarely,"ChatGPT, Google Gemini",3 – 6,3,Poor internet,2,2,False,,Slightly worse,"YouTube, WhatsApp / Telegram (for study purposes)",2026-02-23 10:04:41,Andhra Pradesh,Central University,B.Tech,2nd Year,7.0 – 8.0,0 – 2 hours,"YouTube, NPTEL / SWAYAM, Coursera / Udemy / edX, Notion / Anki / Obsidian, WhatsApp / Telegram",5,,,,,,,,
1526,e14fc3506630213cf4dbb3dddf035e19aad46cfaf81f1761b7791f1f48a64d67,2026-02-23 10:18:52,Week 1,20,2 – 4 hours,3,3,Sometimes,"ChatGPT, Google Gemini, Microsoft Copilot, Claude, Perplexity AI, Grammarly, GitHub Copilot",3 – 6,4,"Poor internet, Mobile-only access, No quiet study space, Health / stress issues",2,2,False,,About the same,"YouTube, NPTEL / SWAYAM, Coursera / Udemy / edX, College LMS, WhatsApp / Telegram (for study purposes)",2026-02-02 12:45:31,Madhya Pradesh,Central University,B.Tech,3rd Year,8.0 – 9.0,2 – 4 hours,"ChatGPT / AI tools, WhatsApp / Telegram",2,,,,,,,,
1527,0e155a1241bd00b2d588262223a52e0f8a911a4000092f096e6968dccae9e61b,2026-02-23 10:19:54,Week 1,30,2 – 4 hours,3,3,Often,"ChatGPT, Microsoft Copilot, Perplexity AI, Grammarly, QuillBot, Codeium, Tabnine",3 – 6,4,"Poor internet, No quiet study space, Health / stress issues, None",5,4,False,50.0,About the same,"NPTEL / SWAYAM, College LMS, Notion / Anki / Obsidian",2026-02-03 11:16:29,Tamil Nadu,IIT / NIT,B.Tech,4th Year,8.0 – 9.0,2 – 4 hours,"ChatGPT / AI tools, College LMS",2,,,,,,,,
1528,8ded4921661c4a18e633a572258dbd0f9a2c004f4aa3e9e2057a670d47566de6,2026-02-23 10:20:56,Week 1,35,4 – 6 hours,4,4,Often,"ChatGPT, Google Gemini, Microsoft Copilot, Perplexity AI, Grammarly, QuillBot",6 – 10,4,"Poor internet, No quiet study space, Health / stress issues",3,4,False,75.0,Slightly better,"YouTube, NPTEL / SWAYAM, Coursera / Udemy / edX, College LMS, Physical Notes",2026-02-03 11:19:03,Kerala,Private University,B.Sc,3rd Year,Prefer not to say,2 – 4 hours,"NPTEL / SWAYAM, WhatsApp / Telegram, Physical notes",3,,,,,,,,
1529,27d91473394ea1f8f97a8f1740492902f4ab1abbfe0b003e4536904eaba6dca0,2026-02-23 10:22:44,Week 1,30,4 – 6 hours,3,3,Sometimes,"ChatGPT, Google Gemini, Microsoft Copilot, Claude, Notion AI, GitHub Copilot, Codeium",3 – 6,4,"Mobile-only access, No quiet study space",2,3,False,,About the same,"NPTEL / SWAYAM, College LMS, Notion / Anki / Obsidian, WhatsApp / Telegram (for study purposes)",2026-01-31 18:43:28,Tamil Nadu,IIT / NIT,B.Tech,3rd Year,7.0 – 8.0,2 – 4 hours,"YouTube, NPTEL / SWAYAM, Coursera / Udemy / edX, ChatGPT / AI tools, Notion / Anki / Obsidian, College LMS, WhatsApp / Telegram, Physical notes",8,,,,,,,,
1530,ef4aca4b5a9ddc8cfe1cda04eef5cb540a47e603dac29e3f59b7bdd1a387191d,2026-02-23 10:23:43,Week 1,40,4 – 6 hours,2,2,Never,"ChatGPT, Google Gemini, Microsoft Copilot, Claude, Perplexity AI, Grammarly, QuillBot, Notion AI, Jasper AI, GitHub Copilot, Codeium, Replit AI, Tabnine",3 – 6,3,No quiet study space,3,4,False,59.0,Slightly worse,"YouTube, NPTEL / SWAYAM, College LMS, Notion / Anki / Obsidian, WhatsApp / Telegram (for study purposes)",2026-02-02 12:52:17,Maharashtra,Private University,B.Tech,Others,6.0 – 7.0,2 – 4 hours,"YouTube, ChatGPT / AI tools",2,,,,,,,,
1531,48cdb835c278ac6b10eed195f85632896d3be15d20d75197a0b916b2395939a6,2026-02-23 10:35:09,Week 2,45,4 – 6 hours,4,2,Rarely,"ChatGPT, Google Gemini, Microsoft Copilot, Claude, Perplexity AI, Grammarly, Jasper AI, Tabnine, Canva AI, Adobe Firefly",6 – 10,4,Mobile-only access,4,4,False,80.0,Slightly better,"YouTube, Coursera / Udemy / edX, Notion / Anki / Obsidian, Physical Notes",2026-01-27 00:18:46,Telangana,IIT / NIT,B.Sc,3rd Year,7.0 – 8.0,0 – 2 hours,"YouTube, NPTEL / SWAYAM, ChatGPT / AI tools, WhatsApp / Telegram, Physical notes only",5,,,,,,,,
1532,32b68dc8923730efba7e69129bcc4d5555495cc9359174e99e3d50570ce6de44,2026-02-23 10:35:57,Week 2,50,4 – 6 hours,2,2,Rarely,"ChatGPT, Google Gemini, Microsoft Copilot, Claude, Grammarly, Jasper AI, Codeium, Replit AI, DALL·E, Adobe Firefly, Khanmigo (Khan Academy AI)",6 – 10,4,NaN,4,3,False,90.0,Slightly better,"YouTube, NPTEL / SWAYAM, Coursera / Udemy / edX, College LMS, Notion / Anki / Obsidian",2026-01-31 14:55:58,Kerala,State University,B.Sc,1st Year,7.0 – 8.0,0 – 2 hours,"YouTube, ChatGPT / AI tools, College LMS, WhatsApp / Telegram",4,,,,,,,,
1533,a091d9857e1b26dac9ad43d43de3cfab7f19df9cadb73e095b0b4a74a5e9bc3d,2026-02-23 10:36:55,Week 2,60,6+ hours,3,3,Sometimes,"ChatGPT, Google Gemini, Microsoft Copilot, Claude, Grammarly, QuillBot, Jasper AI, Codeium, Tabnine, Canva AI, Adobe Firefly",10+,5,Health / stress issues,5,5,False,80.0,Slightly better,"YouTube, NPTEL / SWAYAM, Coursera / Udemy / edX, College LMS, Notion / Anki / Obsidian, WhatsApp / Telegram (for study purposes), Physical Notes",2026-01-27 19:47:23,Tamil Nadu,Deemed University,B.Tech,4th Year,9.0+,0 – 2 hours,"YouTube, ChatGPT / AI tools, WhatsApp / Telegram",3,,,,,,,,
1534,9f7b57d47f3cd447af0a85a35c1ce5b1287d471159595088cd7493a849b93059,2026-02-23 10:37:44,Week 2,70,6+ hours,3,3,Sometimes,"ChatGPT, Google Gemini, Microsoft Copilot, Claude, Perplexity AI, Grammarly, QuillBot, Notion AI, Codeium, Replit AI, Canva AI, DALL·E, Midjourney, Adobe Firefly",6 – 10,4,"Poor internet, No quiet study space, Health / stress issues",5,4,False,,About the same,"YouTube, NPTEL / SWAYAM, Coursera / Udemy / edX, College LMS, Notion / Anki / Obsidian, WhatsApp / Telegram (for study purposes), Physical Notes",2026-02-02 12:38:26,Punjab,Central University,B.Tech,1st Year,6.0 – 7.0,4 – 6 hours,"YouTube, NPTEL / SWAYAM, Coursera / Udemy / edX, ChatGPT / AI tools, College LMS, WhatsApp / Telegram",6,,,,,,,,
1535,794e3ecad2e18d7bce8d1013a9e08fe529cc63443905f9864cedec22f7a9459b,2026-02-23 10:38:39,Week 2,60,6+ hours,3,3,Often,"ChatGPT, Google Gemini, Microsoft Copilot, Claude, Perplexity AI, Grammarly, Jasper AI, GitHub Copilot, Canva AI",6 – 10,3,NaN,4,4,False,75.0,Much better,"YouTube, NPTEL / SWAYAM, Coursera / Udemy / edX, College LMS, Notion / Anki / Obsidian, WhatsApp / Telegram (for study purposes), Physical Notes",2025-12-27 12:35:23,Tamil Nadu,Deemed University,B.Tech,3rd Year,6.0 – 7.0,0 – 2 hours,"YouTube, ChatGPT / AI tools",2,,,,,,,,
1536,a091d9857e1b26dac9ad43d43de3cfab7f19df9cadb73e095b0b4a74a5e9bc3d,2026-02-23 10:40:54,Week 2,70,6+ hours,4,1,Often,"ChatGPT, Google Gemini, Microsoft Copilot, Claude, Perplexity AI, Grammarly, QuillBot, Notion AI, GitHub Copilot, DALL·E",10+,4,Health / stress issues,4,4,False,85.0,About the same,"YouTube, NPTEL / SWAYAM, Coursera / Udemy / edX, College LMS, Notion / Anki / Obsidian, WhatsApp / Telegram (for study purposes), Physical Notes",2026-01-27 19:47:23,Tamil Nadu,Deemed University,B.Tech,4th Year,9.0+,0 – 2 hours,"YouTube, ChatGPT / AI tools, WhatsApp / Telegram",3,,,,,,,,
1537,794e3ecad2e18d7bce8d1013a9e08fe529cc63443905f9864cedec22f7a9459b,2026-02-23 10:42:01,Week 2,65,6+ hours,4,2,Sometimes,"ChatGPT, Google Gemini, Microsoft Copilot, Claude, Perplexity AI, Grammarly, QuillBot, Notion AI, Codeium",6 – 10,4,Health / stress issues,3,3,False,70.0,Much better,"YouTube, NPTEL / SWAYAM, Coursera / Udemy / edX, College LMS, Notion / Anki / Obsidian, WhatsApp / Telegram (for study purposes), Physical Notes",2025-12-27 12:35:23,Tamil Nadu,Deemed University,B.Tech,3rd Year,6.0 – 7.0,0 – 2 hours,"YouTube, ChatGPT / AI tools",2,,,,,,,,
1538,384ceb85e96e6aa2ecda396e81a782b00f64a547b8639cec5570f556cec3c71d,2026-02-23 10:42:59,Week 2,55,6+ hours,5,5,Always,"ChatGPT, Google Gemini, Microsoft Copilot, Claude, Perplexity AI, Grammarly, QuillBot, Jasper AI, GitHub Copilot, Replit AI",10+,5,No quiet study space,5,5,False,80.0,Slightly better,"YouTube, NPTEL / SWAYAM, Coursera / Udemy / edX, College LMS, WhatsApp / Telegram (for study purposes)",2026-02-23 10:05:39,Kerala,Private University,B.Com,2nd Year,8.0 – 9.0,4 – 6 hours,"NPTEL / SWAYAM, Coursera / Udemy / edX, College LMS, Physical notes",4,,,,,,,,
1539,266344e1c50b449d6d5dbec5b4b1af3236f13cc0b97871acccf3da3697283f82,2026-02-23 10:44:12,Week 2,50,6+ hours,5,2,Sometimes,"ChatGPT, Google Gemini, Microsoft Copilot, Claude, Perplexity AI, Grammarly, Notion AI, Codeium, Tabnine, Canva AI",10+,5,Mobile-only access,5,4,False,66.0,Slightly worse,"YouTube, NPTEL / SWAYAM, Coursera / Udemy / edX, College LMS, Notion / Anki / Obsidian, WhatsApp / Telegram (for study purposes), Physical Notes",2026-01-16 12:24:26,Tamil Nadu,Private University,B.Tech,3rd Year,9.0+,2 – 4 hours,"YouTube, ChatGPT / AI tools, Notion / Anki / Obsidian, WhatsApp / Telegram",4,,,,,,,,
1540,a0844c331d7454600df29956fea1f640e9035aa0e376172eded377ff472dedbe,2026-02-23 10:45:06,Week 2,60,6+ hours,5,3,Sometimes,"ChatGPT, Google Gemini, Microsoft Copilot, Claude, Perplexity AI, Grammarly, QuillBot, Notion AI, GitHub Copilot, Replit AI, Canva AI, Adobe Firefly",6 – 10,4,"Poor internet, No quiet study space",5,4,False,56.0,Much worse,"YouTube, NPTEL / SWAYAM, Coursera / Udemy / edX, College LMS, Notion / Anki / Obsidian, WhatsApp / Telegram (for study purposes), Physical Notes",2026-01-31 18:46:52,Karnataka,Central University,B.Sc,1st Year,7.0 – 8.0,2 – 4 hours,"NPTEL / SWAYAM, Coursera / Udemy / edX, ChatGPT / AI tools, College LMS, WhatsApp / Telegram, Physical notes",6,,,,,,,,
1541,9c37b8db9c39e670e8422cf5afe252221762450c6f3d1f72c8ef3cdfe0a584e6,2026-02-23 10:46:14,Week 2,56,6+ hours,5,2,Sometimes,"ChatGPT, Google Gemini, Microsoft Copilot, Claude, Perplexity AI, Grammarly, QuillBot, Notion AI",10+,4,"Poor internet, Mobile-only access",3,3,False,60.0,Slightly worse,"YouTube, NPTEL / SWAYAM, Coursera / Udemy / edX, College LMS, Notion / Anki / Obsidian, WhatsApp / Telegram (for study purposes), Physical Notes",2026-02-23 10:10:44,Tamil Nadu,State University,B.Sc,2nd Year,7.0 – 8.0,2 – 4 hours,"YouTube, NPTEL / SWAYAM, Coursera / Udemy / edX, ChatGPT / AI tools, College LMS",5,,,,,,,,
1542,781a9f368166d71405348c3b65fa0645e7cab12d017be1e369eb8d7a5cd5fb1d,2026-02-23 10:47:04,Week 2,60,4 – 6 hours,4,5,Sometimes,"ChatGPT, Google Gemini, Microsoft Copilot, Claude, Perplexity AI, Grammarly, QuillBot, Notion AI, Jasper AI",10+,5,Poor internet,5,5,False,75.0,About the same,"YouTube, College LMS, WhatsApp / Telegram (for study purposes), Physical Notes",2026-02-02 12:40:04,Maharashtra,IIT / NIT,B.Com,4th Year,7.0 – 8.0,2 – 4 hours,"YouTube, NPTEL / SWAYAM, Coursera / Udemy / edX, ChatGPT / AI tools, Notion / Anki / Obsidian, College LMS, WhatsApp / Telegram, Physical notes",8,,,,,,,,
1543,cf47f395a464caa7ab1da1745c2d650002296d75e8eac41561b430a83f4382f8,2026-02-23 10:48:16,Week 2,45,4 – 6 hours,5,3,Often,"ChatGPT, Google Gemini, Claude, Perplexity AI, Grammarly",6 – 10,4,Poor internet,5,4,False,90.0,Slightly better,"YouTube, NPTEL / SWAYAM, College LMS, WhatsApp / Telegram (for study purposes)",2026-01-31 18:49:58,Tamil Nadu,Central University,B.Sc,3rd Year,7.0 – 8.0,2 – 4 hours,"YouTube, NPTEL / SWAYAM, Coursera / Udemy / edX, ChatGPT / AI tools, Notion / Anki / Obsidian",5,,,,,,,,
1545,f8041b50a2c1379ae1a539104ac8cfff2e7475d9225620826e59c80d286afe76,2026-02-23 11:07:02,Week 3,40,4 – 6 hours,3,3,Sometimes,"ChatGPT, Google Gemini, Microsoft Copilot, Claude, Perplexity AI, Grammarly",3 – 6,2,NaN,3,3,False,,Slightly worse,"YouTube, College LMS, Notion / Anki / Obsidian",2026-01-31 18:25:54,Andhra Pradesh,Private University,B.Sc,3rd Year,7.0 – 8.0,0 – 2 hours,"YouTube, NPTEL / SWAYAM, Notion / Anki / Obsidian, College LMS, WhatsApp / Telegram",5,,,,,,,,
1546,219d4ac6903fffab5ab1d64d6ed0b331adcc691f0e116fb7f62cefba91f7b0ec,2026-02-23 11:07:50,Week 3,30,2 – 4 hours,2,2,Rarely,"ChatGPT, Google Gemini, Perplexity AI, Grammarly",1 – 3,2,NaN,3,3,False,,Slightly worse,"YouTube, NPTEL / SWAYAM, Coursera / Udemy / edX, College LMS",2025-12-26 18:34:24,Andhra Pradesh,Private University,B.Tech,3rd Year,9.0+,0 – 2 hours,ChatGPT / AI tools,1,,,,,,,,
1547,16a56bf3b362259b32e3bc7d18a95d94213241560809ad3c4d5ddba644365acb,2026-02-23 11:08:32,Week 3,30,4 – 6 hours,2,2,Sometimes,"ChatGPT, Google Gemini, Microsoft Copilot, Claude, Perplexity AI",1 – 3,2,Poor internet,2,2,False,,Much worse,"YouTube, NPTEL / SWAYAM, Coursera / Udemy / edX, College LMS",2026-02-19 13:19:58,Tamil Nadu,State University,B.Sc,2nd Year,8.0 – 9.0,2 – 4 hours,"YouTube, NPTEL / SWAYAM, Coursera / Udemy / edX, ChatGPT / AI tools, Notion / Anki / Obsidian",5,,,,,,,,
1548,3a16c6fa9dbc26f91e12cdd112bec4f2953a34f47097d3424e3f551bb022a684,2026-02-23 11:09:19,Week 3,30,2 – 4 hours,3,3,Sometimes,"ChatGPT, Google Gemini, Microsoft Copilot, Claude, Perplexity AI, QuillBot",1 – 3,3,NaN,3,3,False,,About the same,"YouTube, NPTEL / SWAYAM, Coursera / Udemy / edX, College LMS",2026-01-31 18:44:48,Tamil Nadu,Private University,BBA,1st Year,6.0 – 7.0,0 – 2 hours,"YouTube, Coursera / Udemy / edX, ChatGPT / AI tools, College LMS, WhatsApp / Telegram, Physical notes",6,,,,,,,,
1549,3d83828233d057f5e1e37a4c9e784850077d6638768e69b0f6b5d4e5e2dfc994,2026-02-23 11:12:41,Week 3,20,2 – 4 hours,3,3,Sometimes,"ChatGPT, Google Gemini, Microsoft Copilot, Claude, Perplexity AI, Grammarly, QuillBot",1 – 3,3,Health / stress issues,2,2,False,,Slightly worse,"YouTube, NPTEL / SWAYAM, Coursera / Udemy / edX, College LMS, Notion / Anki / Obsidian",2026-01-12 21:41:37,Tamil Nadu,Private University,B.Tech,3rd Year,8.0 – 9.0,0 – 2 hours,"YouTube, ChatGPT / AI tools",2,,,,,,,,
1550,a091d9857e1b26dac9ad43d43de3cfab7f19df9cadb73e095b0b4a74a5e9bc3d,2026-02-23 11:13:20,Week 3,20,2 – 4 hours,2,2,Rarely,"ChatGPT, Google Gemini, Microsoft Copilot, Claude",1 – 3,2,NaN,3,2,False,,About the same,"YouTube, Coursera / Udemy / edX, Notion / Anki / Obsidian",2026-01-27 19:47:23,Tamil Nadu,Deemed University,B.Tech,4th Year,9.0+,0 – 2 hours,"YouTube, ChatGPT / AI tools, WhatsApp / Telegram",3,,,,,,,,
1551,86b1b7c8fd97ac6aa33f3f67e3c3652ee35ae2226cc4798385726481eea05f57,2026-02-23 11:14:00,Week 4,10,0 – 2 hours,1,1,Never,"ChatGPT, Google Gemini",1 – 3,2,Poor internet,1,1,False,,Much worse,"YouTube, Coursera / Udemy / edX",2026-01-31 18:50:27,Tamil Nadu,Central University,B.Tech,1st Year,7.0 – 8.0,0 – 2 hours,"YouTube, ChatGPT / AI tools, College LMS, WhatsApp / Telegram",4,,,,,,,,
1552,0e155a1241bd00b2d588262223a52e0f8a911a4000092f096e6968dccae9e61b,2026-02-24 12:14:09,Week 2,50,6+ hours,4,4,Sometimes,"ChatGPT, Google Gemini, Microsoft Copilot, Claude, Grammarly, QuillBot, Notion AI, Midjourney, Adobe Firefly, Khanmigo (Khan Academy AI)",6 – 10,5,"Poor internet, Mobile-only access, Health / stress issues",3,3,False,60.0,About the same,"YouTube, NPTEL / SWAYAM, Coursera / Udemy / edX, College LMS, Notion / Anki / Obsidian, WhatsApp / Telegram (for study purposes)",2026-02-03 11:16:29,Tamil Nadu,IIT / NIT,B.Tech,4th Year,8.0 – 9.0,2 – 4 hours,"ChatGPT / AI tools, College LMS",2,,,,,,,,
1553,16a56bf3b362259b32e3bc7d18a95d94213241560809ad3c4d5ddba644365acb,2026-02-24 12:16:26,Week 2,40,4 – 6 hours,3,3,Sometimes,"ChatGPT, Google Gemini, Microsoft Copilot, Claude, Perplexity AI, Grammarly, QuillBot, GitHub Copilot, Codeium",6 – 10,4,"Poor internet, Mobile-only access, No quiet study space",3,3,False,70.0,Slightly better,"YouTube, NPTEL / SWAYAM, Coursera / Udemy / edX, College LMS, Notion / Anki / Obsidian, Physical Notes",2026-02-19 13:19:58,Tamil Nadu,State University,B.Sc,2nd Year,8.0 – 9.0,2 – 4 hours,"YouTube, NPTEL / SWAYAM, Coursera / Udemy / edX, ChatGPT / AI tools, Notion / Anki / Obsidian",5,,,,,,,,
1554,5e849a6892d6df48c1362529cab706d619efa96a172b3f715bc1f5ccd5ca61ec,2026-02-25 23:11:19,Week 3,4,2 – 4 hours,3,3,Sometimes,"ChatGPT, Microsoft Copilot, QuillBot",1 – 3,3,No quiet study space,3,3,False,,Slightly worse,YouTube,2026-02-02 13:01:28,Uttar Pradesh,IIT / NIT,BA,Others,8.0 – 9.0,2 – 4 hours,"YouTube, ChatGPT / AI tools",2,,,,,,,,
1555,bed0f2897fdcff9c379616ea83849b1ca59a967db6315c91cd8fcf4fcf4c7216,2026-02-26 00:09:17,Week 3,2,0 – 2 hours,2,2,Rarely,ChatGPT,1 – 3,2,Poor internet,2,2,False,,Slightly worse,NaN,2026-01-31 18:46:23,Andhra Pradesh,State University,B.Sc,2nd Year,7.0 – 8.0,2 – 4 hours,"YouTube, NPTEL / SWAYAM, WhatsApp / Telegram",3,,,,,,,,
1556,8ded4921661c4a18e633a572258dbd0f9a2c004f4aa3e9e2057a670d47566de6,2026-02-26 00:14:22,Week 2,9,6+ hours,5,5,Often,"ChatGPT, Google Gemini, Claude",3 – 6,4,NaN,4,5,False,,Much better,"YouTube, WhatsApp / Telegram (for study purposes), Physical Notes",2026-02-03 11:19:03,Kerala,Private University,B.Sc,3rd Year,Prefer not to say,2 – 4 hours,"NPTEL / SWAYAM, WhatsApp / Telegram, Physical notes",3,,,,,,,,
1557,794e3ecad2e18d7bce8d1013a9e08fe529cc63443905f9864cedec22f7a9459b,2026-02-26 00:14:46,Week 1,68,4 – 6 hours,4,4,Often,"ChatGPT, Google Gemini, Microsoft Copilot, Claude, Perplexity AI",10+,5,NaN,4,4,False,,Slightly better,YouTube,2025-12-27 12:35:23,Tamil Nadu,Deemed University,B.Tech,3rd Year,6.0 – 7.0,0 – 2 hours,"YouTube, ChatGPT / AI tools",2,,,,,,,,
1558,0e155a1241bd00b2d588262223a52e0f8a911a4000092f096e6968dccae9e61b,2026-02-26 00:16:28,Week 2,68,6+ hours,5,5,Always,"ChatGPT, Google Gemini, Microsoft Copilot, Claude, Perplexity AI",10+,5,NaN,5,5,False,80.0,Much better,"YouTube, College LMS, WhatsApp / Telegram (for study purposes), Physical Notes",2026-02-03 11:16:29,Tamil Nadu,IIT / NIT,B.Tech,4th Year,8.0 – 9.0,2 – 4 hours,"ChatGPT / AI tools, College LMS",2,,,,,,,,
1559,81ddebb1fc0e6b009a5655dea87854093d1374914f03d128e615c955c9007504,2026-02-26 00:17:35,Week 3,50,4 – 6 hours,3,3,Sometimes,ChatGPT,3 – 6,4,NaN,2,2,False,,Slightly worse,YouTube,2026-01-12 20:20:23,Tamil Nadu,Private University,B.Tech,3rd Year,7.0 – 8.0,2 – 4 hours,"YouTube, ChatGPT / AI tools, WhatsApp / Telegram, Physical notes only",4,,,,,,,,
1560,266344e1c50b449d6d5dbec5b4b1af3236f13cc0b97871acccf3da3697283f82,2026-02-26 00:18:16,Week 4,2,0 – 2 hours,2,2,Rarely,NaN,0,1,NaN,1,1,False,,Much worse,NaN,2026-01-16 12:24:26,Tamil Nadu,Private University,B.Tech,3rd Year,9.0+,2 – 4 hours,"YouTube, ChatGPT / AI tools, Notion / Anki / Obsidian, WhatsApp / Telegram",4,,,,,,,,
1561,81ddebb1fc0e6b009a5655dea87854093d1374914f03d128e615c955c9007504,2026-02-26 00:18:30,Week 4,40,2 – 4 hours,3,3,Never,ChatGPT,1 – 3,3,NaN,3,1,False,,Much worse,YouTube,2026-01-12 20:20:23,Tamil Nadu,Private University,B.Tech,3rd Year,7.0 – 8.0,2 – 4 hours,"YouTube, ChatGPT / AI tools, WhatsApp / Telegram, Physical notes only",4,,,,,,,,
1562,3a16c6fa9dbc26f91e12cdd112bec4f2953a34f47097d3424e3f551bb022a684,2026-02-26 09:56:15,Week 1,67,6+ hours,4,4,Often,"ChatGPT, Google Gemini, Microsoft Copilot, Claude, Perplexity AI",6 – 10,4,NaN,4,4,False,,Slightly better,"YouTube, College LMS, WhatsApp / Telegram (for study purposes), Physical Notes",2026-01-31 18:44:48,Tamil Nadu,Private University,BBA,1st Year,6.0 – 7.0,0 – 2 hours,"YouTube, Coursera / Udemy / edX, ChatGPT / AI tools, College LMS, WhatsApp / Telegram, Physical notes",6,,,,,,,,
1563,16a56bf3b362259b32e3bc7d18a95d94213241560809ad3c4d5ddba644365acb,2026-02-26 09:57:57,Week 2,69,6+ hours,5,5,Always,"ChatGPT, Google Gemini, Microsoft Copilot, Claude, Perplexity AI, Canva AI",10+,5,NaN,5,5,False,80.0,Much better,"YouTube, College LMS, WhatsApp / Telegram (for study purposes), Physical Notes",2026-02-19 13:19:58,Tamil Nadu,State University,B.Sc,2nd Year,8.0 – 9.0,2 – 4 hours,"YouTube, NPTEL / SWAYAM, Coursera / Udemy / edX, ChatGPT / AI tools, Notion / Anki / Obsidian",5,,,,,,,,
1564,6cdee50dedfbbd1a46317cf81321165ab42071b577d2f1514daac32cb4160095,2026-02-26 10:04:30,Week 3,46,4 – 6 hours,3,3,Sometimes,"ChatGPT, Microsoft Copilot",3 – 6,2,NaN,3,2,False,,Slightly worse,"YouTube, College LMS, WhatsApp / Telegram (for study purposes), Physical Notes",2026-02-02 12:39:28,Gujarat,Private University,B.Tech,3rd Year,8.0 – 9.0,6+ hours,NaN,1,,,,,,,,
1565,ef4aca4b5a9ddc8cfe1cda04eef5cb540a47e603dac29e3f59b7bdd1a387191d,2026-02-26 10:05:56,Week 3,20,2 – 4 hours,2,2,Never,"ChatGPT, Google Gemini",1 – 3,2,NaN,2,1,False,,Slightly better,YouTube,2026-02-02 12:52:17,Maharashtra,Private University,B.Tech,Others,6.0 – 7.0,2 – 4 hours,"YouTube, ChatGPT / AI tools",2,,,,,,,,
1566,9f7b57d47f3cd447af0a85a35c1ce5b1287d471159595088cd7493a849b93059,2026-02-26 10:07:56,Week 3,10,0 – 2 hours,1,1,Never,"ChatGPT, Google Gemini",1 – 3,2,NaN,1,1,False,,Much worse,"YouTube, College LMS",2026-02-02 12:38:26,Punjab,Central University,B.Tech,1st Year,6.0 – 7.0,4 – 6 hours,"YouTube, NPTEL / SWAYAM, Coursera / Udemy / edX, ChatGPT / AI tools, College LMS, WhatsApp / Telegram",6,,,,,,,,
1567,2b17d11e7d9c1af7a7fed72e60e90a5ee797f0b6e0cc8645592f6fdc2ad13cd2,2026-02-26 10:07:59,Week 3,17,6+ hours,3,3,Sometimes,"ChatGPT, Perplexity AI",6 – 10,4,NaN,4,3,False,,About the same,"YouTube, WhatsApp / Telegram (for study purposes), Physical Notes",2026-01-31 18:51:00,Tamil Nadu,State University,B.Tech,1st Year,6.0 – 7.0,2 – 4 hours,"YouTube, Coursera / Udemy / edX, ChatGPT / AI tools, Notion / Anki / Obsidian, WhatsApp / Telegram",5,,,,,,,,
1568,ad04e596e1af01ab238040c91de85cefe7f49fb2aabec57135e928a5ee02305e,2026-02-26 10:09:09,Week 3,15,0 – 2 hours,1,1,Never,"ChatGPT, Google Gemini",1 – 3,2,NaN,1,1,False,,Slightly worse,"YouTube, College LMS, Physical Notes",2026-02-02 13:10:08,Karnataka,IIT / NIT,BBA,Others,7.0 – 8.0,2 – 4 hours,"YouTube, NPTEL / SWAYAM",2,,,,,,,,
1569,b9c03c59028b4485073ac377b7c14dfe728898b0dccd931ebc2eea5d5b1d746a,2026-02-26 10:10:18,Week 3,10,0 – 2 hours,1,1,Never,ChatGPT,1 – 3,2,NaN,1,1,False,,Much worse,YouTube,2025-12-27 14:52:29,Tamil Nadu,Central University,B.Tech,3rd Year,8.0 – 9.0,2 – 4 hours,"ChatGPT / AI tools, College LMS, WhatsApp / Telegram",3,,,,,,,,
1570,c4fc9686cc1b927682fbf989fe97901e479c7d5a214ce073d7cc6062f4682ed6,2026-02-26 10:11:24,Week 3,10,0 – 2 hours,2,2,Never,"ChatGPT, Google Gemini",1 – 3,1,NaN,2,1,False,,Much worse,YouTube,2026-02-23 10:06:40,Andhra Pradesh,Private University,B.Com,3rd Year,6.0 – 7.0,0 – 2 hours,"Coursera / Udemy / edX, ChatGPT / AI tools, Notion / Anki / Obsidian, WhatsApp / Telegram",4,,,,,,,,
1571,ef4aca4b5a9ddc8cfe1cda04eef5cb540a47e603dac29e3f59b7bdd1a387191d,2026-02-26 10:12:20,Week 3,10,2 – 4 hours,1,1,Never,ChatGPT,1 – 3,1,NaN,1,2,False,,Slightly worse,YouTube,2026-02-02 12:52:17,Maharashtra,Private University,B.Tech,Others,6.0 – 7.0,2 – 4 hours,"YouTube, ChatGPT / AI tools",2,,,,,,,,
1572,219d4ac6903fffab5ab1d64d6ed0b331adcc691f0e116fb7f62cefba91f7b0ec,2026-02-26 10:13:20,Week 3,10,2 – 4 hours,1,1,Never,"ChatGPT, Google Gemini",1 – 3,2,NaN,2,1,False,,Slightly worse,YouTube,2025-12-26 18:34:24,Andhra Pradesh,Private University,B.Tech,3rd Year,9.0+,0 – 2 hours,ChatGPT / AI tools,1,,,,,,,,
1573,97b26b3698560201c1218be1d50871d93f4ae1f4a79deeb268b0ba686e43fdeb,2026-02-26 10:14:20,Week 3,10,0 – 2 hours,1,1,Never,ChatGPT,1 – 3,2,NaN,2,1,False,,Much worse,YouTube,2025-12-26 07:18:01,Tamil Nadu,Deemed University,B.Tech,3rd Year,8.0 – 9.0,0 – 2 hours,"ChatGPT / AI tools, College LMS, WhatsApp / Telegram",3,,,,,,,,
1574,8ded4921661c4a18e633a572258dbd0f9a2c004f4aa3e9e2057a670d47566de6,2026-02-26 10:14:42,Week 4,10,6+ hours,2,2,Sometimes,"ChatGPT, Google Gemini",3 – 6,4,No quiet study space,3,3,False,,About the same,"YouTube, Coursera / Udemy / edX",2026-02-03 11:19:03,Kerala,Private University,B.Sc,3rd Year,Prefer not to say,2 – 4 hours,"NPTEL / SWAYAM, WhatsApp / Telegram, Physical notes",3,,,,,,,,
1575,49c29b44c0f2dba949371e3de5aaea4ace47ef333c771bda5ab86551a01e7a7d,2026-02-26 10:15:38,Week 3,8,2 – 4 hours,1,1,Never,Google Gemini,1 – 3,1,NaN,1,1,False,,Slightly worse,YouTube,2026-02-02 12:49:39,Uttar Pradesh,Central University,B.Tech,Others,8.0 – 9.0,2 – 4 hours,"YouTube, ChatGPT / AI tools",2,,,,,,,,
1576,2b17d11e7d9c1af7a7fed72e60e90a5ee797f0b6e0cc8645592f6fdc2ad13cd2,2026-02-26 10:17:37,Week 3,9,0 – 2 hours,1,2,Never,ChatGPT,1 – 3,1,NaN,1,1,False,,Slightly worse,YouTube,2026-01-31 18:51:00,Tamil Nadu,State University,B.Tech,1st Year,6.0 – 7.0,2 – 4 hours,"YouTube, Coursera / Udemy / edX, ChatGPT / AI tools, Notion / Anki / Obsidian, WhatsApp / Telegram",5,,,,,,,,
1577,8ded4921661c4a18e633a572258dbd0f9a2c004f4aa3e9e2057a670d47566de6,2026-02-26 10:18:30,Week 3,6,0 – 2 hours,1,1,Never,ChatGPT,1 – 3,1,NaN,1,1,False,,Much worse,YouTube,2026-02-03 11:19:03,Kerala,Private University,B.Sc,3rd Year,Prefer not to say,2 – 4 hours,"NPTEL / SWAYAM, WhatsApp / Telegram, Physical notes",3,,,,,,,,
1578,266344e1c50b449d6d5dbec5b4b1af3236f13cc0b97871acccf3da3697283f82,2026-02-26 10:19:45,Week 3,8,0 – 2 hours,1,1,Never,ChatGPT,0,1,NaN,1,1,False,,Much worse,YouTube,2026-01-16 12:24:26,Tamil Nadu,Private University,B.Tech,3rd Year,9.0+,2 – 4 hours,"YouTube, ChatGPT / AI tools, Notion / Anki / Obsidian, WhatsApp / Telegram",4,,,,,,,,
1579,3a16c6fa9dbc26f91e12cdd112bec4f2953a34f47097d3424e3f551bb022a684,2026-02-26 10:21:01,Week 3,35,2 – 4 hours,2,2,Rarely,Google Gemini,1 – 3,1,NaN,1,2,False,,Slightly worse,YouTube,2026-01-31 18:44:48,Tamil Nadu,Private University,BBA,1st Year,6.0 – 7.0,0 – 2 hours,"YouTube, Coursera / Udemy / edX, ChatGPT / AI tools, College LMS, WhatsApp / Telegram, Physical notes",6,,,,,,,,
1580,cf47f395a464caa7ab1da1745c2d650002296d75e8eac41561b430a83f4382f8,2026-02-26 10:21:57,Week 3,5,0 – 2 hours,1,1,Never,ChatGPT,0,1,NaN,1,1,False,,Much worse,YouTube,2026-01-31 18:49:58,Tamil Nadu,Central University,B.Sc,3rd Year,7.0 – 8.0,2 – 4 hours,"YouTube, NPTEL / SWAYAM, Coursera / Udemy / edX, ChatGPT / AI tools, Notion / Anki / Obsidian",5,,,,,,,,
1581,1dd2975d45d1e27948cae456e3827e3b50778c013fecee985fb0422f4a492ba2,2026-02-26 10:22:53,Week 3,5,0 – 2 hours,1,1,Never,ChatGPT,1 – 3,2,NaN,1,1,False,,Much worse,YouTube,2026-02-19 13:17:59,Andhra Pradesh,State University,B.Tech,2nd Year,7.0 – 8.0,6+ hours,"YouTube, NPTEL / SWAYAM, Coursera / Udemy / edX, ChatGPT / AI tools, Notion / Anki / Obsidian, College LMS, WhatsApp / Telegram, Physical notes",8,,,,,,,,
1582,384ceb85e96e6aa2ecda396e81a782b00f64a547b8639cec5570f556cec3c71d,2026-02-26 10:23:52,Week 3,6,0 – 2 hours,1,1,Never,Google Gemini,0,1,NaN,1,1,False,,Much worse,YouTube,2026-02-23 10:05:39,Kerala,Private University,B.Com,2nd Year,8.0 – 9.0,4 – 6 hours,"NPTEL / SWAYAM, Coursera / Udemy / edX, College LMS, Physical notes",4,,,,,,,,
1583,1dd2975d45d1e27948cae456e3827e3b50778c013fecee985fb0422f4a492ba2,2026-02-26 10:25:56,Week 3,2,0 – 2 hours,1,1,Never,ChatGPT,1 – 3,1,NaN,1,1,False,,Slightly worse,YouTube,2026-02-19 13:17:59,Andhra Pradesh,State University,B.Tech,2nd Year,7.0 – 8.0,6+ hours,"YouTube, NPTEL / SWAYAM, Coursera / Udemy / edX, ChatGPT / AI tools, Notion / Anki / Obsidian, College LMS, WhatsApp / Telegram, Physical notes",8,,,,,,,,
1584,7b5c4bd7d59556f437489bc9729a8c19655b90085e45e8dff621cf66913fc521,2026-02-26 10:27:04,Week 3,4,0 – 2 hours,1,1,Never,"Claude, GitHub Copilot",1 – 3,1,NaN,1,1,False,,Much worse,YouTube,2026-02-23 10:13:22,Kerala,State University,B.Tech,3rd Year,Prefer not to say,2 – 4 hours,"YouTube, NPTEL / SWAYAM, Coursera / Udemy / edX, ChatGPT / AI tools, Notion / Anki / Obsidian, College LMS, WhatsApp / Telegram, Physical notes",8,,,,,,,,
1585,384ceb85e96e6aa2ecda396e81a782b00f64a547b8639cec5570f556cec3c71d,2026-02-26 10:28:22,Week 3,4,0 – 2 hours,1,1,Never,ChatGPT,0,1,NaN,1,1,False,,Much worse,YouTube,2026-02-23 10:05:39,Kerala,Private University,B.Com,2nd Year,8.0 – 9.0,4 – 6 hours,"NPTEL / SWAYAM, Coursera / Udemy / edX, College LMS, Physical notes",4,,,,,,,,
1586,ea6dc2fae8a61411b9d6de51699ca6787330c0036ffedddf4a649648fefe8732,2026-02-26 10:29:45,Week 3,6,0 – 2 hours,1,1,Never,Claude,1 – 3,1,NaN,2,1,False,,Much worse,YouTube,2026-01-31 18:48:18,Andhra Pradesh,Private University,B.Tech,4th Year,7.0 – 8.0,2 – 4 hours,"YouTube, ChatGPT / AI tools, College LMS, WhatsApp / Telegram",4,,,,,,,,
1587,f90ab6deefe14d178606a393182b36cdc645169d692772666b9c29214c2a4e40,2026-02-26 10:30:56,Week 3,10,0 – 2 hours,1,1,Never,NaN,0,1,NaN,1,1,False,,Much worse,NaN,2026-02-05 21:56:57,Telangana,Private University,B.Tech,3rd Year,7.0 – 8.0,0 – 2 hours,"ChatGPT / AI tools, WhatsApp / Telegram",2,,,,,,,,
1588,781a9f368166d71405348c3b65fa0645e7cab12d017be1e369eb8d7a5cd5fb1d,2026-02-26 10:32:20,Week 3,8,0 – 2 hours,1,1,Never,Google Gemini,1 – 3,1,NaN,1,1,False,,Much worse,YouTube,2026-02-02 12:40:04,Maharashtra,IIT / NIT,B.Com,4th Year,7.0 – 8.0,2 – 4 hours,"YouTube, NPTEL / SWAYAM, Coursera / Udemy / edX, ChatGPT / AI tools, Notion / Anki / Obsidian, College LMS, WhatsApp / Telegram, Physical notes",8,,,,,,,,
1589,cf47f395a464caa7ab1da1745c2d650002296d75e8eac41561b430a83f4382f8,2026-02-26 10:33:22,Week 3,9,0 – 2 hours,1,1,Never,ChatGPT,0,1,NaN,1,1,False,,Much worse,YouTube,2026-01-31 18:49:58,Tamil Nadu,Central University,B.Sc,3rd Year,7.0 – 8.0,2 – 4 hours,"YouTube, NPTEL / SWAYAM, Coursera / Udemy / edX, ChatGPT / AI tools, Notion / Anki / Obsidian",5,,,,,,,,
1590,d2db0cecaf1edf2f34e8fcb492052acd27453600c6cc493e25700d9c3b289761,2026-02-26 10:35:00,Week 3,10,0 – 2 hours,1,1,Never,ChatGPT,0,1,NaN,1,1,False,,Much worse,YouTube,2026-02-02 12:56:07,Uttar Pradesh,IIT / NIT,Other,2nd Year,Prefer not to say,2 – 4 hours,"YouTube, Coursera / Udemy / edX",2,,,,,,,,
1591,794e3ecad2e18d7bce8d1013a9e08fe529cc63443905f9864cedec22f7a9459b,2026-02-26 10:36:24,Week 3,3,0 – 2 hours,1,1,Never,Google Gemini,1 – 3,1,NaN,1,1,False,,Much worse,YouTube,2025-12-27 12:35:23,Tamil Nadu,Deemed University,B.Tech,3rd Year,6.0 – 7.0,0 – 2 hours,"YouTube, ChatGPT / AI tools",2,,,,,,,,
1592,f8041b50a2c1379ae1a539104ac8cfff2e7475d9225620826e59c80d286afe76,2026-02-26 10:37:39,Week 3,20,2 – 4 hours,2,2,Rarely,Google Gemini,1 – 3,2,NaN,2,2,False,,Much worse,NaN,2026-01-31 18:25:54,Andhra Pradesh,Private University,B.Sc,3rd Year,7.0 – 8.0,0 – 2 hours,"YouTube, NPTEL / SWAYAM, Notion / Anki / Obsidian, College LMS, WhatsApp / Telegram",5,,,,,,,,
1593,cf47f395a464caa7ab1da1745c2d650002296d75e8eac41561b430a83f4382f8,2026-02-26 10:39:41,Week 3,22,4 – 6 hours,1,2,Rarely,ChatGPT,1 – 3,2,NaN,2,1,False,,Much worse,YouTube,2026-01-31 18:49:58,Tamil Nadu,Central University,B.Sc,3rd Year,7.0 – 8.0,2 – 4 hours,"YouTube, NPTEL / SWAYAM, Coursera / Udemy / edX, ChatGPT / AI tools, Notion / Anki / Obsidian",5,,,,,,,,
1594,f5df30de694992a770d857d674587e781574c81ffc40be127f93b6a3d3a95f48,2026-02-26 10:41:38,Week 3,15,2 – 4 hours,2,3,Rarely,ChatGPT,3 – 6,3,NaN,2,3,False,80.0,Slightly worse,"College LMS, WhatsApp / Telegram (for study purposes)",2026-02-23 10:05:11,Andhra Pradesh,State University,B.Sc,3rd Year,Prefer not to say,2 – 4 hours,"YouTube, Coursera / Udemy / edX, Notion / Anki / Obsidian, WhatsApp / Telegram, Physical notes",5,,,,,,,,
1595,2b17d11e7d9c1af7a7fed72e60e90a5ee797f0b6e0cc8645592f6fdc2ad13cd2,2026-02-26 10:43:58,Week 3,30,4 – 6 hours,1,2,Rarely,Microsoft Copilot,0,1,NaN,2,1,False,,Slightly worse,YouTube,2026-01-31 18:51:00,Tamil Nadu,State University,B.Tech,1st Year,6.0 – 7.0,2 – 4 hours,"YouTube, Coursera / Udemy / edX, ChatGPT / AI tools, Notion / Anki / Obsidian, WhatsApp / Telegram",5,,,,,,,,
1596,27d91473394ea1f8f97a8f1740492902f4ab1abbfe0b003e4536904eaba6dca0,2026-02-26 10:45:14,Week 3,10,2 – 4 hours,2,2,Never,Google Gemini,1 – 3,2,Poor internet,2,2,False,,Slightly worse,YouTube,2026-01-31 18:43:28,Tamil Nadu,IIT / NIT,B.Tech,3rd Year,7.0 – 8.0,2 – 4 hours,"YouTube, NPTEL / SWAYAM, Coursera / Udemy / edX, ChatGPT / AI tools, Notion / Anki / Obsidian, College LMS, WhatsApp / Telegram, Physical notes",8,,,,,,,,
1597,49c29b44c0f2dba949371e3de5aaea4ace47ef333c771bda5ab86551a01e7a7d,2026-02-26 10:47:11,Week 3,10,2 – 4 hours,1,2,Never,ChatGPT,1 – 3,2,Poor internet,1,1,False,,Slightly worse,YouTube,2026-02-02 12:49:39,Uttar Pradesh,Central University,B.Tech,Others,8.0 – 9.0,2 – 4 hours,"YouTube, ChatGPT / AI tools",2,,,,,,,,
1598,5e849a6892d6df48c1362529cab706d619efa96a172b3f715bc1f5ccd5ca61ec,2026-02-26 10:47:57,Week 3,10,2 – 4 hours,2,1,Never,Google Gemini,0,1,Mobile-only access,2,1,False,,Slightly worse,YouTube,2026-02-02 13:01:28,Uttar Pradesh,IIT / NIT,BA,Others,8.0 – 9.0,2 – 4 hours,"YouTube, ChatGPT / AI tools",2,,,,,,,,
1599,16a56bf3b362259b32e3bc7d18a95d94213241560809ad3c4d5ddba644365acb,2026-02-26 10:48:51,Week 3,39,4 – 6 hours,2,2,Sometimes,Google Gemini,6 – 10,3,Health / stress issues,2,2,False,,Slightly worse,YouTube,2026-02-19 13:19:58,Tamil Nadu,State University,B.Sc,2nd Year,8.0 – 9.0,2 – 4 hours,"YouTube, NPTEL / SWAYAM, Coursera / Udemy / edX, ChatGPT / AI tools, Notion / Anki / Obsidian",5,,,,,,,,
1600,2b17d11e7d9c1af7a7fed72e60e90a5ee797f0b6e0cc8645592f6fdc2ad13cd2,2026-02-26 10:50:06,Week 3,10,0 – 2 hours,2,1,Rarely,ChatGPT,1 – 3,1,No quiet study space,2,2,False,,Much worse,YouTube,2026-01-31 18:51:00,Tamil Nadu,State University,B.Tech,1st Year,6.0 – 7.0,2 – 4 hours,"YouTube, Coursera / Udemy / edX, ChatGPT / AI tools, Notion / Anki / Obsidian, WhatsApp / Telegram",5,,,,,,,,
1601,16a56bf3b362259b32e3bc7d18a95d94213241560809ad3c4d5ddba644365acb,2026-02-26 10:51:30,Week 3,20,4 – 6 hours,2,2,Rarely,Google Gemini,1 – 3,2,Mobile-only access,2,2,False,,Slightly worse,YouTube,2026-02-19 13:19:58,Tamil Nadu,State University,B.Sc,2nd Year,8.0 – 9.0,2 – 4 hours,"YouTube, NPTEL / SWAYAM, Coursera / Udemy / edX, ChatGPT / AI tools, Notion / Anki / Obsidian",5,,,,,,,,
1602,5e849a6892d6df48c1362529cab706d619efa96a172b3f715bc1f5ccd5ca61ec,2026-02-26 10:52:28,Week 3,30,4 – 6 hours,1,2,Rarely,"ChatGPT, Google Gemini, Microsoft Copilot, Claude",6 – 10,2,NaN,3,3,False,,Slightly worse,"YouTube, College LMS",2026-02-02 13:01:28,Uttar Pradesh,IIT / NIT,BA,Others,8.0 – 9.0,2 – 4 hours,"YouTube, ChatGPT / AI tools",2,,,,,,,,
1603,86b1b7c8fd97ac6aa33f3f67e3c3652ee35ae2226cc4798385726481eea05f57,2026-02-26 10:53:22,Week 3,20,2 – 4 hours,2,3,Rarely,"ChatGPT, Google Gemini",1 – 3,3,NaN,2,2,False,,Slightly worse,YouTube,2026-01-31 18:50:27,Tamil Nadu,Central University,B.Tech,1st Year,7.0 – 8.0,0 – 2 hours,"YouTube, ChatGPT / AI tools, College LMS, WhatsApp / Telegram",4,,,,,,,,
1604,9f7b57d47f3cd447af0a85a35c1ce5b1287d471159595088cd7493a849b93059,2026-02-26 10:54:35,Week 3,20,2 – 4 hours,1,1,Never,ChatGPT,1 – 3,2,NaN,2,2,False,,Much worse,YouTube,2026-02-02 12:38:26,Punjab,Central University,B.Tech,1st Year,6.0 – 7.0,4 – 6 hours,"YouTube, NPTEL / SWAYAM, Coursera / Udemy / edX, ChatGPT / AI tools, College LMS, WhatsApp / Telegram",6,,,,,,,,
1605,f90ab6deefe14d178606a393182b36cdc645169d692772666b9c29214c2a4e40,2026-02-26 10:56:13,Week 3,10,0 – 2 hours,1,1,Never,NaN,0,1,NaN,1,1,False,,Much worse,NaN,2026-02-05 21:56:57,Telangana,Private University,B.Tech,3rd Year,7.0 – 8.0,0 – 2 hours,"ChatGPT / AI tools, WhatsApp / Telegram",2,,,,,,,,
1606,1dd2975d45d1e27948cae456e3827e3b50778c013fecee985fb0422f4a492ba2,2026-02-26 10:56:57,Week 3,8,2 – 4 hours,1,1,Never,ChatGPT,1 – 3,2,Poor internet,2,2,False,,Much worse,NPTEL / SWAYAM,2026-02-19 13:17:59,Andhra Pradesh,State University,B.Tech,2nd Year,7.0 – 8.0,6+ hours,"YouTube, NPTEL / SWAYAM, Coursera / Udemy / edX, ChatGPT / AI tools, Notion / Anki / Obsidian, College LMS, WhatsApp / Telegram, Physical notes",8,,,,,,,,
1607,bed0f2897fdcff9c379616ea83849b1ca59a967db6315c91cd8fcf4fcf4c7216,2026-02-26 10:57:55,Week 3,19,2 – 4 hours,2,2,Rarely,Google Gemini,0,1,Mobile-only access,2,1,False,,Slightly worse,YouTube,2026-01-31 18:46:23,Andhra Pradesh,State University,B.Sc,2nd Year,7.0 – 8.0,2 – 4 hours,"YouTube, NPTEL / SWAYAM, WhatsApp / Telegram",3,,,,,,,,
1608,27d91473394ea1f8f97a8f1740492902f4ab1abbfe0b003e4536904eaba6dca0,2026-02-26 10:58:59,Week 3,10,2 – 4 hours,1,2,Rarely,Google Gemini,3 – 6,1,Poor internet,1,2,False,,Much worse,YouTube,2026-01-31 18:43:28,Tamil Nadu,IIT / NIT,B.Tech,3rd Year,7.0 – 8.0,2 – 4 hours,"YouTube, NPTEL / SWAYAM, Coursera / Udemy / edX, ChatGPT / AI tools, Notion / Anki / Obsidian, College LMS, WhatsApp / Telegram, Physical notes",8,,,,,,,,
1609,c4fc9686cc1b927682fbf989fe97901e479c7d5a214ce073d7cc6062f4682ed6,2026-02-26 10:59:46,Week 3,20,2 – 4 hours,3,2,Rarely,Google Gemini,0,2,Poor internet,1,2,False,,Much worse,YouTube,2026-02-23 10:06:40,Andhra Pradesh,Private University,B.Com,3rd Year,6.0 – 7.0,0 – 2 hours,"Coursera / Udemy / edX, ChatGPT / AI tools, Notion / Anki / Obsidian, WhatsApp / Telegram",4,,,,,,,,
1610,219d4ac6903fffab5ab1d64d6ed0b331adcc691f0e116fb7f62cefba91f7b0ec,2026-02-26 11:01:22,Week 3,10,0 – 2 hours,2,1,Rarely,ChatGPT,1 – 3,3,NaN,2,2,False,,Slightly worse,YouTube,2025-12-26 18:34:24,Andhra Pradesh,Private University,B.Tech,3rd Year,9.0+,0 – 2 hours,ChatGPT / AI tools,1,,,,,,,,
1611,a091d9857e1b26dac9ad43d43de3cfab7f19df9cadb73e095b0b4a74a5e9bc3d,2026-02-26 11:02:50,Week 3,6,0 – 2 hours,1,1,Never,ChatGPT,1 – 3,1,Poor internet,2,1,False,,Much worse,YouTube,2026-01-27 19:47:23,Tamil Nadu,Deemed University,B.Tech,4th Year,9.0+,0 – 2 hours,"YouTube, ChatGPT / AI tools, WhatsApp / Telegram",3,,,,,,,,
1612,74d72de1f5b196019d5bbe209db2b90401f5ea949cebbdda60ac6b0f71acb482,2026-02-26 11:03:53,Week 3,10,2 – 4 hours,1,1,Never,ChatGPT,1 – 3,2,NaN,1,2,False,,Much worse,YouTube,2026-02-02 12:43:28,Madhya Pradesh,Central University,B.Tech,2nd Year,6.0 – 7.0,2 – 4 hours,"YouTube, ChatGPT / AI tools",2,,,,,,,,
1613,0e155a1241bd00b2d588262223a52e0f8a911a4000092f096e6968dccae9e61b,2026-02-26 11:05:33,Week 3,10,0 – 2 hours,1,1,Rarely,ChatGPT,1 – 3,1,NaN,2,1,False,,Much worse,YouTube,2026-02-03 11:16:29,Tamil Nadu,IIT / NIT,B.Tech,4th Year,8.0 – 9.0,2 – 4 hours,"ChatGPT / AI tools, College LMS",2,,,,,,,,
1614,e14fc3506630213cf4dbb3dddf035e19aad46cfaf81f1761b7791f1f48a64d67,2026-02-26 11:06:33,Week 3,10,2 – 4 hours,2,1,Rarely,Microsoft Copilot,1 – 3,2,Poor internet,2,2,False,,Much worse,YouTube,2026-02-02 12:45:31,Madhya Pradesh,Central University,B.Tech,3rd Year,8.0 – 9.0,2 – 4 hours,"ChatGPT / AI tools, WhatsApp / Telegram",2,,,,,,,,
1615,b7c45e43b3e4defcfa15c66053995acfb95306f516892ea504b4a561e64a85b9,2026-02-26 11:07:47,Week 4,30,2 – 4 hours,2,3,Sometimes,"ChatGPT, Google Gemini, Microsoft Copilot",3 – 6,3,No quiet study space,3,2,False,,Slightly worse,"YouTube, College LMS",2026-01-31 18:40:13,Tamil Nadu,IIT / NIT,B.Sc,2nd Year,6.0 – 7.0,0 – 2 hours,"YouTube, NPTEL / SWAYAM, ChatGPT / AI tools",3,,,,,,,,
1616,cf47f395a464caa7ab1da1745c2d650002296d75e8eac41561b430a83f4382f8,2026-02-26 11:08:33,Week 4,35,2 – 4 hours,3,3,Sometimes,"ChatGPT, Google Gemini, Microsoft Copilot, Claude",3 – 6,3,NaN,3,2,False,,Slightly better,"YouTube, Physical Notes",2026-01-31 18:49:58,Tamil Nadu,Central University,B.Sc,3rd Year,7.0 – 8.0,2 – 4 hours,"YouTube, NPTEL / SWAYAM, Coursera / Udemy / edX, ChatGPT / AI tools, Notion / Anki / Obsidian",5,,,,,,,,
1617,3d83828233d057f5e1e37a4c9e784850077d6638768e69b0f6b5d4e5e2dfc994,2026-02-26 11:09:51,Week 4,43,4 – 6 hours,3,3,Sometimes,"ChatGPT, Google Gemini, Microsoft Copilot",3 – 6,2,NaN,3,2,False,,Slightly better,"YouTube, WhatsApp / Telegram (for study purposes)",2026-01-12 21:41:37,Tamil Nadu,Private University,B.Tech,3rd Year,8.0 – 9.0,0 – 2 hours,"YouTube, ChatGPT / AI tools",2,,,,,,,,
1618,f5df30de694992a770d857d674587e781574c81ffc40be127f93b6a3d3a95f48,2026-02-26 11:10:57,Week 4,40,4 – 6 hours,3,3,Sometimes,"ChatGPT, Google Gemini, Microsoft Copilot, Claude",6 – 10,3,NaN,2,3,False,,Slightly better,"YouTube, WhatsApp / Telegram (for study purposes), Physical Notes",2026-02-23 10:05:11,Andhra Pradesh,State University,B.Sc,3rd Year,Prefer not to say,2 – 4 hours,"YouTube, Coursera / Udemy / edX, Notion / Anki / Obsidian, WhatsApp / Telegram, Physical notes",5,,,,,,,,
1619,219d4ac6903fffab5ab1d64d6ed0b331adcc691f0e116fb7f62cefba91f7b0ec,2026-02-26 11:12:09,Week 4,30,4 – 6 hours,3,2,Often,"ChatGPT, Google Gemini, Microsoft Copilot, Claude, Perplexity AI",3 – 6,3,NaN,3,2,False,,Slightly better,"YouTube, College LMS",2025-12-26 18:34:24,Andhra Pradesh,Private University,B.Tech,3rd Year,9.0+,0 – 2 hours,ChatGPT / AI tools,1,,,,,,,,
1620,a0844c331d7454600df29956fea1f640e9035aa0e376172eded377ff472dedbe,2026-02-26 11:13:04,Week 4,45,4 – 6 hours,3,3,Sometimes,"ChatGPT, Google Gemini, Microsoft Copilot",3 – 6,3,NaN,2,3,False,,Slightly better,"YouTube, WhatsApp / Telegram (for study purposes)",2026-01-31 18:46:52,Karnataka,Central University,B.Sc,1st Year,7.0 – 8.0,2 – 4 hours,"NPTEL / SWAYAM, Coursera / Udemy / edX, ChatGPT / AI tools, College LMS, WhatsApp / Telegram, Physical notes",6,,,,,,,,
1621,caf626adf6b1139006e560ca8cc80b33ca449dfd93d89557b2b5dca8a09ea07f,2026-02-26 11:13:57,Week 4,40,4 – 6 hours,4,3,Sometimes,"ChatGPT, Google Gemini, Microsoft Copilot",3 – 6,2,NaN,4,3,False,,Slightly better,YouTube,2026-02-23 10:06:05,Karnataka,Private University,BA,3rd Year,7.0 – 8.0,2 – 4 hours,"YouTube, NPTEL / SWAYAM, Coursera / Udemy / edX, ChatGPT / AI tools, Notion / Anki / Obsidian, WhatsApp / Telegram",6,,,,,,,,
1622,219d4ac6903fffab5ab1d64d6ed0b331adcc691f0e116fb7f62cefba91f7b0ec,2026-02-26 11:14:45,Week 4,30,4 – 6 hours,2,4,Sometimes,"ChatGPT, Google Gemini, Microsoft Copilot",3 – 6,3,NaN,3,2,False,,Slightly better,"YouTube, Physical Notes",2025-12-26 18:34:24,Andhra Pradesh,Private University,B.Tech,3rd Year,9.0+,0 – 2 hours,ChatGPT / AI tools,1,,,,,,,,
1623,ace8e293cc91c35e822f9101bc4e97d2ad904d1e130b4402fd6a6642f245665e,2026-02-26 11:16:21,Week 4,20,2 – 4 hours,3,4,Sometimes,"ChatGPT, Google Gemini, Microsoft Copilot",3 – 6,3,NaN,2,3,False,,Slightly better,"YouTube, WhatsApp / Telegram (for study purposes)",2026-02-23 10:12:43,Kerala,State University,B.Tech,2nd Year,6.0 – 7.0,0 – 2 hours,"NPTEL / SWAYAM, Notion / Anki / Obsidian",2,,,,,,,,
1624,b319601b117de5d02e9d335f82997ad5d2c20f041b094bdd7a67411b8ad1543b,2026-02-26 11:17:11,Week 4,43,4 – 6 hours,3,3,Rarely,"ChatGPT, Google Gemini, Microsoft Copilot, Claude",3 – 6,2,NaN,3,3,False,,Slightly better,"NPTEL / SWAYAM, Physical Notes",2026-01-31 11:34:19,Tamil Nadu,State University,B.Tech,4th Year,8.0 – 9.0,0 – 2 hours,"YouTube, ChatGPT / AI tools, WhatsApp / Telegram",3,,,,,,,,
1625,e14fc3506630213cf4dbb3dddf035e19aad46cfaf81f1761b7791f1f48a64d67,2026-02-26 11:18:19,Week 4,45,4 – 6 hours,4,3,Rarely,"ChatGPT, Google Gemini, Microsoft Copilot",3 – 6,3,NaN,2,3,False,,Slightly better,YouTube,2026-02-02 12:45:31,Madhya Pradesh,Central University,B.Tech,3rd Year,8.0 – 9.0,2 – 4 hours,"ChatGPT / AI tools, WhatsApp / Telegram",2,,,,,,,,
1626,32b68dc8923730efba7e69129bcc4d5555495cc9359174e99e3d50570ce6de44,2026-02-26 11:19:46,Week 4,42,4 – 6 hours,3,3,Sometimes,"ChatGPT, Google Gemini, Microsoft Copilot",6 – 10,2,NaN,3,3,False,,Slightly better,"YouTube, Physical Notes",2026-01-31 14:55:58,Kerala,State University,B.Sc,1st Year,7.0 – 8.0,0 – 2 hours,"YouTube, ChatGPT / AI tools, College LMS, WhatsApp / Telegram",4,,,,,,,,
1627,49c29b44c0f2dba949371e3de5aaea4ace47ef333c771bda5ab86551a01e7a7d,2026-02-26 11:20:45,Week 4,41,4 – 6 hours,3,2,Sometimes,"ChatGPT, Google Gemini, Microsoft Copilot, Claude",3 – 6,3,NaN,4,3,False,,Slightly better,"YouTube, Physical Notes",2026-02-02 12:49:39,Uttar Pradesh,Central University,B.Tech,Others,8.0 – 9.0,2 – 4 hours,"YouTube, ChatGPT / AI tools",2,,,,,,,,
1628,b319601b117de5d02e9d335f82997ad5d2c20f041b094bdd7a67411b8ad1543b,2026-02-26 11:21:36,Week 4,46,4 – 6 hours,3,3,Sometimes,"ChatGPT, Google Gemini, Microsoft Copilot",6 – 10,3,NaN,3,3,False,,Slightly better,"YouTube, Physical Notes",2026-01-31 11:34:19,Tamil Nadu,State University,B.Tech,4th Year,8.0 – 9.0,0 – 2 hours,"YouTube, ChatGPT / AI tools, WhatsApp / Telegram",3,,,,,,,,
1629,16a56bf3b362259b32e3bc7d18a95d94213241560809ad3c4d5ddba644365acb,2026-02-26 11:22:26,Week 4,35,4 – 6 hours,3,3,Rarely,"ChatGPT, Google Gemini, Microsoft Copilot, Claude",3 – 6,3,NaN,2,3,False,,Slightly better,College LMS,2026-02-19 13:19:58,Tamil Nadu,State University,B.Sc,2nd Year,8.0 – 9.0,2 – 4 hours,"YouTube, NPTEL / SWAYAM, Coursera / Udemy / edX, ChatGPT / AI tools, Notion / Anki / Obsidian",5,,,,,,,,
1630,1dd2975d45d1e27948cae456e3827e3b50778c013fecee985fb0422f4a492ba2,2026-02-26 11:23:50,Week 4,43,4 – 6 hours,3,2,Sometimes,"ChatGPT, Google Gemini, Microsoft Copilot, Claude",3 – 6,2,NaN,4,4,False,,Slightly better,"YouTube, Physical Notes",2026-02-19 13:17:59,Andhra Pradesh,State University,B.Tech,2nd Year,7.0 – 8.0,6+ hours,"YouTube, NPTEL / SWAYAM, Coursera / Udemy / edX, ChatGPT / AI tools, Notion / Anki / Obsidian, College LMS, WhatsApp / Telegram, Physical notes",8,,,,,,,,
1631,8ded4921661c4a18e633a572258dbd0f9a2c004f4aa3e9e2057a670d47566de6,2026-02-26 11:24:37,Week 4,35,4 – 6 hours,2,3,Rarely,"ChatGPT, Google Gemini, Microsoft Copilot",1 – 3,2,NaN,3,4,False,,Slightly worse,"YouTube, Physical Notes",2026-02-03 11:19:03,Kerala,Private University,B.Sc,3rd Year,Prefer not to say,2 – 4 hours,"NPTEL / SWAYAM, WhatsApp / Telegram, Physical notes",3,,,,,,,,
1632,8773494ab4b07b7f7350b8d37e960ba5d05e7caf5ffbb75a943c63465a604b7f,2026-02-26 11:26:41,Week 4,34,2 – 4 hours,2,3,Sometimes,"ChatGPT, Google Gemini, Microsoft Copilot, Claude, Perplexity AI",3 – 6,3,NaN,3,3,False,,Slightly better,"YouTube, Physical Notes",2026-01-31 18:47:34,Tamil Nadu,IIT / NIT,B.Tech,2nd Year,9.0+,4 – 6 hours,"YouTube, NPTEL / SWAYAM, Coursera / Udemy / edX, ChatGPT / AI tools, College LMS, WhatsApp / Telegram, Physical notes",7,,,,,,,,
1633,0e155a1241bd00b2d588262223a52e0f8a911a4000092f096e6968dccae9e61b,2026-02-26 11:27:38,Week 4,35,4 – 6 hours,3,3,Sometimes,"ChatGPT, Google Gemini, Microsoft Copilot",3 – 6,3,NaN,2,2,False,,Slightly better,"YouTube, Physical Notes",2026-02-03 11:16:29,Tamil Nadu,IIT / NIT,B.Tech,4th Year,8.0 – 9.0,2 – 4 hours,"ChatGPT / AI tools, College LMS",2,,,,,,,,
1634,f8041b50a2c1379ae1a539104ac8cfff2e7475d9225620826e59c80d286afe76,2026-02-26 11:28:27,Week 4,34,2 – 4 hours,2,2,Sometimes,"ChatGPT, Google Gemini, Microsoft Copilot",6 – 10,3,NaN,3,3,False,,Slightly worse,"YouTube, WhatsApp / Telegram (for study purposes)",2026-01-31 18:25:54,Andhra Pradesh,Private University,B.Sc,3rd Year,7.0 – 8.0,0 – 2 hours,"YouTube, NPTEL / SWAYAM, Notion / Anki / Obsidian, College LMS, WhatsApp / Telegram",5,,,,,,,,
1635,74d72de1f5b196019d5bbe209db2b90401f5ea949cebbdda60ac6b0f71acb482,2026-02-26 11:29:18,Week 4,35,4 – 6 hours,3,3,Rarely,"ChatGPT, Google Gemini, Microsoft Copilot, Claude",3 – 6,2,NaN,2,3,False,,Slightly better,"YouTube, Physical Notes",2026-02-02 12:43:28,Madhya Pradesh,Central University,B.Tech,2nd Year,6.0 – 7.0,2 – 4 hours,"YouTube, ChatGPT / AI tools",2,,,,,,,,
1636,a091d9857e1b26dac9ad43d43de3cfab7f19df9cadb73e095b0b4a74a5e9bc3d,2026-02-26 11:30:03,Week 4,45,4 – 6 hours,3,2,Sometimes,"ChatGPT, Google Gemini, Microsoft Copilot",3 – 6,3,NaN,2,3,False,,Slightly worse,"YouTube, WhatsApp / Telegram (for study purposes)",2026-01-27 19:47:23,Tamil Nadu,Deemed University,B.Tech,4th Year,9.0+,0 – 2 hours,"YouTube, ChatGPT / AI tools, WhatsApp / Telegram",3,,,,,,,,
1637,8773494ab4b07b7f7350b8d37e960ba5d05e7caf5ffbb75a943c63465a604b7f,2026-02-26 11:30:50,Week 4,45,4 – 6 hours,3,2,Sometimes,"ChatGPT, Google Gemini, Microsoft Copilot",6 – 10,2,NaN,2,3,False,,Slightly better,"YouTube, Physical Notes",2026-01-31 18:47:34,Tamil Nadu,IIT / NIT,B.Tech,2nd Year,9.0+,4 – 6 hours,"YouTube, NPTEL / SWAYAM, Coursera / Udemy / edX, ChatGPT / AI tools, College LMS, WhatsApp / Telegram, Physical notes",7,,,,,,,,
1638,27d91473394ea1f8f97a8f1740492902f4ab1abbfe0b003e4536904eaba6dca0,2026-02-26 11:31:43,Week 4,34,4 – 6 hours,3,3,Sometimes,"ChatGPT, Google Gemini, Microsoft Copilot, Claude, Perplexity AI",3 – 6,4,NaN,3,2,False,,Slightly better,"YouTube, Physical Notes",2026-01-31 18:43:28,Tamil Nadu,IIT / NIT,B.Tech,3rd Year,7.0 – 8.0,2 – 4 hours,"YouTube, NPTEL / SWAYAM, Coursera / Udemy / edX, ChatGPT / AI tools, Notion / Anki / Obsidian, College LMS, WhatsApp / Telegram, Physical notes",8,,,,,,,,
1639,caf626adf6b1139006e560ca8cc80b33ca449dfd93d89557b2b5dca8a09ea07f,2026-02-26 11:32:30,Week 4,45,4 – 6 hours,4,2,Sometimes,"ChatGPT, Google Gemini, Microsoft Copilot",3 – 6,3,NaN,2,3,False,,Slightly better,"YouTube, Physical Notes",2026-02-23 10:06:05,Karnataka,Private University,BA,3rd Year,7.0 – 8.0,2 – 4 hours,"YouTube, NPTEL / SWAYAM, Coursera / Udemy / edX, ChatGPT / AI tools, Notion / Anki / Obsidian, WhatsApp / Telegram",6,,,,,,,,
1640,2b17d11e7d9c1af7a7fed72e60e90a5ee797f0b6e0cc8645592f6fdc2ad13cd2,2026-02-26 11:33:22,Week 4,46,4 – 6 hours,3,2,Sometimes,"ChatGPT, Google Gemini, Microsoft Copilot, QuillBot",3 – 6,3,NaN,2,2,False,,Slightly better,"YouTube, College LMS",2026-01-31 18:51:00,Tamil Nadu,State University,B.Tech,1st Year,6.0 – 7.0,2 – 4 hours,"YouTube, Coursera / Udemy / edX, ChatGPT / AI tools, Notion / Anki / Obsidian, WhatsApp / Telegram",5,,,,,,,,
1641,f5df30de694992a770d857d674587e781574c81ffc40be127f93b6a3d3a95f48,2026-02-26 11:34:07,Week 4,33,2 – 4 hours,3,2,Sometimes,"ChatGPT, Google Gemini, Microsoft Copilot, Grammarly, QuillBot",3 – 6,3,NaN,3,3,False,,Slightly better,"YouTube, College LMS",2026-02-23 10:05:11,Andhra Pradesh,State University,B.Sc,3rd Year,Prefer not to say,2 – 4 hours,"YouTube, Coursera / Udemy / edX, Notion / Anki / Obsidian, WhatsApp / Telegram, Physical notes",5,,,,,,,,
1642,f8ecea41f5799921e46e5d82b8d41d92dba1fca7a66ca63506cc3c0aab382672,2026-02-26 11:34:51,Week 4,43,4 – 6 hours,3,2,Sometimes,"ChatGPT, Google Gemini, Grammarly, QuillBot",3 – 6,2,NaN,3,3,False,,Slightly better,"YouTube, WhatsApp / Telegram (for study purposes)",2026-01-27 17:56:30,Uttar Pradesh,Central University,B.Tech,4th Year,7.0 – 8.0,4 – 6 hours,"YouTube, NPTEL / SWAYAM, Coursera / Udemy / edX, ChatGPT / AI tools, Notion / Anki / Obsidian",5,,,,,,,,
1643,8773494ab4b07b7f7350b8d37e960ba5d05e7caf5ffbb75a943c63465a604b7f,2026-02-26 11:35:36,Week 4,42,4 – 6 hours,3,3,Often,"ChatGPT, Google Gemini, GitHub Copilot",6 – 10,3,NaN,2,3,False,,Slightly better,"YouTube, WhatsApp / Telegram (for study purposes)",2026-01-31 18:47:34,Tamil Nadu,IIT / NIT,B.Tech,2nd Year,9.0+,4 – 6 hours,"YouTube, NPTEL / SWAYAM, Coursera / Udemy / edX, ChatGPT / AI tools, College LMS, WhatsApp / Telegram, Physical notes",7,,,,,,,,
1644,e8386eec4c2f671d625ec0a877e0c9af57a196443df6751cfd908bc4bb188c51,2026-02-26 11:36:40,Week 4,46,4 – 6 hours,3,3,Rarely,"ChatGPT, Google Gemini, Microsoft Copilot, Claude, Perplexity AI, QuillBot, GitHub Copilot",3 – 6,3,NaN,3,3,False,,Slightly better,"YouTube, College LMS",2026-01-31 18:42:45,Kerala,State University,B.Com,2nd Year,Prefer not to say,2 – 4 hours,"YouTube, NPTEL / SWAYAM, Coursera / Udemy / edX, Notion / Anki / Obsidian, Physical notes",5,,,,,,,,
1645,81ddebb1fc0e6b009a5655dea87854093d1374914f03d128e615c955c9007504,2026-02-26 11:37:27,Week 4,44,4 – 6 hours,3,3,Sometimes,"ChatGPT, Google Gemini, Microsoft Copilot",3 – 6,2,NaN,3,3,False,,Slightly better,"YouTube, WhatsApp / Telegram (for study purposes), Physical Notes",2026-01-12 20:20:23,Tamil Nadu,Private University,B.Tech,3rd Year,7.0 – 8.0,2 – 4 hours,"YouTube, ChatGPT / AI tools, WhatsApp / Telegram, Physical notes only",4,,,,,,,,
1646,27d91473394ea1f8f97a8f1740492902f4ab1abbfe0b003e4536904eaba6dca0,2026-02-26 11:38:16,Week 4,32,4 – 6 hours,2,2,Sometimes,"ChatGPT, Google Gemini, Microsoft Copilot",3 – 6,3,NaN,3,1,False,,Slightly better,"YouTube, Physical Notes",2026-01-31 18:43:28,Tamil Nadu,IIT / NIT,B.Tech,3rd Year,7.0 – 8.0,2 – 4 hours,"YouTube, NPTEL / SWAYAM, Coursera / Udemy / edX, ChatGPT / AI tools, Notion / Anki / Obsidian, College LMS, WhatsApp / Telegram, Physical notes",8,,,,,,,,
1647,32b68dc8923730efba7e69129bcc4d5555495cc9359174e99e3d50570ce6de44,2026-02-26 11:39:09,Week 4,43,4 – 6 hours,3,2,Sometimes,"ChatGPT, Google Gemini, Microsoft Copilot",1 – 3,2,NaN,2,2,False,,Slightly better,"YouTube, WhatsApp / Telegram (for study purposes)",2026-01-31 14:55:58,Kerala,State University,B.Sc,1st Year,7.0 – 8.0,0 – 2 hours,"YouTube, ChatGPT / AI tools, College LMS, WhatsApp / Telegram",4,,,,,,,,
1648,781a9f368166d71405348c3b65fa0645e7cab12d017be1e369eb8d7a5cd5fb1d,2026-02-26 11:39:55,Week 4,44,4 – 6 hours,3,3,Rarely,"ChatGPT, Google Gemini, Microsoft Copilot",3 – 6,4,NaN,3,3,False,,Slightly better,"YouTube, WhatsApp / Telegram (for study purposes)",2026-02-02 12:40:04,Maharashtra,IIT / NIT,B.Com,4th Year,7.0 – 8.0,2 – 4 hours,"YouTube, NPTEL / SWAYAM, Coursera / Udemy / edX, ChatGPT / AI tools, Notion / Anki / Obsidian, College LMS, WhatsApp / Telegram, Physical notes",8,,,,,,,,
1649,a091d9857e1b26dac9ad43d43de3cfab7f19df9cadb73e095b0b4a74a5e9bc3d,2026-02-26 11:40:43,Week 4,44,4 – 6 hours,3,3,Sometimes,"ChatGPT, Google Gemini, Microsoft Copilot",3 – 6,3,NaN,3,2,False,,Slightly better,"YouTube, WhatsApp / Telegram (for study purposes)",2026-01-27 19:47:23,Tamil Nadu,Deemed University,B.Tech,4th Year,9.0+,0 – 2 hours,"YouTube, ChatGPT / AI tools, WhatsApp / Telegram",3,,,,,,,,
1650,a0844c331d7454600df29956fea1f640e9035aa0e376172eded377ff472dedbe,2026-02-26 11:41:27,Week 4,33,2 – 4 hours,3,2,Sometimes,"ChatGPT, Google Gemini, Microsoft Copilot",3 – 6,2,NaN,4,1,False,,Slightly better,"YouTube, WhatsApp / Telegram (for study purposes)",2026-01-31 18:46:52,Karnataka,Central University,B.Sc,1st Year,7.0 – 8.0,2 – 4 hours,"NPTEL / SWAYAM, Coursera / Udemy / edX, ChatGPT / AI tools, College LMS, WhatsApp / Telegram, Physical notes",6,,,,,,,,
1651,f5df30de694992a770d857d674587e781574c81ffc40be127f93b6a3d3a95f48,2026-02-26 11:42:25,Week 4,47,4 – 6 hours,3,3,Rarely,"ChatGPT, Google Gemini, Microsoft Copilot",3 – 6,2,NaN,3,3,False,,Slightly better,"YouTube, WhatsApp / Telegram (for study purposes)",2026-02-23 10:05:11,Andhra Pradesh,State University,B.Sc,3rd Year,Prefer not to say,2 – 4 hours,"YouTube, Coursera / Udemy / edX, Notion / Anki / Obsidian, WhatsApp / Telegram, Physical notes",5,,,,,,,,
1652,5e849a6892d6df48c1362529cab706d619efa96a172b3f715bc1f5ccd5ca61ec,2026-02-26 11:43:07,Week 4,55,4 – 6 hours,3,4,Rarely,"ChatGPT, Google Gemini, Microsoft Copilot, Claude",6 – 10,3,NaN,3,3,False,,Slightly better,"YouTube, WhatsApp / Telegram (for study purposes)",2026-02-02 13:01:28,Uttar Pradesh,IIT / NIT,BA,Others,8.0 – 9.0,2 – 4 hours,"YouTube, ChatGPT / AI tools",2,,,,,,,,
1653,219d4ac6903fffab5ab1d64d6ed0b331adcc691f0e116fb7f62cefba91f7b0ec,2026-02-26 11:44:03,Week 4,54,4 – 6 hours,3,3,Rarely,"ChatGPT, Google Gemini, Microsoft Copilot",1 – 3,4,NaN,3,3,False,,Slightly better,"YouTube, WhatsApp / Telegram (for study purposes)",2025-12-26 18:34:24,Andhra Pradesh,Private University,B.Tech,3rd Year,9.0+,0 – 2 hours,ChatGPT / AI tools,1,,,,,,,,
1654,2b17d11e7d9c1af7a7fed72e60e90a5ee797f0b6e0cc8645592f6fdc2ad13cd2,2026-02-26 11:45:19,Week 4,50,4 – 6 hours,3,3,Rarely,"ChatGPT, Google Gemini, Microsoft Copilot, Claude, Perplexity AI",1 – 3,2,NaN,3,4,False,,Slightly better,"YouTube, WhatsApp / Telegram (for study purposes), Physical Notes",2026-01-31 18:51:00,Tamil Nadu,State University,B.Tech,1st Year,6.0 – 7.0,2 – 4 hours,"YouTube, Coursera / Udemy / edX, ChatGPT / AI tools, Notion / Anki / Obsidian, WhatsApp / Telegram",5,,,,,,,,
1655,e14fc3506630213cf4dbb3dddf035e19aad46cfaf81f1761b7791f1f48a64d67,2026-02-26 11:46:12,Week 4,33,2 – 4 hours,2,3,Sometimes,"ChatGPT, Google Gemini, Microsoft Copilot",3 – 6,2,NaN,4,3,False,,Slightly better,"YouTube, WhatsApp / Telegram (for study purposes), Physical Notes",2026-02-02 12:45:31,Madhya Pradesh,Central University,B.Tech,3rd Year,8.0 – 9.0,2 – 4 hours,"ChatGPT / AI tools, WhatsApp / Telegram",2,,,,,,,,
1656,8bfc27000534160835a23ec100f95667b3894c6b3e90a6027721d3322ad782dc,2026-02-26 11:47:09,Week 4,44,4 – 6 hours,2,3,Rarely,"ChatGPT, Google Gemini, Microsoft Copilot, Claude",3 – 6,3,NaN,3,2,False,,Slightly better,"YouTube, Physical Notes",2026-02-05 21:46:59,Telangana,Private University,B.Tech,3rd Year,9.0+,0 – 2 hours,"YouTube, ChatGPT / AI tools, Physical notes",3,,,,,,,,
1657,9f7b57d47f3cd447af0a85a35c1ce5b1287d471159595088cd7493a849b93059,2026-02-26 11:47:59,Week 4,44,4 – 6 hours,3,3,Often,"ChatGPT, Google Gemini, Microsoft Copilot, Claude",3 – 6,3,NaN,3,3,False,,Slightly better,"YouTube, WhatsApp / Telegram (for study purposes)",2026-02-02 12:38:26,Punjab,Central University,B.Tech,1st Year,6.0 – 7.0,4 – 6 hours,"YouTube, NPTEL / SWAYAM, Coursera / Udemy / edX, ChatGPT / AI tools, College LMS, WhatsApp / Telegram",6,,,,,,,,
1658,cf47f395a464caa7ab1da1745c2d650002296d75e8eac41561b430a83f4382f8,2026-02-26 11:48:57,Week 4,41,4 – 6 hours,3,2,Sometimes,"ChatGPT, Google Gemini, Microsoft Copilot, Claude",3 – 6,3,NaN,4,3,False,,Slightly better,"YouTube, WhatsApp / Telegram (for study purposes)",2026-01-31 18:49:58,Tamil Nadu,Central University,B.Sc,3rd Year,7.0 – 8.0,2 – 4 hours,"YouTube, NPTEL / SWAYAM, Coursera / Udemy / edX, ChatGPT / AI tools, Notion / Anki / Obsidian",5,,,,,,,,
1659,f72f420debc36def28125c58c71822ce49043914a9406e73923965f87c8cb669,2026-02-26 11:50:14,Week 4,33,2 – 4 hours,2,3,Rarely,"ChatGPT, Google Gemini, Microsoft Copilot",3 – 6,1,NaN,2,2,False,,Slightly better,"YouTube, College LMS",2026-01-12 23:37:58,Karnataka,Private University,BA,3rd Year,8.0 – 9.0,0 – 2 hours,"YouTube, ChatGPT / AI tools, WhatsApp / Telegram, Physical notes only",4,,,,,,,,
1660,f8ecea41f5799921e46e5d82b8d41d92dba1fca7a66ca63506cc3c0aab382672,2026-02-26 11:51:05,Week 4,44,4 – 6 hours,2,3,Sometimes,"ChatGPT, Google Gemini, Microsoft Copilot",3 – 6,3,NaN,2,2,False,,Slightly better,"YouTube, College LMS, WhatsApp / Telegram (for study purposes)",2026-01-27 17:56:30,Uttar Pradesh,Central University,B.Tech,4th Year,7.0 – 8.0,4 – 6 hours,"YouTube, NPTEL / SWAYAM, Coursera / Udemy / edX, ChatGPT / AI tools, Notion / Anki / Obsidian",5,,,,,,,,
1661,266344e1c50b449d6d5dbec5b4b1af3236f13cc0b97871acccf3da3697283f82,2026-02-26 11:51:53,Week 4,43,4 – 6 hours,3,2,Sometimes,"ChatGPT, Google Gemini, Microsoft Copilot",3 – 6,2,NaN,3,2,False,,Slightly better,"YouTube, WhatsApp / Telegram (for study purposes)",2026-01-16 12:24:26,Tamil Nadu,Private University,B.Tech,3rd Year,9.0+,2 – 4 hours,"YouTube, ChatGPT / AI tools, Notion / Anki / Obsidian, WhatsApp / Telegram",4,,,,,,,,
1662,b7c45e43b3e4defcfa15c66053995acfb95306f516892ea504b4a561e64a85b9,2026-02-26 11:52:52,Week 4,45,4 – 6 hours,2,2,Sometimes,"ChatGPT, QuillBot",3 – 6,3,NaN,3,3,False,,Slightly better,"YouTube, College LMS",2026-01-31 18:40:13,Tamil Nadu,IIT / NIT,B.Sc,2nd Year,6.0 – 7.0,0 – 2 hours,"YouTube, NPTEL / SWAYAM, ChatGPT / AI tools",3,,,,,,,,
1663,8bfc27000534160835a23ec100f95667b3894c6b3e90a6027721d3322ad782dc,2026-02-26 11:53:38,Week 4,44,2 – 4 hours,3,3,Rarely,"ChatGPT, Google Gemini, Microsoft Copilot, Claude",3 – 6,3,NaN,3,2,False,,Slightly better,"YouTube, WhatsApp / Telegram (for study purposes)",2026-02-05 21:46:59,Telangana,Private University,B.Tech,3rd Year,9.0+,0 – 2 hours,"YouTube, ChatGPT / AI tools, Physical notes",3,,,,,,,,
1664,f8ecea41f5799921e46e5d82b8d41d92dba1fca7a66ca63506cc3c0aab382672,2026-02-26 16:28:05,Week 1,0,0 – 2 hours,1,1,Never,"ChatGPT, Google Gemini, Microsoft Copilot",1 – 3,4,Health / stress issues,1,2,False,,About the same,YouTube,2026-01-27 17:56:30,Uttar Pradesh,Central University,B.Tech,4th Year,7.0 – 8.0,4 – 6 hours,"YouTube, NPTEL / SWAYAM, Coursera / Udemy / edX, ChatGPT / AI tools, Notion / Anki / Obsidian",5,,,,,,,,
1665,794e3ecad2e18d7bce8d1013a9e08fe529cc63443905f9864cedec22f7a9459b,2026-03-01 20:17:48,Week 6,5,0 – 2 hours,4,1,Never,ChatGPT,3 – 6,4,NaN,4,4,False,,About the same,WhatsApp / Telegram (for study purposes),2025-12-27 12:35:23,Tamil Nadu,Deemed University,B.Tech,3rd Year,6.0 – 7.0,0 – 2 hours,"YouTube, ChatGPT / AI tools",2,,,,,,,,
1666,794e3ecad2e18d7bce8d1013a9e08fe529cc63443905f9864cedec22f7a9459b,2026-03-05 16:57:48,Week 1,7,2 – 4 hours,2,2,Never,"ChatGPT, Google Gemini, Claude, QuillBot",3 – 6,2,"No quiet study space, Health / stress issues",2,2,False,70.0,Much worse,NaN,2025-12-27 12:35:23,Tamil Nadu,Deemed University,B.Tech,3rd Year,6.0 – 7.0,0 – 2 hours,"YouTube, ChatGPT / AI tools",2,,,,,,,,
1667,97b26b3698560201c1218be1d50871d93f4ae1f4a79deeb268b0ba686e43fdeb,2026-03-05 16:58:48,Week 1,4,2 – 4 hours,3,3,Sometimes,"ChatGPT, Google Gemini",3 – 6,3,Mobile-only access,2,2,False,,Slightly worse,College LMS,2025-12-26 07:18:01,Tamil Nadu,Deemed University,B.Tech,3rd Year,8.0 – 9.0,0 – 2 hours,"ChatGPT / AI tools, College LMS, WhatsApp / Telegram",3,,,,,,,,
1668,1ad669ada84e5263e09135c0723aae8e30fcb58819e440892efde165dd587a5e,2026-03-05 16:59:42,Week 1,4,2 – 4 hours,3,2,Rarely,"ChatGPT, Google Gemini",1 – 3,2,"Poor internet, Mobile-only access",2,2,False,,Slightly worse,"NPTEL / SWAYAM, College LMS",2026-02-03 11:18:21,Karnataka,State University,BBA,3rd Year,7.0 – 8.0,2 – 4 hours,"YouTube, Coursera / Udemy / edX",2,,,,,,,,
1669,a0844c331d7454600df29956fea1f640e9035aa0e376172eded377ff472dedbe,2026-03-05 17:00:39,Week 1,3,2 – 4 hours,2,3,Rarely,"ChatGPT, Google Gemini",3 – 6,2,"Mobile-only access, No quiet study space",2,2,False,,Slightly worse,"YouTube, NPTEL / SWAYAM, Coursera / Udemy / edX",2026-01-31 18:46:52,Karnataka,Central University,B.Sc,1st Year,7.0 – 8.0,2 – 4 hours,"NPTEL / SWAYAM, Coursera / Udemy / edX, ChatGPT / AI tools, College LMS, WhatsApp / Telegram, Physical notes",6,,,,,,,,
1670,0e155a1241bd00b2d588262223a52e0f8a911a4000092f096e6968dccae9e61b,2026-03-05 17:01:25,Week 1,3,2 – 4 hours,2,2,Rarely,"ChatGPT, Google Gemini",1 – 3,2,"Poor internet, Mobile-only access",2,2,False,,Slightly worse,"YouTube, NPTEL / SWAYAM, Coursera / Udemy / edX",2026-02-03 11:16:29,Tamil Nadu,IIT / NIT,B.Tech,4th Year,8.0 – 9.0,2 – 4 hours,"ChatGPT / AI tools, College LMS",2,,,,,,,,
1671,86b1b7c8fd97ac6aa33f3f67e3c3652ee35ae2226cc4798385726481eea05f57,2026-03-05 17:03:10,Week 2,6,2 – 4 hours,2,2,Sometimes,"ChatGPT, Google Gemini, Claude",3 – 6,3,"Poor internet, Mobile-only access, No quiet study space",3,3,False,,About the same,"YouTube, NPTEL / SWAYAM, College LMS",2026-01-31 18:50:27,Tamil Nadu,Central University,B.Tech,1st Year,7.0 – 8.0,0 – 2 hours,"YouTube, ChatGPT / AI tools, College LMS, WhatsApp / Telegram",4,,,,,,,,
1672,a0844c331d7454600df29956fea1f640e9035aa0e376172eded377ff472dedbe,2026-03-05 17:04:26,Week 2,13,2 – 4 hours,3,4,Often,"ChatGPT, Google Gemini",6 – 10,5,"No quiet study space, Health / stress issues, None",5,5,False,,Slightly better,"YouTube, NPTEL / SWAYAM",2026-01-31 18:46:52,Karnataka,Central University,B.Sc,1st Year,7.0 – 8.0,2 – 4 hours,"NPTEL / SWAYAM, Coursera / Udemy / edX, ChatGPT / AI tools, College LMS, WhatsApp / Telegram, Physical notes",6,,,,,,,,
1673,16a56bf3b362259b32e3bc7d18a95d94213241560809ad3c4d5ddba644365acb,2026-03-05 17:05:29,Week 1,30,4 – 6 hours,4,4,Always,"ChatGPT, Claude, Canva AI",6 – 10,3,Health / stress issues,3,3,False,80.0,Slightly worse,YouTube,2026-02-19 13:19:58,Tamil Nadu,State University,B.Sc,2nd Year,8.0 – 9.0,2 – 4 hours,"YouTube, NPTEL / SWAYAM, Coursera / Udemy / edX, ChatGPT / AI tools, Notion / Anki / Obsidian",5,,,,,,,,
1674,794e3ecad2e18d7bce8d1013a9e08fe529cc63443905f9864cedec22f7a9459b,2026-03-05 17:06:14,Week 2,20,6+ hours,5,5,Often,"ChatGPT, Google Gemini",6 – 10,4,"Poor internet, Mobile-only access",4,4,False,,Slightly better,"YouTube, NPTEL / SWAYAM, Coursera / Udemy / edX",2025-12-27 12:35:23,Tamil Nadu,Deemed University,B.Tech,3rd Year,6.0 – 7.0,0 – 2 hours,"YouTube, ChatGPT / AI tools",2,,,,,,,,
1675,522e39ae01bce33e97b085b9517a3680984adf0d38e718487e3314eb74127ab2,2026-03-05 17:07:04,Week 2,20,6+ hours,5,5,Sometimes,"ChatGPT, Google Gemini, Microsoft Copilot, Claude",6 – 10,4,"Poor internet, Mobile-only access",5,5,False,,About the same,"YouTube, College LMS",2026-01-31 18:48:52,Tamil Nadu,State University,B.Tech,2nd Year,Below 6.0,0 – 2 hours,"YouTube, ChatGPT / AI tools, WhatsApp / Telegram",3,,,,,,,,
1676,219d4ac6903fffab5ab1d64d6ed0b331adcc691f0e116fb7f62cefba91f7b0ec,2026-03-05 17:07:50,Week 3,3,0 – 2 hours,2,1,Never,"ChatGPT, Google Gemini",1 – 3,1,Poor internet,1,1,False,,Much worse,College LMS,2025-12-26 18:34:24,Andhra Pradesh,Private University,B.Tech,3rd Year,9.0+,0 – 2 hours,ChatGPT / AI tools,1,,,,,,,,
1677,384ceb85e96e6aa2ecda396e81a782b00f64a547b8639cec5570f556cec3c71d,2026-03-05 17:08:35,Week 3,2,0 – 2 hours,2,2,Rarely,Google Gemini,1 – 3,2,"Mobile-only access, No quiet study space",2,1,False,,Slightly worse,Coursera / Udemy / edX,2026-02-23 10:05:39,Kerala,Private University,B.Com,2nd Year,8.0 – 9.0,4 – 6 hours,"NPTEL / SWAYAM, Coursera / Udemy / edX, College LMS, Physical notes",4,,,,,,,,
1678,1dd2975d45d1e27948cae456e3827e3b50778c013fecee985fb0422f4a492ba2,2026-03-05 17:08:36,Week 1,39,4 – 6 hours,4,3,Sometimes,"ChatGPT, Claude",6 – 10,4,Poor internet,4,4,False,,Slightly better,"YouTube, College LMS",2026-02-19 13:17:59,Andhra Pradesh,State University,B.Tech,2nd Year,7.0 – 8.0,6+ hours,"YouTube, NPTEL / SWAYAM, Coursera / Udemy / edX, ChatGPT / AI tools, Notion / Anki / Obsidian, College LMS, WhatsApp / Telegram, Physical notes",8,,,,,,,,
1679,cf47f395a464caa7ab1da1745c2d650002296d75e8eac41561b430a83f4382f8,2026-03-05 17:09:59,Week 3,5,0 – 2 hours,2,2,Rarely,Google Gemini,1 – 3,2,Poor internet,2,3,False,,Much worse,NPTEL / SWAYAM,2026-01-31 18:49:58,Tamil Nadu,Central University,B.Sc,3rd Year,7.0 – 8.0,2 – 4 hours,"YouTube, NPTEL / SWAYAM, Coursera / Udemy / edX, ChatGPT / AI tools, Notion / Anki / Obsidian",5,,,,,,,,
1680,f72f420debc36def28125c58c71822ce49043914a9406e73923965f87c8cb669,2026-03-05 17:10:05,Week 1,22,4 – 6 hours,4,4,Never,"ChatGPT, Google Gemini",6 – 10,4,Poor internet,4,3,False,66.0,About the same,NPTEL / SWAYAM,2026-01-12 23:37:58,Karnataka,Private University,BA,3rd Year,8.0 – 9.0,0 – 2 hours,"YouTube, ChatGPT / AI tools, WhatsApp / Telegram, Physical notes only",4,,,,,,,,
1681,f8041b50a2c1379ae1a539104ac8cfff2e7475d9225620826e59c80d286afe76,2026-03-05 17:11:27,Week 3,3,2 – 4 hours,1,2,Rarely,"Claude, QuillBot",1 – 3,3,"Poor internet, Mobile-only access, No quiet study space, Health / stress issues, None",2,2,False,,Slightly worse,"Notion / Anki / Obsidian, Physical Notes",2026-01-31 18:25:54,Andhra Pradesh,Private University,B.Sc,3rd Year,7.0 – 8.0,0 – 2 hours,"YouTube, NPTEL / SWAYAM, Notion / Anki / Obsidian, College LMS, WhatsApp / Telegram",5,,,,,,,,
1682,3d83828233d057f5e1e37a4c9e784850077d6638768e69b0f6b5d4e5e2dfc994,2026-03-05 17:11:45,Week 2,35,4 – 6 hours,4,4,Often,"ChatGPT, Perplexity AI",6 – 10,4,Mobile-only access,4,4,False,75.0,About the same,"YouTube, NPTEL / SWAYAM",2026-01-12 21:41:37,Tamil Nadu,Private University,B.Tech,3rd Year,8.0 – 9.0,0 – 2 hours,"YouTube, ChatGPT / AI tools",2,,,,,,,,
1683,a091d9857e1b26dac9ad43d43de3cfab7f19df9cadb73e095b0b4a74a5e9bc3d,2026-03-05 17:13:19,Week 3,8,2 – 4 hours,2,3,Never,"ChatGPT, Google Gemini, Microsoft Copilot, Claude, Perplexity AI, Grammarly, QuillBot, Notion AI, Jasper AI, GitHub Copilot, Codeium, Replit AI, Tabnine, Canva AI, DALL·E, Midjourney, Adobe Firefly, Khanmigo (Khan Academy AI)",1 – 3,1,"Poor internet, Mobile-only access, No quiet study space, Health / stress issues",1,1,False,,Much worse,"YouTube, NPTEL / SWAYAM, Coursera / Udemy / edX, College LMS, Notion / Anki / Obsidian, WhatsApp / Telegram (for study purposes), Physical Notes",2026-01-27 19:47:23,Tamil Nadu,Deemed University,B.Tech,4th Year,9.0+,0 – 2 hours,"YouTube, ChatGPT / AI tools, WhatsApp / Telegram",3,,,,,,,,
1684,c4fc9686cc1b927682fbf989fe97901e479c7d5a214ce073d7cc6062f4682ed6,2026-03-05 17:14:13,Week 2,49,4 – 6 hours,5,4,Often,"ChatGPT, Google Gemini",6 – 10,4,"Poor internet, Health / stress issues",4,5,False,70.0,Much better,"YouTube, NPTEL / SWAYAM",2026-02-23 10:06:40,Andhra Pradesh,Private University,B.Com,3rd Year,6.0 – 7.0,0 – 2 hours,"Coursera / Udemy / edX, ChatGPT / AI tools, Notion / Anki / Obsidian, WhatsApp / Telegram",4,,,,,,,,
1685,6cdee50dedfbbd1a46317cf81321165ab42071b577d2f1514daac32cb4160095,2026-03-05 17:14:43,Week 4,0,0 – 2 hours,4,1,Rarely,"ChatGPT, Google Gemini, Claude, Perplexity AI",3 – 6,3,"Poor internet, Mobile-only access, No quiet study space, Health / stress issues",2,1,False,,Much worse,"College LMS, Notion / Anki / Obsidian",2026-02-02 12:39:28,Gujarat,Private University,B.Tech,3rd Year,8.0 – 9.0,6+ hours,NaN,1,,,,,,,,
1686,8ded4921661c4a18e633a572258dbd0f9a2c004f4aa3e9e2057a670d47566de6,2026-03-05 17:15:01,Week 2,55,4 – 6 hours,5,5,Always,"ChatGPT, Google Gemini",6 – 10,4,"Mobile-only access, No quiet study space",5,5,False,88.0,Much better,"YouTube, NPTEL / SWAYAM",2026-02-03 11:19:03,Kerala,Private University,B.Sc,3rd Year,Prefer not to say,2 – 4 hours,"NPTEL / SWAYAM, WhatsApp / Telegram, Physical notes",3,,,,,,,,
1687,b7c45e43b3e4defcfa15c66053995acfb95306f516892ea504b4a561e64a85b9,2026-03-05 17:15:53,Week 4,8,0 – 2 hours,3,2,Rarely,"ChatGPT, Claude",1 – 3,3,"Mobile-only access, No quiet study space",3,2,False,,Much worse,"YouTube, NPTEL / SWAYAM, Coursera / Udemy / edX, College LMS",2026-01-31 18:40:13,Tamil Nadu,IIT / NIT,B.Sc,2nd Year,6.0 – 7.0,0 – 2 hours,"YouTube, NPTEL / SWAYAM, ChatGPT / AI tools",3,,,,,,,,
1688,74d72de1f5b196019d5bbe209db2b90401f5ea949cebbdda60ac6b0f71acb482,2026-03-05 17:17:21,Week 4,14,0 – 2 hours,2,2,Rarely,"ChatGPT, Google Gemini",1 – 3,2,"Poor internet, Mobile-only access",2,2,False,,Much worse,"NPTEL / SWAYAM, Coursera / Udemy / edX, WhatsApp / Telegram (for study purposes)",2026-02-02 12:43:28,Madhya Pradesh,Central University,B.Tech,2nd Year,6.0 – 7.0,2 – 4 hours,"YouTube, ChatGPT / AI tools",2,,,,,,,,
1689,f5df30de694992a770d857d674587e781574c81ffc40be127f93b6a3d3a95f48,2026-03-05 17:18:14,Week 4,4,2 – 4 hours,2,2,Sometimes,"ChatGPT, Google Gemini, Microsoft Copilot",3 – 6,2,"Poor internet, Mobile-only access, No quiet study space",3,3,False,,Slightly worse,"YouTube, College LMS",2026-02-23 10:05:11,Andhra Pradesh,State University,B.Sc,3rd Year,Prefer not to say,2 – 4 hours,"YouTube, Coursera / Udemy / edX, Notion / Anki / Obsidian, WhatsApp / Telegram, Physical notes",5,,,,,,,,
1690,781a9f368166d71405348c3b65fa0645e7cab12d017be1e369eb8d7a5cd5fb1d,2026-03-05 17:19:01,Week 4,10,2 – 4 hours,3,2,Never,"ChatGPT, Google Gemini, Microsoft Copilot, Claude",3 – 6,2,"Poor internet, Mobile-only access, No quiet study space, Health / stress issues",2,3,False,,Slightly worse,NaN,2026-02-02 12:40:04,Maharashtra,IIT / NIT,B.Com,4th Year,7.0 – 8.0,2 – 4 hours,"YouTube, NPTEL / SWAYAM, Coursera / Udemy / edX, ChatGPT / AI tools, Notion / Anki / Obsidian, College LMS, WhatsApp / Telegram, Physical notes",8,,,,,,,,
1691,f5df30de694992a770d857d674587e781574c81ffc40be127f93b6a3d3a95f48,2026-03-05 17:19:53,Week 3,70,6+ hours,5,5,Always,"ChatGPT, Google Gemini",10+,5,NaN,5,3,False,77.0,Slightly better,YouTube,2026-02-23 10:05:11,Andhra Pradesh,State University,B.Sc,3rd Year,Prefer not to say,2 – 4 hours,"YouTube, Coursera / Udemy / edX, Notion / Anki / Obsidian, WhatsApp / Telegram, Physical notes",5,,,,,,,,
1692,3a16c6fa9dbc26f91e12cdd112bec4f2953a34f47097d3424e3f551bb022a684,2026-03-05 17:20:52,Week 4,59,6+ hours,5,5,Always,"ChatGPT, Google Gemini",10+,5,Health / stress issues,5,5,False,78.0,Much better,"YouTube, NPTEL / SWAYAM",2026-01-31 18:44:48,Tamil Nadu,Private University,BBA,1st Year,6.0 – 7.0,0 – 2 hours,"YouTube, Coursera / Udemy / edX, ChatGPT / AI tools, College LMS, WhatsApp / Telegram, Physical notes",6,,,,,,,,
1693,794e3ecad2e18d7bce8d1013a9e08fe529cc63443905f9864cedec22f7a9459b,2026-03-05 17:21:43,Week 4,50,6+ hours,5,5,Sometimes,"ChatGPT, Google Gemini",10+,5,Poor internet,5,5,False,50.0,Slightly worse,YouTube,2025-12-27 12:35:23,Tamil Nadu,Deemed University,B.Tech,3rd Year,6.0 – 7.0,0 – 2 hours,"YouTube, ChatGPT / AI tools",2,,,,,,,,
1694,caf626adf6b1139006e560ca8cc80b33ca449dfd93d89557b2b5dca8a09ea07f,2026-03-05 17:22:39,Week 4,3,0 – 2 hours,1,1,Never,ChatGPT,1 – 3,2,Poor internet,1,1,False,34.0,Much worse,YouTube,2026-02-23 10:06:05,Karnataka,Private University,BA,3rd Year,7.0 – 8.0,2 – 4 hours,"YouTube, NPTEL / SWAYAM, Coursera / Udemy / edX, ChatGPT / AI tools, Notion / Anki / Obsidian, WhatsApp / Telegram",6,,,,,,,,
1695,81ddebb1fc0e6b009a5655dea87854093d1374914f03d128e615c955c9007504,2026-03-09 20:29:56,Week 7,1,0 – 2 hours,2,2,Never,ChatGPT,3 – 6,4,NaN,4,4,False,80.0,About the same,NaN,2026-01-12 20:20:23,Tamil Nadu,Private University,B.Tech,3rd Year,7.0 – 8.0,2 – 4 hours,"YouTube, ChatGPT / AI tools, WhatsApp / Telegram, Physical notes only",4,,,,,,,,
1696,d2db0cecaf1edf2f34e8fcb492052acd27453600c6cc493e25700d9c3b289761,2025-12-26 07:20:19,Week 1,18,0 – 2 hours,3,1,Often,"ChatGPT / AI tools, College LMS, WhatsApp / Telegram",6 – 10,4,"Poor internet, No quiet study space",3,4,False,70.0,About the same,NaN,2026-02-02 12:56:07,Uttar Pradesh,IIT / NIT,Other,2nd Year,Prefer not to say,2 – 4 hours,"YouTube, Coursera / Udemy / edX",2,,,,,,,,
1697,ad04e596e1af01ab238040c91de85cefe7f49fb2aabec57135e928a5ee02305e,2025-12-26 19:16:08,Week 1,0,6+ hours,5,1,Never,NaN,0,1,Poor internet,5,5,False,0.0,Much better,NaN,2026-02-02 13:10:08,Karnataka,IIT / NIT,BBA,Others,7.0 – 8.0,2 – 4 hours,"YouTube, NPTEL / SWAYAM",2,,,,,,,,
1698,8773494ab4b07b7f7350b8d37e960ba5d05e7caf5ffbb75a943c63465a604b7f,2025-12-27 12:32:17,Week 1,30,6+ hours,5,5,Always,"YouTube, NPTEL / SWAYAM, Coursera / Udemy / edX, ChatGPT / AI tools, Notion / Anki / Obsidian, College LMS, WhatsApp / Telegram, Physical notes only, None",3 – 6,5,No quiet study space,5,5,False,10.0,Much better,NaN,2026-01-31 18:47:34,Tamil Nadu,IIT / NIT,B.Tech,2nd Year,9.0+,4 – 6 hours,"YouTube, NPTEL / SWAYAM, Coursera / Udemy / edX, ChatGPT / AI tools, College LMS, WhatsApp / Telegram, Physical notes",7,,,,,,,,
1699,3d83828233d057f5e1e37a4c9e784850077d6638768e69b0f6b5d4e5e2dfc994,2025-12-27 12:37:17,Week 1,3,0 – 2 hours,3,1,Rarely,"YouTube, ChatGPT / AI tools, Physical notes only",3 – 6,3,"Poor internet, No quiet study space, Health / stress issues",2,1,False,70.0,Slightly worse,NaN,2026-01-12 21:41:37,Tamil Nadu,Private University,B.Tech,3rd Year,8.0 – 9.0,0 – 2 hours,"YouTube, ChatGPT / AI tools",2,,,,,,,,
1700,2b17d11e7d9c1af7a7fed72e60e90a5ee797f0b6e0cc8645592f6fdc2ad13cd2,2025-12-27 14:54:03,Week 1,10,0 – 2 hours,2,1,Rarely,"Coursera / Udemy / edX, ChatGPT / AI tools, College LMS, WhatsApp / Telegram",3 – 6,4,"Poor internet, Mobile-only access, Health / stress issues",5,5,False,50.0,About the same,NaN,2026-01-31 18:51:00,Tamil Nadu,State University,B.Tech,1st Year,6.0 – 7.0,2 – 4 hours,"YouTube, Coursera / Udemy / edX, ChatGPT / AI tools, Notion / Anki / Obsidian, WhatsApp / Telegram",5,,,,,,,,
1701,e14fc3506630213cf4dbb3dddf035e19aad46cfaf81f1761b7791f1f48a64d67,2025-12-29 14:24:18,Week 1,42,6+ hours,4,4,Often,"YouTube, Coursera / Udemy / edX, ChatGPT / AI tools, Notion / Anki / Obsidian, College LMS, WhatsApp / Telegram",6 – 10,5,NaN,5,3,False,85.0,Slightly better,NaN,2026-02-02 12:45:31,Madhya Pradesh,Central University,B.Tech,3rd Year,8.0 – 9.0,2 – 4 hours,"ChatGPT / AI tools, WhatsApp / Telegram",2,,,,,,,,
1702,3d83828233d057f5e1e37a4c9e784850077d6638768e69b0f6b5d4e5e2dfc994,2026-01-12 20:21:27,Week 1,10,0 – 2 hours,3,1,Rarely,"ChatGPT, Google Gemini, Microsoft Copilot, Claude",3 – 6,3,"No quiet study space, Health / stress issues",3,5,False,85.0,About the same,"YouTube, College LMS, WhatsApp / Telegram (for study purposes), Physical Notes",2026-01-12 21:41:37,Tamil Nadu,Private University,B.Tech,3rd Year,8.0 – 9.0,0 – 2 hours,"YouTube, ChatGPT / AI tools",2,,,,,,,,
1703,794e3ecad2e18d7bce8d1013a9e08fe529cc63443905f9864cedec22f7a9459b,2026-01-12 20:23:04,Week 1,4,0 – 2 hours,3,2,Often,"ChatGPT, Google Gemini, Perplexity AI",1 – 3,4,"Poor internet, No quiet study space",3,2,False,77.0,About the same,"YouTube, Coursera / Udemy / edX, WhatsApp / Telegram (for study purposes)",2025-12-27 12:35:23,Tamil Nadu,Deemed University,B.Tech,3rd Year,6.0 – 7.0,0 – 2 hours,"YouTube, ChatGPT / AI tools",2,,,,,,,,
1704,c4fc9686cc1b927682fbf989fe97901e479c7d5a214ce073d7cc6062f4682ed6,2026-01-12 21:35:58,Week 1,5,2 – 4 hours,2,1,Rarely,"ChatGPT, Google Gemini, Microsoft Copilot, Perplexity AI, GitHub Copilot",3 – 6,3,"Poor internet, Mobile-only access, No quiet study space",3,3,False,50.0,Slightly worse,"YouTube, NPTEL / SWAYAM, WhatsApp / Telegram (for study purposes), Physical Notes",2026-02-23 10:06:40,Andhra Pradesh,Private University,B.Com,3rd Year,6.0 – 7.0,0 – 2 hours,"Coursera / Udemy / edX, ChatGPT / AI tools, Notion / Anki / Obsidian, WhatsApp / Telegram",4,,,,,,,,
1705,f5df30de694992a770d857d674587e781574c81ffc40be127f93b6a3d3a95f48,2026-01-12 21:44:30,Week 1,3,0 – 2 hours,1,1,Rarely,"ChatGPT, Google Gemini, Microsoft Copilot",1 – 3,3,NaN,2,2,False,,About the same,YouTube,2026-02-23 10:05:11,Andhra Pradesh,State University,B.Sc,3rd Year,Prefer not to say,2 – 4 hours,"YouTube, Coursera / Udemy / edX, Notion / Anki / Obsidian, WhatsApp / Telegram, Physical notes",5,,,,,,,,
1706,a0844c331d7454600df29956fea1f640e9035aa0e376172eded377ff472dedbe,2026-01-12 22:33:54,Week 1,5,0 – 2 hours,3,2,Sometimes,"ChatGPT, Perplexity AI, Replit AI",3 – 6,4,Poor internet,3,3,False,,About the same,YouTube,2026-01-31 18:46:52,Karnataka,Central University,B.Sc,1st Year,7.0 – 8.0,2 – 4 hours,"NPTEL / SWAYAM, Coursera / Udemy / edX, ChatGPT / AI tools, College LMS, WhatsApp / Telegram, Physical notes",6,,,,,,,,
1707,1dd2975d45d1e27948cae456e3827e3b50778c013fecee985fb0422f4a492ba2,2026-01-12 23:15:31,Week 1,2,0 – 2 hours,1,1,Never,"ChatGPT, Google Gemini",1 – 3,1,"Poor internet, No quiet study space",1,1,False,,Slightly worse,"YouTube, WhatsApp / Telegram (for study purposes), Physical Notes",2026-02-19 13:17:59,Andhra Pradesh,State University,B.Tech,2nd Year,7.0 – 8.0,6+ hours,"YouTube, NPTEL / SWAYAM, Coursera / Udemy / edX, ChatGPT / AI tools, Notion / Anki / Obsidian, College LMS, WhatsApp / Telegram, Physical notes",8,,,,,,,,
1708,9c37b8db9c39e670e8422cf5afe252221762450c6f3d1f72c8ef3cdfe0a584e6,2026-01-13 19:46:14,Week 2,3,2 – 4 hours,3,3,Rarely,"ChatGPT, Perplexity AI",1 – 3,3,"No quiet study space, Health / stress issues",3,3,False,,About the same,"YouTube, College LMS, Notion / Anki / Obsidian",2026-02-23 10:10:44,Tamil Nadu,State University,B.Sc,2nd Year,7.0 – 8.0,2 – 4 hours,"YouTube, NPTEL / SWAYAM, Coursera / Udemy / edX, ChatGPT / AI tools, College LMS",5,,,,,,,,
1709,63c23cf4b390284f3ce1175699f5efa501022ba212fe21be99dc9e2d21deebbf,2026-01-16 12:27:49,Week 1,14,2 – 4 hours,2,2,Rarely,"ChatGPT, Perplexity AI",3 – 6,4,"Mobile-only access, No quiet study space",2,4,False,,Much worse,"YouTube, Notion / Anki / Obsidian, WhatsApp / Telegram (for study purposes)",2026-02-02 12:38:59,Rajasthan,State University,B.Sc,2nd Year,7.0 – 8.0,4 – 6 hours,"Coursera / Udemy / edX, ChatGPT / AI tools, Notion / Anki / Obsidian, College LMS, Physical notes",5,,,,,,,,
1710,3d83828233d057f5e1e37a4c9e784850077d6638768e69b0f6b5d4e5e2dfc994,2026-01-31 11:32:52,Week 1,5,0 – 2 hours,4,4,Often,"ChatGPT, Google Gemini, Claude, Perplexity AI, Notion AI, Replit AI, Canva AI, DALL·E",3 – 6,4,Health / stress issues,4,4,False,80.0,Slightly better,"YouTube, WhatsApp / Telegram (for study purposes)",2026-01-12 21:41:37,Tamil Nadu,Private University,B.Tech,3rd Year,8.0 – 9.0,0 – 2 hours,"YouTube, ChatGPT / AI tools",2,,,,,,,,
1711,caf626adf6b1139006e560ca8cc80b33ca449dfd93d89557b2b5dca8a09ea07f,2026-01-31 14:55:23,Week 1,60,4 – 6 hours,4,3,Sometimes,"ChatGPT, Microsoft Copilot, GitHub Copilot, Replit AI",3 – 6,3,"Poor internet, No quiet study space",3,3,False,,Slightly better,"YouTube, WhatsApp / Telegram (for study purposes), Physical Notes",2026-02-23 10:06:05,Karnataka,Private University,BA,3rd Year,7.0 – 8.0,2 – 4 hours,"YouTube, NPTEL / SWAYAM, Coursera / Udemy / edX, ChatGPT / AI tools, Notion / Anki / Obsidian, WhatsApp / Telegram",6,,,,,,,,
1712,132137538b93be89ed6c9815b322a7a0f58530b8c229d1809265140f5cb8c398,2026-01-31 16:07:51,Week 1,20,0 – 2 hours,3,1,Never,Google Gemini,3 – 6,5,"Poor internet, No quiet study space",2,5,False,75.0,Slightly worse,"YouTube, Notion / Anki / Obsidian",2026-01-13 19:44:22,Tamil Nadu,Deemed University,B.Tech,3rd Year,7.0 – 8.0,2 – 4 hours,"YouTube, ChatGPT / AI tools",2,,,,,,,,
1713,1dd2975d45d1e27948cae456e3827e3b50778c013fecee985fb0422f4a492ba2,2026-01-31 16:39:48,Week 1,20,4 – 6 hours,3,3,Sometimes,"ChatGPT, Google Gemini",1 – 3,3,Health / stress issues,3,2,False,,Slightly worse,"YouTube, NPTEL / SWAYAM, WhatsApp / Telegram (for study purposes), Physical Notes",2026-02-19 13:17:59,Andhra Pradesh,State University,B.Tech,2nd Year,7.0 – 8.0,6+ hours,"YouTube, NPTEL / SWAYAM, Coursera / Udemy / edX, ChatGPT / AI tools, Notion / Anki / Obsidian, College LMS, WhatsApp / Telegram, Physical notes",8,,,,,,,,
1714,b7c45e43b3e4defcfa15c66053995acfb95306f516892ea504b4a561e64a85b9,2026-01-31 17:56:30,Week 1,4,2 – 4 hours,1,1,Never,ChatGPT,1 – 3,3,Poor internet,1,1,False,,Much worse,Physical Notes,2026-01-31 18:40:13,Tamil Nadu,IIT / NIT,B.Sc,2nd Year,6.0 – 7.0,0 – 2 hours,"YouTube, NPTEL / SWAYAM, ChatGPT / AI tools",3,,,,,,,,
1715,f5df30de694992a770d857d674587e781574c81ffc40be127f93b6a3d3a95f48,2026-01-31 18:23:25,Week 1,13,0 – 2 hours,1,1,Never,"ChatGPT, Google Gemini, Perplexity AI, Canva AI",6 – 10,3,"Poor internet, Mobile-only access, Health / stress issues",2,3,False,50.0,Slightly worse,"YouTube, College LMS, WhatsApp / Telegram (for study purposes), Physical Notes",2026-02-23 10:05:11,Andhra Pradesh,State University,B.Sc,3rd Year,Prefer not to say,2 – 4 hours,"YouTube, Coursera / Udemy / edX, Notion / Anki / Obsidian, WhatsApp / Telegram, Physical notes",5,,,,,,,,
1716,74d72de1f5b196019d5bbe209db2b90401f5ea949cebbdda60ac6b0f71acb482,2026-01-31 18:55:41,Week 1,14,0 – 2 hours,1,1,Never,"ChatGPT, Google Gemini, Microsoft Copilot, Perplexity AI",3 – 6,3,"Poor internet, Mobile-only access",2,4,False,,Slightly worse,"YouTube, Coursera / Udemy / edX, College LMS, Physical Notes",2026-02-02 12:43:28,Madhya Pradesh,Central University,B.Tech,2nd Year,6.0 – 7.0,2 – 4 hours,"YouTube, ChatGPT / AI tools",2,,,,,,,,
1717,9f7b57d47f3cd447af0a85a35c1ce5b1287d471159595088cd7493a849b93059,2026-01-31 18:57:01,Week 1,23,2 – 4 hours,3,3,Sometimes,"ChatGPT, Google Gemini, Microsoft Copilot, Claude, Perplexity AI, Grammarly, QuillBot, GitHub Copilot, Canva AI, Khanmigo (Khan Academy AI)",6 – 10,4,No quiet study space,3,3,False,70.0,About the same,"YouTube, NPTEL / SWAYAM, Coursera / Udemy / edX, College LMS, WhatsApp / Telegram (for study purposes), Physical Notes",2026-02-02 12:38:26,Punjab,Central University,B.Tech,1st Year,6.0 – 7.0,4 – 6 hours,"YouTube, NPTEL / SWAYAM, Coursera / Udemy / edX, ChatGPT / AI tools, College LMS, WhatsApp / Telegram",6,,,,,,,,
1718,caf626adf6b1139006e560ca8cc80b33ca449dfd93d89557b2b5dca8a09ea07f,2026-01-31 19:00:49,Week 1,26,2 – 4 hours,2,2,Sometimes,"ChatGPT, Google Gemini, Microsoft Copilot, Claude, Perplexity AI, Grammarly, Notion AI, GitHub Copilot, Codeium, Canva AI, DALL·E",3 – 6,3,"Poor internet, Mobile-only access",2,4,False,70.0,Slightly worse,"YouTube, NPTEL / SWAYAM, Coursera / Udemy / edX, College LMS, WhatsApp / Telegram (for study purposes), Physical Notes",2026-02-23 10:06:05,Karnataka,Private University,BA,3rd Year,7.0 – 8.0,2 – 4 hours,"YouTube, NPTEL / SWAYAM, Coursera / Udemy / edX, ChatGPT / AI tools, Notion / Anki / Obsidian, WhatsApp / Telegram",6,,,,,,,,
1719,c4fc9686cc1b927682fbf989fe97901e479c7d5a214ce073d7cc6062f4682ed6,2026-01-31 19:02:01,Week 1,22,2 – 4 hours,3,2,Rarely,"ChatGPT, Google Gemini, Microsoft Copilot, Claude, Perplexity AI, Grammarly, GitHub Copilot, Codeium, Replit AI, Tabnine, Canva AI",6 – 10,4,NaN,3,3,False,80.0,About the same,"YouTube, NPTEL / SWAYAM, Coursera / Udemy / edX, College LMS, WhatsApp / Telegram (for study purposes), Physical Notes",2026-02-23 10:06:40,Andhra Pradesh,Private University,B.Com,3rd Year,6.0 – 7.0,0 – 2 hours,"Coursera / Udemy / edX, ChatGPT / AI tools, Notion / Anki / Obsidian, WhatsApp / Telegram",4,,,,,,,,
1720,b7c45e43b3e4defcfa15c66053995acfb95306f516892ea504b4a561e64a85b9,2026-01-31 19:04:48,Week 1,30,2 – 4 hours,3,3,Sometimes,"ChatGPT, Google Gemini, Microsoft Copilot, Claude, QuillBot, Notion AI, GitHub Copilot, Midjourney, Adobe Firefly, Khanmigo (Khan Academy AI)",6 – 10,4,"Poor internet, Health / stress issues",3,5,False,,Slightly worse,"YouTube, NPTEL / SWAYAM, Coursera / Udemy / edX, College LMS, WhatsApp / Telegram (for study purposes), Physical Notes",2026-01-31 18:40:13,Tamil Nadu,IIT / NIT,B.Sc,2nd Year,6.0 – 7.0,0 – 2 hours,"YouTube, NPTEL / SWAYAM, ChatGPT / AI tools",3,,,,,,,,
1721,16a56bf3b362259b32e3bc7d18a95d94213241560809ad3c4d5ddba644365acb,2026-01-31 19:05:17,Week 1,60,4 – 6 hours,4,3,Rarely,"ChatGPT, Google Gemini",6 – 10,4,"No quiet study space, Health / stress issues",3,4,False,0.0,About the same,"YouTube, Physical Notes",2026-02-19 13:19:58,Tamil Nadu,State University,B.Sc,2nd Year,8.0 – 9.0,2 – 4 hours,"YouTube, NPTEL / SWAYAM, Coursera / Udemy / edX, ChatGPT / AI tools, Notion / Anki / Obsidian",5,,,,,,,,
1722,2b17d11e7d9c1af7a7fed72e60e90a5ee797f0b6e0cc8645592f6fdc2ad13cd2,2026-01-31 19:06:54,Week 1,50,4 – 6 hours,3,3,Often,"ChatGPT, Google Gemini, Microsoft Copilot, Claude, Perplexity AI, GitHub Copilot",6 – 10,5,"Poor internet, No quiet study space",2,5,False,75.0,About the same,"YouTube, College LMS, WhatsApp / Telegram (for study purposes), Physical Notes",2026-01-31 18:51:00,Tamil Nadu,State University,B.Tech,1st Year,6.0 – 7.0,2 – 4 hours,"YouTube, Coursera / Udemy / edX, ChatGPT / AI tools, Notion / Anki / Obsidian, WhatsApp / Telegram",5,,,,,,,,
1723,e14fc3506630213cf4dbb3dddf035e19aad46cfaf81f1761b7791f1f48a64d67,2026-01-31 19:10:39,Week 1,40,4 – 6 hours,4,4,Sometimes,"ChatGPT, Google Gemini, Microsoft Copilot, Claude, Perplexity AI, Grammarly, Jasper AI, GitHub Copilot, Replit AI, Canva AI, Adobe Firefly, Khanmigo (Khan Academy AI)",6 – 10,5,NaN,3,3,False,80.0,Slightly better,"YouTube, NPTEL / SWAYAM, College LMS, WhatsApp / Telegram (for study purposes), Physical Notes",2026-02-02 12:45:31,Madhya Pradesh,Central University,B.Tech,3rd Year,8.0 – 9.0,2 – 4 hours,"ChatGPT / AI tools, WhatsApp / Telegram",2,,,,,,,,
1724,132137538b93be89ed6c9815b322a7a0f58530b8c229d1809265140f5cb8c398,2026-01-31 19:13:43,Week 1,50,6+ hours,3,2,Often,"ChatGPT, Google Gemini, Microsoft Copilot, Claude, Perplexity AI, Grammarly",3 – 6,4,No quiet study space,3,5,False,60.0,About the same,"YouTube, NPTEL / SWAYAM, Coursera / Udemy / edX, College LMS, WhatsApp / Telegram (for study purposes), Physical Notes",2026-01-13 19:44:22,Tamil Nadu,Deemed University,B.Tech,3rd Year,7.0 – 8.0,2 – 4 hours,"YouTube, ChatGPT / AI tools",2,,,,,,,,
1725,f72f420debc36def28125c58c71822ce49043914a9406e73923965f87c8cb669,2026-01-31 19:15:02,Week 1,45,4 – 6 hours,2,2,Rarely,"ChatGPT, Google Gemini, Microsoft Copilot, Claude, Perplexity AI, Grammarly, Codeium, Replit AI, Tabnine, Canva AI",10+,5,NaN,2,4,False,70.0,Slightly worse,"YouTube, Coursera / Udemy / edX, WhatsApp / Telegram (for study purposes), Physical Notes",2026-01-12 23:37:58,Karnataka,Private University,BA,3rd Year,8.0 – 9.0,0 – 2 hours,"YouTube, ChatGPT / AI tools, WhatsApp / Telegram, Physical notes only",4,,,,,,,,
1726,26234105c87439e0dc4fb999632d3a5406775cc0728c26840e4a6b26d071341b,2026-01-31 19:16:03,Week 1,35,2 – 4 hours,2,1,Never,"ChatGPT, Google Gemini",3 – 6,3,"Poor internet, No quiet study space, Health / stress issues",2,5,False,50.0,Slightly worse,"YouTube, WhatsApp / Telegram (for study purposes), Physical Notes",2026-01-12 20:18:58,Tamil Nadu,Private University,B.Tech,2nd Year,6.0 – 7.0,0 – 2 hours,"YouTube, ChatGPT / AI tools, College LMS",3,,,,,,,,
1727,26234105c87439e0dc4fb999632d3a5406775cc0728c26840e4a6b26d071341b,2026-01-31 19:17:08,Week 1,49,6+ hours,3,2,Always,"ChatGPT, Google Gemini, Microsoft Copilot, Claude, Perplexity AI, Grammarly, Jasper AI",6 – 10,5,"Poor internet, No quiet study space, Health / stress issues",3,5,False,80.0,About the same,"YouTube, NPTEL / SWAYAM, WhatsApp / Telegram (for study purposes), Physical Notes",2026-01-12 20:18:58,Tamil Nadu,Private University,B.Tech,2nd Year,6.0 – 7.0,0 – 2 hours,"YouTube, ChatGPT / AI tools, College LMS",3,,,,,,,,
1728,781a9f368166d71405348c3b65fa0645e7cab12d017be1e369eb8d7a5cd5fb1d,2026-01-31 19:18:01,Week 1,60,6+ hours,4,2,Sometimes,"ChatGPT, Google Gemini, Microsoft Copilot, Claude, Perplexity AI, Grammarly, GitHub Copilot",6 – 10,5,No quiet study space,3,3,False,75.0,About the same,"YouTube, Coursera / Udemy / edX, College LMS, WhatsApp / Telegram (for study purposes), Physical Notes",2026-02-02 12:40:04,Maharashtra,IIT / NIT,B.Com,4th Year,7.0 – 8.0,2 – 4 hours,"YouTube, NPTEL / SWAYAM, Coursera / Udemy / edX, ChatGPT / AI tools, Notion / Anki / Obsidian, College LMS, WhatsApp / Telegram, Physical notes",8,,,,,,,,
1729,f72f420debc36def28125c58c71822ce49043914a9406e73923965f87c8cb669,2026-01-31 19:38:23,Week 1,30,2 – 4 hours,3,1,Sometimes,"ChatGPT, Microsoft Copilot, Claude, Perplexity AI, Notion AI",3 – 6,4,"Poor internet, No quiet study space, Health / stress issues",3,5,False,90.0,Slightly worse,"YouTube, WhatsApp / Telegram (for study purposes), Physical Notes",2026-01-12 23:37:58,Karnataka,Private University,BA,3rd Year,8.0 – 9.0,0 – 2 hours,"YouTube, ChatGPT / AI tools, WhatsApp / Telegram, Physical notes only",4,,,,,,,,
1730,3d83828233d057f5e1e37a4c9e784850077d6638768e69b0f6b5d4e5e2dfc994,2026-01-31 21:34:43,Week 1,2,0 – 2 hours,3,1,Sometimes,"ChatGPT, Google Gemini, Claude, Perplexity AI, Notion AI",1 – 3,4,"Poor internet, Mobile-only access, No quiet study space, Health / stress issues",3,5,False,80.0,Slightly worse,"YouTube, Notion / Anki / Obsidian, Physical Notes",2026-01-12 21:41:37,Tamil Nadu,Private University,B.Tech,3rd Year,8.0 – 9.0,0 – 2 hours,"YouTube, ChatGPT / AI tools",2,,,,,,,,
1731,f72f420debc36def28125c58c71822ce49043914a9406e73923965f87c8cb669,2026-01-31 21:35:59,Week 1,22,2 – 4 hours,4,4,Sometimes,"ChatGPT, Google Gemini, Perplexity AI",6 – 10,5,"Poor internet, Mobile-only access, Health / stress issues",4,5,False,,Much better,"YouTube, College LMS, Notion / Anki / Obsidian, WhatsApp / Telegram (for study purposes), Physical Notes",2026-01-12 23:37:58,Karnataka,Private University,BA,3rd Year,8.0 – 9.0,0 – 2 hours,"YouTube, ChatGPT / AI tools, WhatsApp / Telegram, Physical notes only",4,,,,,,,,
1732,27d91473394ea1f8f97a8f1740492902f4ab1abbfe0b003e4536904eaba6dca0,2026-02-01 20:06:39,Week 1,6,0 – 2 hours,4,1,Never,"ChatGPT, Google Gemini",3 – 6,5,Health / stress issues,5,4,False,80.0,About the same,"YouTube, WhatsApp / Telegram (for study purposes), Physical Notes",2026-01-31 18:43:28,Tamil Nadu,IIT / NIT,B.Tech,3rd Year,7.0 – 8.0,2 – 4 hours,"YouTube, NPTEL / SWAYAM, Coursera / Udemy / edX, ChatGPT / AI tools, Notion / Anki / Obsidian, College LMS, WhatsApp / Telegram, Physical notes",8,,,,,,,,
1733,6cdee50dedfbbd1a46317cf81321165ab42071b577d2f1514daac32cb4160095,2026-02-02 00:28:33,Week 1,3,0 – 2 hours,1,1,Rarely,"ChatGPT, Google Gemini, Microsoft Copilot, Claude, Perplexity AI, Grammarly",1 – 3,4,"No quiet study space, Health / stress issues",1,4,False,,About the same,"YouTube, College LMS, WhatsApp / Telegram (for study purposes), Physical Notes",2026-02-02 12:39:28,Gujarat,Private University,B.Tech,3rd Year,8.0 – 9.0,6+ hours,NaN,1,,,,,,,,
1734,f8ecea41f5799921e46e5d82b8d41d92dba1fca7a66ca63506cc3c0aab382672,2026-02-02 21:55:05,Week 1,12,2 – 4 hours,3,3,Rarely,"ChatGPT, Google Gemini, Claude, Canva AI",3 – 6,3,Mobile-only access,3,3,False,,About the same,"YouTube, Coursera / Udemy / edX",2026-01-27 17:56:30,Uttar Pradesh,Central University,B.Tech,4th Year,7.0 – 8.0,4 – 6 hours,"YouTube, NPTEL / SWAYAM, Coursera / Udemy / edX, ChatGPT / AI tools, Notion / Anki / Obsidian",5,,,,,,,,
1735,0e155a1241bd00b2d588262223a52e0f8a911a4000092f096e6968dccae9e61b,2026-02-03 10:30:21,Week 1,20,2 – 4 hours,3,1,Often,"ChatGPT, Google Gemini",10+,5,Health / stress issues,3,4,False,,About the same,YouTube,2026-02-03 11:16:29,Tamil Nadu,IIT / NIT,B.Tech,4th Year,8.0 – 9.0,2 – 4 hours,"ChatGPT / AI tools, College LMS",2,,,,,,,,
1736,86b1b7c8fd97ac6aa33f3f67e3c3652ee35ae2226cc4798385726481eea05f57,2026-02-03 10:38:09,Week 2,16,0 – 2 hours,5,5,Always,"ChatGPT, Google Gemini, Claude, Perplexity AI, GitHub Copilot",1 – 3,4,No quiet study space,4,4,False,85.0,Much better,"YouTube, Coursera / Udemy / edX, Physical Notes",2026-01-31 18:50:27,Tamil Nadu,Central University,B.Tech,1st Year,7.0 – 8.0,0 – 2 hours,"YouTube, ChatGPT / AI tools, College LMS, WhatsApp / Telegram",4,,,,,,,,
1737,781a9f368166d71405348c3b65fa0645e7cab12d017be1e369eb8d7a5cd5fb1d,2026-02-03 11:15:07,Week 2,9,0 – 2 hours,3,3,Sometimes,"Claude, Perplexity AI, Grammarly, QuillBot, GitHub Copilot",1 – 3,3,"Poor internet, Mobile-only access",3,3,False,,About the same,"Coursera / Udemy / edX, Notion / Anki / Obsidian",2026-02-02 12:40:04,Maharashtra,IIT / NIT,B.Com,4th Year,7.0 – 8.0,2 – 4 hours,"YouTube, NPTEL / SWAYAM, Coursera / Udemy / edX, ChatGPT / AI tools, Notion / Anki / Obsidian, College LMS, WhatsApp / Telegram, Physical notes",8,,,,,,,,
1738,384ceb85e96e6aa2ecda396e81a782b00f64a547b8639cec5570f556cec3c71d,2026-02-03 11:16:33,Week 2,5,2 – 4 hours,3,2,Sometimes,"ChatGPT, Google Gemini",6 – 10,3,"Poor internet, Mobile-only access, No quiet study space, Health / stress issues",2,4,False,50.0,Slightly worse,"YouTube, WhatsApp / Telegram (for study purposes)",2026-02-23 10:05:39,Kerala,Private University,B.Com,2nd Year,8.0 – 9.0,4 – 6 hours,"NPTEL / SWAYAM, Coursera / Udemy / edX, College LMS, Physical notes",4,,,,,,,,
1739,f8ecea41f5799921e46e5d82b8d41d92dba1fca7a66ca63506cc3c0aab382672,2026-02-03 11:57:11,Week 1,50,6+ hours,5,5,Often,"ChatGPT, Google Gemini, Perplexity AI, Midjourney, None",10+,5,Health / stress issues,5,5,False,,Slightly better,"YouTube, College LMS, WhatsApp / Telegram (for study purposes)",2026-01-27 17:56:30,Uttar Pradesh,Central University,B.Tech,4th Year,7.0 – 8.0,4 – 6 hours,"YouTube, NPTEL / SWAYAM, Coursera / Udemy / edX, ChatGPT / AI tools, Notion / Anki / Obsidian",5,,,,,,,,
1740,266344e1c50b449d6d5dbec5b4b1af3236f13cc0b97871acccf3da3697283f82,2026-02-03 11:58:01,Week 2,20,2 – 4 hours,3,3,Rarely,"ChatGPT, Google Gemini, Perplexity AI, Jasper AI",3 – 6,3,Mobile-only access,3,3,False,80.0,Slightly worse,"YouTube, College LMS, WhatsApp / Telegram (for study purposes)",2026-01-16 12:24:26,Tamil Nadu,Private University,B.Tech,3rd Year,9.0+,2 – 4 hours,"YouTube, ChatGPT / AI tools, Notion / Anki / Obsidian, WhatsApp / Telegram",4,,,,,,,,
1741,c4fc9686cc1b927682fbf989fe97901e479c7d5a214ce073d7cc6062f4682ed6,2026-02-03 12:00:28,Week 1,42,4 – 6 hours,4,4,Sometimes,"ChatGPT, Perplexity AI, Tabnine, Canva AI",1 – 3,4,NaN,4,4,False,,About the same,"YouTube, NPTEL / SWAYAM, Notion / Anki / Obsidian, Physical Notes",2026-02-23 10:06:40,Andhra Pradesh,Private University,B.Com,3rd Year,6.0 – 7.0,0 – 2 hours,"Coursera / Udemy / edX, ChatGPT / AI tools, Notion / Anki / Obsidian, WhatsApp / Telegram",4,,,,,,,,
1814,8773494ab4b07b7f7350b8d37e960ba5d05e7caf5ffbb75a943c63465a604b7f,2026-02-26 10:14:20,Week 3,10,0 – 2 hours,1,1,Never,ChatGPT,1 – 3,2,NaN,2,1,False,,Much worse,YouTube,2026-01-31 18:47:34,Tamil Nadu,IIT / NIT,B.Tech,2nd Year,9.0+,4 – 6 hours,"YouTube, NPTEL / SWAYAM, Coursera / Udemy / edX, ChatGPT / AI tools, College LMS, WhatsApp / Telegram, Physical notes",7,,,,,,,,
1742,74d72de1f5b196019d5bbe209db2b90401f5ea949cebbdda60ac6b0f71acb482,2026-02-03 12:05:44,Week 1,38,2 – 4 hours,3,2,Always,"Google Gemini, Perplexity AI, QuillBot, Codeium, Replit AI, Canva AI, Khanmigo (Khan Academy AI)",10+,4,"No quiet study space, None",3,3,False,,Much better,"YouTube, Coursera / Udemy / edX",2026-02-02 12:43:28,Madhya Pradesh,Central University,B.Tech,2nd Year,6.0 – 7.0,2 – 4 hours,"YouTube, ChatGPT / AI tools",2,,,,,,,,
1743,ad04e596e1af01ab238040c91de85cefe7f49fb2aabec57135e928a5ee02305e,2026-02-03 12:20:13,Week 1,13,0 – 2 hours,3,4,Always,"ChatGPT, Microsoft Copilot, Claude, Grammarly, Notion AI, GitHub Copilot",3 – 6,3,Poor internet,2,3,False,70.0,About the same,"YouTube, NPTEL / SWAYAM, College LMS, WhatsApp / Telegram (for study purposes), Physical Notes",2026-02-02 13:10:08,Karnataka,IIT / NIT,BBA,Others,7.0 – 8.0,2 – 4 hours,"YouTube, NPTEL / SWAYAM",2,,,,,,,,
1744,b319601b117de5d02e9d335f82997ad5d2c20f041b094bdd7a67411b8ad1543b,2026-02-03 12:28:44,Week 1,20,0 – 2 hours,3,4,Always,"ChatGPT, Google Gemini, Microsoft Copilot, Claude, Perplexity AI, QuillBot, Canva AI",3 – 6,3,"Poor internet, Mobile-only access, No quiet study space",2,4,False,50.0,Slightly worse,"Coursera / Udemy / edX, WhatsApp / Telegram (for study purposes), Physical Notes",2026-01-31 11:34:19,Tamil Nadu,State University,B.Tech,4th Year,8.0 – 9.0,0 – 2 hours,"YouTube, ChatGPT / AI tools, WhatsApp / Telegram",3,,,,,,,,
1745,1dd2975d45d1e27948cae456e3827e3b50778c013fecee985fb0422f4a492ba2,2026-02-03 12:29:41,Week 1,60,6+ hours,3,3,Rarely,"ChatGPT, Google Gemini, Microsoft Copilot, Claude, Perplexity AI, Grammarly, QuillBot, Replit AI, Tabnine, Canva AI, DALL·E, Midjourney",6 – 10,3,"Poor internet, Health / stress issues",3,5,False,90.0,Slightly better,"YouTube, NPTEL / SWAYAM, Coursera / Udemy / edX, College LMS",2026-02-19 13:17:59,Andhra Pradesh,State University,B.Tech,2nd Year,7.0 – 8.0,6+ hours,"YouTube, NPTEL / SWAYAM, Coursera / Udemy / edX, ChatGPT / AI tools, Notion / Anki / Obsidian, College LMS, WhatsApp / Telegram, Physical notes",8,,,,,,,,
1746,b9c03c59028b4485073ac377b7c14dfe728898b0dccd931ebc2eea5d5b1d746a,2026-02-03 12:42:02,Week 1,25,4 – 6 hours,4,3,Sometimes,"ChatGPT, Google Gemini, Perplexity AI",3 – 6,4,NaN,4,3,False,85.0,Slightly better,"YouTube, Coursera / Udemy / edX, Notion / Anki / Obsidian",2025-12-27 14:52:29,Tamil Nadu,Central University,B.Tech,3rd Year,8.0 – 9.0,2 – 4 hours,"ChatGPT / AI tools, College LMS, WhatsApp / Telegram",3,,,,,,,,
1747,f8041b50a2c1379ae1a539104ac8cfff2e7475d9225620826e59c80d286afe76,2026-02-03 12:43:56,Week 1,20,2 – 4 hours,2,2,Rarely,"Claude, Grammarly",1 – 3,2,Poor internet,2,4,False,75.0,Much worse,College LMS,2026-01-31 18:25:54,Andhra Pradesh,Private University,B.Sc,3rd Year,7.0 – 8.0,0 – 2 hours,"YouTube, NPTEL / SWAYAM, Notion / Anki / Obsidian, College LMS, WhatsApp / Telegram",5,,,,,,,,
1748,f5df30de694992a770d857d674587e781574c81ffc40be127f93b6a3d3a95f48,2026-02-03 12:46:15,Week 1,15,2 – 4 hours,2,2,Never,"ChatGPT, Microsoft Copilot",0,3,Health / stress issues,3,5,False,,About the same,YouTube,2026-02-23 10:05:11,Andhra Pradesh,State University,B.Sc,3rd Year,Prefer not to say,2 – 4 hours,"YouTube, Coursera / Udemy / edX, Notion / Anki / Obsidian, WhatsApp / Telegram, Physical notes",5,,,,,,,,
1749,8ded4921661c4a18e633a572258dbd0f9a2c004f4aa3e9e2057a670d47566de6,2026-02-03 12:51:53,Week 1,35,6+ hours,5,4,Sometimes,"ChatGPT, Claude",6 – 10,5,"Mobile-only access, Health / stress issues",4,2,False,85.0,Slightly better,YouTube,2026-02-03 11:19:03,Kerala,Private University,B.Sc,3rd Year,Prefer not to say,2 – 4 hours,"NPTEL / SWAYAM, WhatsApp / Telegram, Physical notes",3,,,,,,,,
1750,8bfc27000534160835a23ec100f95667b3894c6b3e90a6027721d3322ad782dc,2026-02-03 12:53:19,Week 1,15,0 – 2 hours,2,1,Never,NaN,0,1,Poor internet,2,4,False,,About the same,"YouTube, Physical Notes",2026-02-05 21:46:59,Telangana,Private University,B.Tech,3rd Year,9.0+,0 – 2 hours,"YouTube, ChatGPT / AI tools, Physical notes",3,,,,,,,,
1751,3a16c6fa9dbc26f91e12cdd112bec4f2953a34f47097d3424e3f551bb022a684,2026-02-03 12:55:32,Week 1,25,2 – 4 hours,3,3,Often,ChatGPT,3 – 6,3,NaN,3,3,False,78.0,Slightly better,"YouTube, Coursera / Udemy / edX, College LMS",2026-01-31 18:44:48,Tamil Nadu,Private University,BBA,1st Year,6.0 – 7.0,0 – 2 hours,"YouTube, Coursera / Udemy / edX, ChatGPT / AI tools, College LMS, WhatsApp / Telegram, Physical notes",6,,,,,,,,
1752,f5df30de694992a770d857d674587e781574c81ffc40be127f93b6a3d3a95f48,2026-02-03 17:14:22,Week 3,30,2 – 4 hours,3,2,Often,"ChatGPT, Google Gemini, GitHub Copilot",10+,5,Health / stress issues,4,5,False,,Slightly better,"YouTube, College LMS",2026-02-23 10:05:11,Andhra Pradesh,State University,B.Sc,3rd Year,Prefer not to say,2 – 4 hours,"YouTube, Coursera / Udemy / edX, Notion / Anki / Obsidian, WhatsApp / Telegram, Physical notes",5,,,,,,,,
1753,0e155a1241bd00b2d588262223a52e0f8a911a4000092f096e6968dccae9e61b,2026-02-05 21:45:35,Week 1,0,4 – 6 hours,3,3,Sometimes,"ChatGPT, Google Gemini, Claude, Perplexity AI, Canva AI",1 – 3,3,NaN,3,3,False,,About the same,"YouTube, NPTEL / SWAYAM, Coursera / Udemy / edX, College LMS, WhatsApp / Telegram (for study purposes)",2026-02-03 11:16:29,Tamil Nadu,IIT / NIT,B.Tech,4th Year,8.0 – 9.0,2 – 4 hours,"ChatGPT / AI tools, College LMS",2,,,,,,,,
1754,ace8e293cc91c35e822f9101bc4e97d2ad904d1e130b4402fd6a6642f245665e,2026-02-05 21:49:41,Week 1,10,0 – 2 hours,5,3,Sometimes,"ChatGPT, Google Gemini, Microsoft Copilot, Perplexity AI, GitHub Copilot, Canva AI, Khanmigo (Khan Academy AI)",1 – 3,3,"Poor internet, Mobile-only access, No quiet study space",3,5,False,94.0,Much better,"YouTube, NPTEL / SWAYAM, Coursera / Udemy / edX, College LMS, Notion / Anki / Obsidian, WhatsApp / Telegram (for study purposes), Physical Notes",2026-02-23 10:12:43,Kerala,State University,B.Tech,2nd Year,6.0 – 7.0,0 – 2 hours,"NPTEL / SWAYAM, Notion / Anki / Obsidian",2,,,,,,,,
1755,ea6dc2fae8a61411b9d6de51699ca6787330c0036ffedddf4a649648fefe8732,2026-02-05 21:53:36,Week 1,70,2 – 4 hours,1,1,Sometimes,ChatGPT,10+,3,NaN,2,1,False,,Slightly better,"YouTube, WhatsApp / Telegram (for study purposes)",2026-01-31 18:48:18,Andhra Pradesh,Private University,B.Tech,4th Year,7.0 – 8.0,2 – 4 hours,"YouTube, ChatGPT / AI tools, College LMS, WhatsApp / Telegram",4,,,,,,,,
1756,3d83828233d057f5e1e37a4c9e784850077d6638768e69b0f6b5d4e5e2dfc994,2026-02-05 22:29:26,Week 1,0,0 – 2 hours,1,1,Never,"ChatGPT, Google Gemini, Microsoft Copilot",1 – 3,3,"Poor internet, Mobile-only access, No quiet study space, Health / stress issues",1,4,False,70.0,About the same,YouTube,2026-01-12 21:41:37,Tamil Nadu,Private University,B.Tech,3rd Year,8.0 – 9.0,0 – 2 hours,"YouTube, ChatGPT / AI tools",2,,,,,,,,
1757,27d91473394ea1f8f97a8f1740492902f4ab1abbfe0b003e4536904eaba6dca0,2026-02-08 10:09:09,Week 2,1,0 – 2 hours,4,1,Never,"ChatGPT, Google Gemini",3 – 6,5,NaN,5,5,False,,About the same,WhatsApp / Telegram (for study purposes),2026-01-31 18:43:28,Tamil Nadu,IIT / NIT,B.Tech,3rd Year,7.0 – 8.0,2 – 4 hours,"YouTube, NPTEL / SWAYAM, Coursera / Udemy / edX, ChatGPT / AI tools, Notion / Anki / Obsidian, College LMS, WhatsApp / Telegram, Physical notes",8,,,,,,,,
1758,0e155a1241bd00b2d588262223a52e0f8a911a4000092f096e6968dccae9e61b,2026-02-16 08:39:48,Week 3,4,0 – 2 hours,3,1,Never,ChatGPT,6 – 10,4,NaN,4,3,False,,About the same,"YouTube, WhatsApp / Telegram (for study purposes)",2026-02-03 11:16:29,Tamil Nadu,IIT / NIT,B.Tech,4th Year,8.0 – 9.0,2 – 4 hours,"ChatGPT / AI tools, College LMS",2,,,,,,,,
1759,49c29b44c0f2dba949371e3de5aaea4ace47ef333c771bda5ab86551a01e7a7d,2026-02-19 09:15:03,Week 2,6,0 – 2 hours,3,3,Rarely,"ChatGPT, Google Gemini, Claude",1 – 3,4,"Poor internet, No quiet study space",4,4,False,80.0,Slightly better,"YouTube, WhatsApp / Telegram (for study purposes), Physical Notes",2026-02-02 12:49:39,Uttar Pradesh,Central University,B.Tech,Others,8.0 – 9.0,2 – 4 hours,"YouTube, ChatGPT / AI tools",2,,,,,,,,
1760,27d91473394ea1f8f97a8f1740492902f4ab1abbfe0b003e4536904eaba6dca0,2026-02-19 09:18:05,Week 3,5,0 – 2 hours,2,2,Rarely,"ChatGPT, Google Gemini",1 – 3,2,"Poor internet, No quiet study space, Health / stress issues",2,4,False,60.0,Slightly worse,"NPTEL / SWAYAM, WhatsApp / Telegram (for study purposes), Physical Notes",2026-01-31 18:43:28,Tamil Nadu,IIT / NIT,B.Tech,3rd Year,7.0 – 8.0,2 – 4 hours,"YouTube, NPTEL / SWAYAM, Coursera / Udemy / edX, ChatGPT / AI tools, Notion / Anki / Obsidian, College LMS, WhatsApp / Telegram, Physical notes",8,,,,,,,,
1761,9f7b57d47f3cd447af0a85a35c1ce5b1287d471159595088cd7493a849b93059,2026-02-19 09:19:09,Week 3,6,0 – 2 hours,3,3,Never,"ChatGPT, Google Gemini, Claude, Perplexity AI, GitHub Copilot",3 – 6,3,"Poor internet, No quiet study space",3,3,False,,About the same,"YouTube, Notion / Anki / Obsidian, WhatsApp / Telegram (for study purposes), Physical Notes",2026-02-02 12:38:26,Punjab,Central University,B.Tech,1st Year,6.0 – 7.0,4 – 6 hours,"YouTube, NPTEL / SWAYAM, Coursera / Udemy / edX, ChatGPT / AI tools, College LMS, WhatsApp / Telegram",6,,,,,,,,
1762,b319601b117de5d02e9d335f82997ad5d2c20f041b094bdd7a67411b8ad1543b,2026-02-19 09:20:04,Week 4,7,2 – 4 hours,3,4,Never,"ChatGPT, Google Gemini, Microsoft Copilot, Claude, Perplexity AI",1 – 3,3,Poor internet,3,4,False,,About the same,"YouTube, WhatsApp / Telegram (for study purposes), Physical Notes",2026-01-31 11:34:19,Tamil Nadu,State University,B.Tech,4th Year,8.0 – 9.0,0 – 2 hours,"YouTube, ChatGPT / AI tools, WhatsApp / Telegram",3,,,,,,,,
1763,48cdb835c278ac6b10eed195f85632896d3be15d20d75197a0b916b2395939a6,2026-02-19 09:21:21,Week 4,7,2 – 4 hours,3,3,Never,"ChatGPT, Google Gemini, GitHub Copilot",1 – 3,2,Health / stress issues,2,3,False,70.0,About the same,"YouTube, WhatsApp / Telegram (for study purposes), Physical Notes",2026-01-27 00:18:46,Telangana,IIT / NIT,B.Sc,3rd Year,7.0 – 8.0,0 – 2 hours,"YouTube, NPTEL / SWAYAM, ChatGPT / AI tools, WhatsApp / Telegram, Physical notes only",5,,,,,,,,
1764,81ddebb1fc0e6b009a5655dea87854093d1374914f03d128e615c955c9007504,2026-02-19 09:22:29,Week 4,5,0 – 2 hours,1,1,Never,ChatGPT,1 – 3,2,Poor internet,2,2,False,,Slightly worse,YouTube,2026-01-12 20:20:23,Tamil Nadu,Private University,B.Tech,3rd Year,7.0 – 8.0,2 – 4 hours,"YouTube, ChatGPT / AI tools, WhatsApp / Telegram, Physical notes only",4,,,,,,,,
1765,63c23cf4b390284f3ce1175699f5efa501022ba212fe21be99dc9e2d21deebbf,2026-02-19 09:23:22,Week 4,8,2 – 4 hours,4,4,Never,"ChatGPT, Google Gemini, Microsoft Copilot, Claude, GitHub Copilot",3 – 6,4,Poor internet,4,4,False,60.0,Slightly better,"YouTube, WhatsApp / Telegram (for study purposes), Physical Notes",2026-02-02 12:38:59,Rajasthan,State University,B.Sc,2nd Year,7.0 – 8.0,4 – 6 hours,"Coursera / Udemy / edX, ChatGPT / AI tools, Notion / Anki / Obsidian, College LMS, Physical notes",5,,,,,,,,
1766,b319601b117de5d02e9d335f82997ad5d2c20f041b094bdd7a67411b8ad1543b,2026-02-22 21:39:27,Week 4,6,0 – 2 hours,5,1,Never,ChatGPT,3 – 6,4,Health / stress issues,3,3,False,80.0,Slightly worse,"WhatsApp / Telegram (for study purposes), Physical Notes",2026-01-31 11:34:19,Tamil Nadu,State University,B.Tech,4th Year,8.0 – 9.0,0 – 2 hours,"YouTube, ChatGPT / AI tools, WhatsApp / Telegram",3,,,,,,,,
1785,7b5c4bd7d59556f437489bc9729a8c19655b90085e45e8dff621cf66913fc521,2026-02-23 10:49:33,Week 3,20,2 – 4 hours,2,2,Rarely,"ChatGPT, Google Gemini",3 – 6,3,Poor internet,2,2,False,,Slightly worse,"YouTube, WhatsApp / Telegram (for study purposes)",2026-02-23 10:13:22,Kerala,State University,B.Tech,3rd Year,Prefer not to say,2 – 4 hours,"YouTube, NPTEL / SWAYAM, Coursera / Udemy / edX, ChatGPT / AI tools, Notion / Anki / Obsidian, College LMS, WhatsApp / Telegram, Physical notes",8,,,,,,,,
1767,e14fc3506630213cf4dbb3dddf035e19aad46cfaf81f1761b7791f1f48a64d67,2026-02-23 10:18:52,Week 1,20,2 – 4 hours,3,3,Sometimes,"ChatGPT, Google Gemini, Microsoft Copilot, Claude, Perplexity AI, Grammarly, GitHub Copilot",3 – 6,4,"Poor internet, Mobile-only access, No quiet study space, Health / stress issues",2,2,False,,About the same,"YouTube, NPTEL / SWAYAM, Coursera / Udemy / edX, College LMS, WhatsApp / Telegram (for study purposes)",2026-02-02 12:45:31,Madhya Pradesh,Central University,B.Tech,3rd Year,8.0 – 9.0,2 – 4 hours,"ChatGPT / AI tools, WhatsApp / Telegram",2,,,,,,,,
1768,b319601b117de5d02e9d335f82997ad5d2c20f041b094bdd7a67411b8ad1543b,2026-02-23 10:19:54,Week 1,30,2 – 4 hours,3,3,Often,"ChatGPT, Microsoft Copilot, Perplexity AI, Grammarly, QuillBot, Codeium, Tabnine",3 – 6,4,"Poor internet, No quiet study space, Health / stress issues, None",5,4,False,50.0,About the same,"NPTEL / SWAYAM, College LMS, Notion / Anki / Obsidian",2026-01-31 11:34:19,Tamil Nadu,State University,B.Tech,4th Year,8.0 – 9.0,0 – 2 hours,"YouTube, ChatGPT / AI tools, WhatsApp / Telegram",3,,,,,,,,
1769,48cdb835c278ac6b10eed195f85632896d3be15d20d75197a0b916b2395939a6,2026-02-23 10:20:56,Week 1,35,4 – 6 hours,4,4,Often,"ChatGPT, Google Gemini, Microsoft Copilot, Perplexity AI, Grammarly, QuillBot",6 – 10,4,"Poor internet, No quiet study space, Health / stress issues",3,4,False,75.0,Slightly better,"YouTube, NPTEL / SWAYAM, Coursera / Udemy / edX, College LMS, Physical Notes",2026-01-27 00:18:46,Telangana,IIT / NIT,B.Sc,3rd Year,7.0 – 8.0,0 – 2 hours,"YouTube, NPTEL / SWAYAM, ChatGPT / AI tools, WhatsApp / Telegram, Physical notes only",5,,,,,,,,
1770,8bfc27000534160835a23ec100f95667b3894c6b3e90a6027721d3322ad782dc,2026-02-23 10:22:44,Week 1,30,4 – 6 hours,3,3,Sometimes,"ChatGPT, Google Gemini, Microsoft Copilot, Claude, Notion AI, GitHub Copilot, Codeium",3 – 6,4,"Mobile-only access, No quiet study space",2,3,False,,About the same,"NPTEL / SWAYAM, College LMS, Notion / Anki / Obsidian, WhatsApp / Telegram (for study purposes)",2026-02-05 21:46:59,Telangana,Private University,B.Tech,3rd Year,9.0+,0 – 2 hours,"YouTube, ChatGPT / AI tools, Physical notes",3,,,,,,,,
1771,48cdb835c278ac6b10eed195f85632896d3be15d20d75197a0b916b2395939a6,2026-02-23 10:23:43,Week 1,40,4 – 6 hours,2,2,Never,"ChatGPT, Google Gemini, Microsoft Copilot, Claude, Perplexity AI, Grammarly, QuillBot, Notion AI, Jasper AI, GitHub Copilot, Codeium, Replit AI, Tabnine",3 – 6,3,No quiet study space,3,4,False,59.0,Slightly worse,"YouTube, NPTEL / SWAYAM, College LMS, Notion / Anki / Obsidian, WhatsApp / Telegram (for study purposes)",2026-01-27 00:18:46,Telangana,IIT / NIT,B.Sc,3rd Year,7.0 – 8.0,0 – 2 hours,"YouTube, NPTEL / SWAYAM, ChatGPT / AI tools, WhatsApp / Telegram, Physical notes only",5,,,,,,,,
1772,b9c03c59028b4485073ac377b7c14dfe728898b0dccd931ebc2eea5d5b1d746a,2026-02-23 10:35:09,Week 2,45,4 – 6 hours,4,2,Rarely,"ChatGPT, Google Gemini, Microsoft Copilot, Claude, Perplexity AI, Grammarly, Jasper AI, Tabnine, Canva AI, Adobe Firefly",6 – 10,4,Mobile-only access,4,4,False,80.0,Slightly better,"YouTube, Coursera / Udemy / edX, Notion / Anki / Obsidian, Physical Notes",2025-12-27 14:52:29,Tamil Nadu,Central University,B.Tech,3rd Year,8.0 – 9.0,2 – 4 hours,"ChatGPT / AI tools, College LMS, WhatsApp / Telegram",3,,,,,,,,
1773,8773494ab4b07b7f7350b8d37e960ba5d05e7caf5ffbb75a943c63465a604b7f,2026-02-23 10:35:57,Week 2,50,4 – 6 hours,2,2,Rarely,"ChatGPT, Google Gemini, Microsoft Copilot, Claude, Grammarly, Jasper AI, Codeium, Replit AI, DALL·E, Adobe Firefly, Khanmigo (Khan Academy AI)",6 – 10,4,NaN,4,3,False,90.0,Slightly better,"YouTube, NPTEL / SWAYAM, Coursera / Udemy / edX, College LMS, Notion / Anki / Obsidian",2026-01-31 18:47:34,Tamil Nadu,IIT / NIT,B.Tech,2nd Year,9.0+,4 – 6 hours,"YouTube, NPTEL / SWAYAM, Coursera / Udemy / edX, ChatGPT / AI tools, College LMS, WhatsApp / Telegram, Physical notes",7,,,,,,,,
1774,a0844c331d7454600df29956fea1f640e9035aa0e376172eded377ff472dedbe,2026-02-23 10:36:55,Week 2,60,6+ hours,3,3,Sometimes,"ChatGPT, Google Gemini, Microsoft Copilot, Claude, Grammarly, QuillBot, Jasper AI, Codeium, Tabnine, Canva AI, Adobe Firefly",10+,5,Health / stress issues,5,5,False,80.0,Slightly better,"YouTube, NPTEL / SWAYAM, Coursera / Udemy / edX, College LMS, Notion / Anki / Obsidian, WhatsApp / Telegram (for study purposes), Physical Notes",2026-01-31 18:46:52,Karnataka,Central University,B.Sc,1st Year,7.0 – 8.0,2 – 4 hours,"NPTEL / SWAYAM, Coursera / Udemy / edX, ChatGPT / AI tools, College LMS, WhatsApp / Telegram, Physical notes",6,,,,,,,,
1775,bed0f2897fdcff9c379616ea83849b1ca59a967db6315c91cd8fcf4fcf4c7216,2026-02-23 10:37:44,Week 2,70,6+ hours,3,3,Sometimes,"ChatGPT, Google Gemini, Microsoft Copilot, Claude, Perplexity AI, Grammarly, QuillBot, Notion AI, Codeium, Replit AI, Canva AI, DALL·E, Midjourney, Adobe Firefly",6 – 10,4,"Poor internet, No quiet study space, Health / stress issues",5,4,False,,About the same,"YouTube, NPTEL / SWAYAM, Coursera / Udemy / edX, College LMS, Notion / Anki / Obsidian, WhatsApp / Telegram (for study purposes), Physical Notes",2026-01-31 18:46:23,Andhra Pradesh,State University,B.Sc,2nd Year,7.0 – 8.0,2 – 4 hours,"YouTube, NPTEL / SWAYAM, WhatsApp / Telegram",3,,,,,,,,
1776,1dd2975d45d1e27948cae456e3827e3b50778c013fecee985fb0422f4a492ba2,2026-02-23 10:38:39,Week 2,60,6+ hours,3,3,Often,"ChatGPT, Google Gemini, Microsoft Copilot, Claude, Perplexity AI, Grammarly, Jasper AI, GitHub Copilot, Canva AI",6 – 10,3,NaN,4,4,False,75.0,Much better,"YouTube, NPTEL / SWAYAM, Coursera / Udemy / edX, College LMS, Notion / Anki / Obsidian, WhatsApp / Telegram (for study purposes), Physical Notes",2026-02-19 13:17:59,Andhra Pradesh,State University,B.Tech,2nd Year,7.0 – 8.0,6+ hours,"YouTube, NPTEL / SWAYAM, Coursera / Udemy / edX, ChatGPT / AI tools, Notion / Anki / Obsidian, College LMS, WhatsApp / Telegram, Physical notes",8,,,,,,,,
1777,81ddebb1fc0e6b009a5655dea87854093d1374914f03d128e615c955c9007504,2026-02-23 10:40:54,Week 2,70,6+ hours,4,1,Often,"ChatGPT, Google Gemini, Microsoft Copilot, Claude, Perplexity AI, Grammarly, QuillBot, Notion AI, GitHub Copilot, DALL·E",10+,4,Health / stress issues,4,4,False,85.0,About the same,"YouTube, NPTEL / SWAYAM, Coursera / Udemy / edX, College LMS, Notion / Anki / Obsidian, WhatsApp / Telegram (for study purposes), Physical Notes",2026-01-12 20:20:23,Tamil Nadu,Private University,B.Tech,3rd Year,7.0 – 8.0,2 – 4 hours,"YouTube, ChatGPT / AI tools, WhatsApp / Telegram, Physical notes only",4,,,,,,,,
1778,bed0f2897fdcff9c379616ea83849b1ca59a967db6315c91cd8fcf4fcf4c7216,2026-02-23 10:42:01,Week 2,65,6+ hours,4,2,Sometimes,"ChatGPT, Google Gemini, Microsoft Copilot, Claude, Perplexity AI, Grammarly, QuillBot, Notion AI, Codeium",6 – 10,4,Health / stress issues,3,3,False,70.0,Much better,"YouTube, NPTEL / SWAYAM, Coursera / Udemy / edX, College LMS, Notion / Anki / Obsidian, WhatsApp / Telegram (for study purposes), Physical Notes",2026-01-31 18:46:23,Andhra Pradesh,State University,B.Sc,2nd Year,7.0 – 8.0,2 – 4 hours,"YouTube, NPTEL / SWAYAM, WhatsApp / Telegram",3,,,,,,,,
1779,f8041b50a2c1379ae1a539104ac8cfff2e7475d9225620826e59c80d286afe76,2026-02-23 10:42:59,Week 2,55,6+ hours,5,5,Always,"ChatGPT, Google Gemini, Microsoft Copilot, Claude, Perplexity AI, Grammarly, QuillBot, Jasper AI, GitHub Copilot, Replit AI",10+,5,No quiet study space,5,5,False,80.0,Slightly better,"YouTube, NPTEL / SWAYAM, Coursera / Udemy / edX, College LMS, WhatsApp / Telegram (for study purposes)",2026-01-31 18:25:54,Andhra Pradesh,Private University,B.Sc,3rd Year,7.0 – 8.0,0 – 2 hours,"YouTube, NPTEL / SWAYAM, Notion / Anki / Obsidian, College LMS, WhatsApp / Telegram",5,,,,,,,,
1780,f5df30de694992a770d857d674587e781574c81ffc40be127f93b6a3d3a95f48,2026-02-23 10:44:12,Week 2,50,6+ hours,5,2,Sometimes,"ChatGPT, Google Gemini, Microsoft Copilot, Claude, Perplexity AI, Grammarly, Notion AI, Codeium, Tabnine, Canva AI",10+,5,Mobile-only access,5,4,False,66.0,Slightly worse,"YouTube, NPTEL / SWAYAM, Coursera / Udemy / edX, College LMS, Notion / Anki / Obsidian, WhatsApp / Telegram (for study purposes), Physical Notes",2026-02-23 10:05:11,Andhra Pradesh,State University,B.Sc,3rd Year,Prefer not to say,2 – 4 hours,"YouTube, Coursera / Udemy / edX, Notion / Anki / Obsidian, WhatsApp / Telegram, Physical notes",5,,,,,,,,
1781,cf47f395a464caa7ab1da1745c2d650002296d75e8eac41561b430a83f4382f8,2026-02-23 10:45:06,Week 2,60,6+ hours,5,3,Sometimes,"ChatGPT, Google Gemini, Microsoft Copilot, Claude, Perplexity AI, Grammarly, QuillBot, Notion AI, GitHub Copilot, Replit AI, Canva AI, Adobe Firefly",6 – 10,4,"Poor internet, No quiet study space",5,4,False,56.0,Much worse,"YouTube, NPTEL / SWAYAM, Coursera / Udemy / edX, College LMS, Notion / Anki / Obsidian, WhatsApp / Telegram (for study purposes), Physical Notes",2026-01-31 18:49:58,Tamil Nadu,Central University,B.Sc,3rd Year,7.0 – 8.0,2 – 4 hours,"YouTube, NPTEL / SWAYAM, Coursera / Udemy / edX, ChatGPT / AI tools, Notion / Anki / Obsidian",5,,,,,,,,
1782,cf47f395a464caa7ab1da1745c2d650002296d75e8eac41561b430a83f4382f8,2026-02-23 10:46:14,Week 2,56,6+ hours,5,2,Sometimes,"ChatGPT, Google Gemini, Microsoft Copilot, Claude, Perplexity AI, Grammarly, QuillBot, Notion AI",10+,4,"Poor internet, Mobile-only access",3,3,False,60.0,Slightly worse,"YouTube, NPTEL / SWAYAM, Coursera / Udemy / edX, College LMS, Notion / Anki / Obsidian, WhatsApp / Telegram (for study purposes), Physical Notes",2026-01-31 18:49:58,Tamil Nadu,Central University,B.Sc,3rd Year,7.0 – 8.0,2 – 4 hours,"YouTube, NPTEL / SWAYAM, Coursera / Udemy / edX, ChatGPT / AI tools, Notion / Anki / Obsidian",5,,,,,,,,
1783,384ceb85e96e6aa2ecda396e81a782b00f64a547b8639cec5570f556cec3c71d,2026-02-23 10:47:04,Week 2,60,4 – 6 hours,4,5,Sometimes,"ChatGPT, Google Gemini, Microsoft Copilot, Claude, Perplexity AI, Grammarly, QuillBot, Notion AI, Jasper AI",10+,5,Poor internet,5,5,False,75.0,About the same,"YouTube, College LMS, WhatsApp / Telegram (for study purposes), Physical Notes",2026-02-23 10:05:39,Kerala,Private University,B.Com,2nd Year,8.0 – 9.0,4 – 6 hours,"NPTEL / SWAYAM, Coursera / Udemy / edX, College LMS, Physical notes",4,,,,,,,,
1784,e8386eec4c2f671d625ec0a877e0c9af57a196443df6751cfd908bc4bb188c51,2026-02-23 10:48:16,Week 2,45,4 – 6 hours,5,3,Often,"ChatGPT, Google Gemini, Claude, Perplexity AI, Grammarly",6 – 10,4,Poor internet,5,4,False,90.0,Slightly better,"YouTube, NPTEL / SWAYAM, College LMS, WhatsApp / Telegram (for study purposes)",2026-01-31 18:42:45,Kerala,State University,B.Com,2nd Year,Prefer not to say,2 – 4 hours,"YouTube, NPTEL / SWAYAM, Coursera / Udemy / edX, Notion / Anki / Obsidian, Physical notes",5,,,,,,,,
1786,8ded4921661c4a18e633a572258dbd0f9a2c004f4aa3e9e2057a670d47566de6,2026-02-23 11:07:02,Week 3,40,4 – 6 hours,3,3,Sometimes,"ChatGPT, Google Gemini, Microsoft Copilot, Claude, Perplexity AI, Grammarly",3 – 6,2,NaN,3,3,False,,Slightly worse,"YouTube, College LMS, Notion / Anki / Obsidian",2026-02-03 11:19:03,Kerala,Private University,B.Sc,3rd Year,Prefer not to say,2 – 4 hours,"NPTEL / SWAYAM, WhatsApp / Telegram, Physical notes",3,,,,,,,,
1787,1ad669ada84e5263e09135c0723aae8e30fcb58819e440892efde165dd587a5e,2026-02-23 11:07:50,Week 3,30,2 – 4 hours,2,2,Rarely,"ChatGPT, Google Gemini, Perplexity AI, Grammarly",1 – 3,2,NaN,3,3,False,,Slightly worse,"YouTube, NPTEL / SWAYAM, Coursera / Udemy / edX, College LMS",2026-02-03 11:18:21,Karnataka,State University,BBA,3rd Year,7.0 – 8.0,2 – 4 hours,"YouTube, Coursera / Udemy / edX",2,,,,,,,,
1788,27d91473394ea1f8f97a8f1740492902f4ab1abbfe0b003e4536904eaba6dca0,2026-02-23 11:08:32,Week 3,30,4 – 6 hours,2,2,Sometimes,"ChatGPT, Google Gemini, Microsoft Copilot, Claude, Perplexity AI",1 – 3,2,Poor internet,2,2,False,,Much worse,"YouTube, NPTEL / SWAYAM, Coursera / Udemy / edX, College LMS",2026-01-31 18:43:28,Tamil Nadu,IIT / NIT,B.Tech,3rd Year,7.0 – 8.0,2 – 4 hours,"YouTube, NPTEL / SWAYAM, Coursera / Udemy / edX, ChatGPT / AI tools, Notion / Anki / Obsidian, College LMS, WhatsApp / Telegram, Physical notes",8,,,,,,,,
1789,74d72de1f5b196019d5bbe209db2b90401f5ea949cebbdda60ac6b0f71acb482,2026-02-23 11:09:19,Week 3,30,2 – 4 hours,3,3,Sometimes,"ChatGPT, Google Gemini, Microsoft Copilot, Claude, Perplexity AI, QuillBot",1 – 3,3,NaN,3,3,False,,About the same,"YouTube, NPTEL / SWAYAM, Coursera / Udemy / edX, College LMS",2026-02-02 12:43:28,Madhya Pradesh,Central University,B.Tech,2nd Year,6.0 – 7.0,2 – 4 hours,"YouTube, ChatGPT / AI tools",2,,,,,,,,
1790,26234105c87439e0dc4fb999632d3a5406775cc0728c26840e4a6b26d071341b,2026-02-23 11:12:41,Week 3,20,2 – 4 hours,3,3,Sometimes,"ChatGPT, Google Gemini, Microsoft Copilot, Claude, Perplexity AI, Grammarly, QuillBot",1 – 3,3,Health / stress issues,2,2,False,,Slightly worse,"YouTube, NPTEL / SWAYAM, Coursera / Udemy / edX, College LMS, Notion / Anki / Obsidian",2026-01-12 20:18:58,Tamil Nadu,Private University,B.Tech,2nd Year,6.0 – 7.0,0 – 2 hours,"YouTube, ChatGPT / AI tools, College LMS",3,,,,,,,,
1791,d2db0cecaf1edf2f34e8fcb492052acd27453600c6cc493e25700d9c3b289761,2026-02-23 11:13:20,Week 3,20,2 – 4 hours,2,2,Rarely,"ChatGPT, Google Gemini, Microsoft Copilot, Claude",1 – 3,2,NaN,3,2,False,,About the same,"YouTube, Coursera / Udemy / edX, Notion / Anki / Obsidian",2026-02-02 12:56:07,Uttar Pradesh,IIT / NIT,Other,2nd Year,Prefer not to say,2 – 4 hours,"YouTube, Coursera / Udemy / edX",2,,,,,,,,
1792,d2db0cecaf1edf2f34e8fcb492052acd27453600c6cc493e25700d9c3b289761,2026-02-23 11:14:00,Week 4,10,0 – 2 hours,1,1,Never,"ChatGPT, Google Gemini",1 – 3,2,Poor internet,1,1,False,,Much worse,"YouTube, Coursera / Udemy / edX",2026-02-02 12:56:07,Uttar Pradesh,IIT / NIT,Other,2nd Year,Prefer not to say,2 – 4 hours,"YouTube, Coursera / Udemy / edX",2,,,,,,,,
1793,caf626adf6b1139006e560ca8cc80b33ca449dfd93d89557b2b5dca8a09ea07f,2026-02-24 12:14:09,Week 2,50,6+ hours,4,4,Sometimes,"ChatGPT, Google Gemini, Microsoft Copilot, Claude, Grammarly, QuillBot, Notion AI, Midjourney, Adobe Firefly, Khanmigo (Khan Academy AI)",6 – 10,5,"Poor internet, Mobile-only access, Health / stress issues",3,3,False,60.0,About the same,"YouTube, NPTEL / SWAYAM, Coursera / Udemy / edX, College LMS, Notion / Anki / Obsidian, WhatsApp / Telegram (for study purposes)",2026-02-23 10:06:05,Karnataka,Private University,BA,3rd Year,7.0 – 8.0,2 – 4 hours,"YouTube, NPTEL / SWAYAM, Coursera / Udemy / edX, ChatGPT / AI tools, Notion / Anki / Obsidian, WhatsApp / Telegram",6,,,,,,,,
1794,63c23cf4b390284f3ce1175699f5efa501022ba212fe21be99dc9e2d21deebbf,2026-02-24 12:16:26,Week 2,40,4 – 6 hours,3,3,Sometimes,"ChatGPT, Google Gemini, Microsoft Copilot, Claude, Perplexity AI, Grammarly, QuillBot, GitHub Copilot, Codeium",6 – 10,4,"Poor internet, Mobile-only access, No quiet study space",3,3,False,70.0,Slightly better,"YouTube, NPTEL / SWAYAM, Coursera / Udemy / edX, College LMS, Notion / Anki / Obsidian, Physical Notes",2026-02-02 12:38:59,Rajasthan,State University,B.Sc,2nd Year,7.0 – 8.0,4 – 6 hours,"Coursera / Udemy / edX, ChatGPT / AI tools, Notion / Anki / Obsidian, College LMS, Physical notes",5,,,,,,,,
1795,81ddebb1fc0e6b009a5655dea87854093d1374914f03d128e615c955c9007504,2026-02-25 23:11:19,Week 3,4,2 – 4 hours,3,3,Sometimes,"ChatGPT, Microsoft Copilot, QuillBot",1 – 3,3,No quiet study space,3,3,False,,Slightly worse,YouTube,2026-01-12 20:20:23,Tamil Nadu,Private University,B.Tech,3rd Year,7.0 – 8.0,2 – 4 hours,"YouTube, ChatGPT / AI tools, WhatsApp / Telegram, Physical notes only",4,,,,,,,,
1796,f5df30de694992a770d857d674587e781574c81ffc40be127f93b6a3d3a95f48,2026-02-26 00:09:17,Week 3,2,0 – 2 hours,2,2,Rarely,ChatGPT,1 – 3,2,Poor internet,2,2,False,,Slightly worse,NaN,2026-02-23 10:05:11,Andhra Pradesh,State University,B.Sc,3rd Year,Prefer not to say,2 – 4 hours,"YouTube, Coursera / Udemy / edX, Notion / Anki / Obsidian, WhatsApp / Telegram, Physical notes",5,,,,,,,,
1797,e9f047d3c2da21e5de56f3abab5c156cedf45843e25e1cc9c00e542a0848fb89,2026-02-26 00:14:22,Week 2,9,6+ hours,5,5,Often,"ChatGPT, Google Gemini, Claude",3 – 6,4,NaN,4,5,False,,Much better,"YouTube, WhatsApp / Telegram (for study purposes), Physical Notes",2026-02-23 10:04:41,Andhra Pradesh,Central University,B.Tech,2nd Year,7.0 – 8.0,0 – 2 hours,"YouTube, NPTEL / SWAYAM, Coursera / Udemy / edX, Notion / Anki / Obsidian, WhatsApp / Telegram",5,,,,,,,,
1798,3d83828233d057f5e1e37a4c9e784850077d6638768e69b0f6b5d4e5e2dfc994,2026-02-26 00:14:46,Week 1,68,4 – 6 hours,4,4,Often,"ChatGPT, Google Gemini, Microsoft Copilot, Claude, Perplexity AI",10+,5,NaN,4,4,False,,Slightly better,YouTube,2026-01-12 21:41:37,Tamil Nadu,Private University,B.Tech,3rd Year,8.0 – 9.0,0 – 2 hours,"YouTube, ChatGPT / AI tools",2,,,,,,,,
1799,32b68dc8923730efba7e69129bcc4d5555495cc9359174e99e3d50570ce6de44,2026-02-26 00:16:28,Week 2,68,6+ hours,5,5,Always,"ChatGPT, Google Gemini, Microsoft Copilot, Claude, Perplexity AI",10+,5,NaN,5,5,False,80.0,Much better,"YouTube, College LMS, WhatsApp / Telegram (for study purposes), Physical Notes",2026-01-31 14:55:58,Kerala,State University,B.Sc,1st Year,7.0 – 8.0,0 – 2 hours,"YouTube, ChatGPT / AI tools, College LMS, WhatsApp / Telegram",4,,,,,,,,
1800,27d91473394ea1f8f97a8f1740492902f4ab1abbfe0b003e4536904eaba6dca0,2026-02-26 00:17:35,Week 3,50,4 – 6 hours,3,3,Sometimes,ChatGPT,3 – 6,4,NaN,2,2,False,,Slightly worse,YouTube,2026-01-31 18:43:28,Tamil Nadu,IIT / NIT,B.Tech,3rd Year,7.0 – 8.0,2 – 4 hours,"YouTube, NPTEL / SWAYAM, Coursera / Udemy / edX, ChatGPT / AI tools, Notion / Anki / Obsidian, College LMS, WhatsApp / Telegram, Physical notes",8,,,,,,,,
1801,1dd2975d45d1e27948cae456e3827e3b50778c013fecee985fb0422f4a492ba2,2026-02-26 00:18:16,Week 4,2,0 – 2 hours,2,2,Rarely,NaN,0,1,NaN,1,1,False,,Much worse,NaN,2026-02-19 13:17:59,Andhra Pradesh,State University,B.Tech,2nd Year,7.0 – 8.0,6+ hours,"YouTube, NPTEL / SWAYAM, Coursera / Udemy / edX, ChatGPT / AI tools, Notion / Anki / Obsidian, College LMS, WhatsApp / Telegram, Physical notes",8,,,,,,,,
1802,522e39ae01bce33e97b085b9517a3680984adf0d38e718487e3314eb74127ab2,2026-02-26 00:18:30,Week 4,40,2 – 4 hours,3,3,Never,ChatGPT,1 – 3,3,NaN,3,1,False,,Much worse,YouTube,2026-01-31 18:48:52,Tamil Nadu,State University,B.Tech,2nd Year,Below 6.0,0 – 2 hours,"YouTube, ChatGPT / AI tools, WhatsApp / Telegram",3,,,,,,,,
1803,219d4ac6903fffab5ab1d64d6ed0b331adcc691f0e116fb7f62cefba91f7b0ec,2026-02-26 09:56:15,Week 1,67,6+ hours,4,4,Often,"ChatGPT, Google Gemini, Microsoft Copilot, Claude, Perplexity AI",6 – 10,4,NaN,4,4,False,,Slightly better,"YouTube, College LMS, WhatsApp / Telegram (for study purposes), Physical Notes",2025-12-26 18:34:24,Andhra Pradesh,Private University,B.Tech,3rd Year,9.0+,0 – 2 hours,ChatGPT / AI tools,1,,,,,,,,
1804,384ceb85e96e6aa2ecda396e81a782b00f64a547b8639cec5570f556cec3c71d,2026-02-26 09:57:57,Week 2,69,6+ hours,5,5,Always,"ChatGPT, Google Gemini, Microsoft Copilot, Claude, Perplexity AI, Canva AI",10+,5,NaN,5,5,False,80.0,Much better,"YouTube, College LMS, WhatsApp / Telegram (for study purposes), Physical Notes",2026-02-23 10:05:39,Kerala,Private University,B.Com,2nd Year,8.0 – 9.0,4 – 6 hours,"NPTEL / SWAYAM, Coursera / Udemy / edX, College LMS, Physical notes",4,,,,,,,,
1805,f90ab6deefe14d178606a393182b36cdc645169d692772666b9c29214c2a4e40,2026-02-26 10:04:30,Week 3,46,4 – 6 hours,3,3,Sometimes,"ChatGPT, Microsoft Copilot",3 – 6,2,NaN,3,2,False,,Slightly worse,"YouTube, College LMS, WhatsApp / Telegram (for study purposes), Physical Notes",2026-02-05 21:56:57,Telangana,Private University,B.Tech,3rd Year,7.0 – 8.0,0 – 2 hours,"ChatGPT / AI tools, WhatsApp / Telegram",2,,,,,,,,
1806,16a56bf3b362259b32e3bc7d18a95d94213241560809ad3c4d5ddba644365acb,2026-02-26 10:05:56,Week 3,20,2 – 4 hours,2,2,Never,"ChatGPT, Google Gemini",1 – 3,2,NaN,2,1,False,,Slightly better,YouTube,2026-02-19 13:19:58,Tamil Nadu,State University,B.Sc,2nd Year,8.0 – 9.0,2 – 4 hours,"YouTube, NPTEL / SWAYAM, Coursera / Udemy / edX, ChatGPT / AI tools, Notion / Anki / Obsidian",5,,,,,,,,
1807,f8ecea41f5799921e46e5d82b8d41d92dba1fca7a66ca63506cc3c0aab382672,2026-02-26 10:07:56,Week 3,10,0 – 2 hours,1,1,Never,"ChatGPT, Google Gemini",1 – 3,2,NaN,1,1,False,,Much worse,"YouTube, College LMS",2026-01-27 17:56:30,Uttar Pradesh,Central University,B.Tech,4th Year,7.0 – 8.0,4 – 6 hours,"YouTube, NPTEL / SWAYAM, Coursera / Udemy / edX, ChatGPT / AI tools, Notion / Anki / Obsidian",5,,,,,,,,
1808,1ad669ada84e5263e09135c0723aae8e30fcb58819e440892efde165dd587a5e,2026-02-26 10:07:59,Week 3,17,6+ hours,3,3,Sometimes,"ChatGPT, Perplexity AI",6 – 10,4,NaN,4,3,False,,About the same,"YouTube, WhatsApp / Telegram (for study purposes), Physical Notes",2026-02-03 11:18:21,Karnataka,State University,BBA,3rd Year,7.0 – 8.0,2 – 4 hours,"YouTube, Coursera / Udemy / edX",2,,,,,,,,
1809,8bfc27000534160835a23ec100f95667b3894c6b3e90a6027721d3322ad782dc,2026-02-26 10:09:09,Week 3,15,0 – 2 hours,1,1,Never,"ChatGPT, Google Gemini",1 – 3,2,NaN,1,1,False,,Slightly worse,"YouTube, College LMS, Physical Notes",2026-02-05 21:46:59,Telangana,Private University,B.Tech,3rd Year,9.0+,0 – 2 hours,"YouTube, ChatGPT / AI tools, Physical notes",3,,,,,,,,
1810,8773494ab4b07b7f7350b8d37e960ba5d05e7caf5ffbb75a943c63465a604b7f,2026-02-26 10:10:18,Week 3,10,0 – 2 hours,1,1,Never,ChatGPT,1 – 3,2,NaN,1,1,False,,Much worse,YouTube,2026-01-31 18:47:34,Tamil Nadu,IIT / NIT,B.Tech,2nd Year,9.0+,4 – 6 hours,"YouTube, NPTEL / SWAYAM, Coursera / Udemy / edX, ChatGPT / AI tools, College LMS, WhatsApp / Telegram, Physical notes",7,,,,,,,,
1811,ace8e293cc91c35e822f9101bc4e97d2ad904d1e130b4402fd6a6642f245665e,2026-02-26 10:11:24,Week 3,10,0 – 2 hours,2,2,Never,"ChatGPT, Google Gemini",1 – 3,1,NaN,2,1,False,,Much worse,YouTube,2026-02-23 10:12:43,Kerala,State University,B.Tech,2nd Year,6.0 – 7.0,0 – 2 hours,"NPTEL / SWAYAM, Notion / Anki / Obsidian",2,,,,,,,,
1812,49c29b44c0f2dba949371e3de5aaea4ace47ef333c771bda5ab86551a01e7a7d,2026-02-26 10:12:20,Week 3,10,2 – 4 hours,1,1,Never,ChatGPT,1 – 3,1,NaN,1,2,False,,Slightly worse,YouTube,2026-02-02 12:49:39,Uttar Pradesh,Central University,B.Tech,Others,8.0 – 9.0,2 – 4 hours,"YouTube, ChatGPT / AI tools",2,,,,,,,,
1813,6cdee50dedfbbd1a46317cf81321165ab42071b577d2f1514daac32cb4160095,2026-02-26 10:13:20,Week 3,10,2 – 4 hours,1,1,Never,"ChatGPT, Google Gemini",1 – 3,2,NaN,2,1,False,,Slightly worse,YouTube,2026-02-02 12:39:28,Gujarat,Private University,B.Tech,3rd Year,8.0 – 9.0,6+ hours,NaN,1,,,,,,,,
1815,f5df30de694992a770d857d674587e781574c81ffc40be127f93b6a3d3a95f48,2026-02-26 10:14:42,Week 4,10,6+ hours,2,2,Sometimes,"ChatGPT, Google Gemini",3 – 6,4,No quiet study space,3,3,False,,About the same,"YouTube, Coursera / Udemy / edX",2026-02-23 10:05:11,Andhra Pradesh,State University,B.Sc,3rd Year,Prefer not to say,2 – 4 hours,"YouTube, Coursera / Udemy / edX, Notion / Anki / Obsidian, WhatsApp / Telegram, Physical notes",5,,,,,,,,
1816,49c29b44c0f2dba949371e3de5aaea4ace47ef333c771bda5ab86551a01e7a7d,2026-02-26 10:15:38,Week 3,8,2 – 4 hours,1,1,Never,Google Gemini,1 – 3,1,NaN,1,1,False,,Slightly worse,YouTube,2026-02-02 12:49:39,Uttar Pradesh,Central University,B.Tech,Others,8.0 – 9.0,2 – 4 hours,"YouTube, ChatGPT / AI tools",2,,,,,,,,
1817,3d83828233d057f5e1e37a4c9e784850077d6638768e69b0f6b5d4e5e2dfc994,2026-02-26 10:17:37,Week 3,9,0 – 2 hours,1,2,Never,ChatGPT,1 – 3,1,NaN,1,1,False,,Slightly worse,YouTube,2026-01-12 21:41:37,Tamil Nadu,Private University,B.Tech,3rd Year,8.0 – 9.0,0 – 2 hours,"YouTube, ChatGPT / AI tools",2,,,,,,,,
1818,8bfc27000534160835a23ec100f95667b3894c6b3e90a6027721d3322ad782dc,2026-02-26 10:18:30,Week 3,6,0 – 2 hours,1,1,Never,ChatGPT,1 – 3,1,NaN,1,1,False,,Much worse,YouTube,2026-02-05 21:46:59,Telangana,Private University,B.Tech,3rd Year,9.0+,0 – 2 hours,"YouTube, ChatGPT / AI tools, Physical notes",3,,,,,,,,
1819,e9f047d3c2da21e5de56f3abab5c156cedf45843e25e1cc9c00e542a0848fb89,2026-02-26 10:19:45,Week 3,8,0 – 2 hours,1,1,Never,ChatGPT,0,1,NaN,1,1,False,,Much worse,YouTube,2026-02-23 10:04:41,Andhra Pradesh,Central University,B.Tech,2nd Year,7.0 – 8.0,0 – 2 hours,"YouTube, NPTEL / SWAYAM, Coursera / Udemy / edX, Notion / Anki / Obsidian, WhatsApp / Telegram",5,,,,,,,,
1820,2b17d11e7d9c1af7a7fed72e60e90a5ee797f0b6e0cc8645592f6fdc2ad13cd2,2026-02-26 10:21:01,Week 3,35,2 – 4 hours,2,2,Rarely,Google Gemini,1 – 3,1,NaN,1,2,False,,Slightly worse,YouTube,2026-01-31 18:51:00,Tamil Nadu,State University,B.Tech,1st Year,6.0 – 7.0,2 – 4 hours,"YouTube, Coursera / Udemy / edX, ChatGPT / AI tools, Notion / Anki / Obsidian, WhatsApp / Telegram",5,,,,,,,,
1821,522e39ae01bce33e97b085b9517a3680984adf0d38e718487e3314eb74127ab2,2026-02-26 10:21:57,Week 3,5,0 – 2 hours,1,1,Never,ChatGPT,0,1,NaN,1,1,False,,Much worse,YouTube,2026-01-31 18:48:52,Tamil Nadu,State University,B.Tech,2nd Year,Below 6.0,0 – 2 hours,"YouTube, ChatGPT / AI tools, WhatsApp / Telegram",3,,,,,,,,
1822,219d4ac6903fffab5ab1d64d6ed0b331adcc691f0e116fb7f62cefba91f7b0ec,2026-02-26 10:22:53,Week 3,5,0 – 2 hours,1,1,Never,ChatGPT,1 – 3,2,NaN,1,1,False,,Much worse,YouTube,2025-12-26 18:34:24,Andhra Pradesh,Private University,B.Tech,3rd Year,9.0+,0 – 2 hours,ChatGPT / AI tools,1,,,,,,,,
1823,2b17d11e7d9c1af7a7fed72e60e90a5ee797f0b6e0cc8645592f6fdc2ad13cd2,2026-02-26 10:23:52,Week 3,6,0 – 2 hours,1,1,Never,Google Gemini,0,1,NaN,1,1,False,,Much worse,YouTube,2026-01-31 18:51:00,Tamil Nadu,State University,B.Tech,1st Year,6.0 – 7.0,2 – 4 hours,"YouTube, Coursera / Udemy / edX, ChatGPT / AI tools, Notion / Anki / Obsidian, WhatsApp / Telegram",5,,,,,,,,
1824,132137538b93be89ed6c9815b322a7a0f58530b8c229d1809265140f5cb8c398,2026-02-26 10:25:56,Week 3,2,0 – 2 hours,1,1,Never,ChatGPT,1 – 3,1,NaN,1,1,False,,Slightly worse,YouTube,2026-01-13 19:44:22,Tamil Nadu,Deemed University,B.Tech,3rd Year,7.0 – 8.0,2 – 4 hours,"YouTube, ChatGPT / AI tools",2,,,,,,,,
1825,8bfc27000534160835a23ec100f95667b3894c6b3e90a6027721d3322ad782dc,2026-02-26 10:27:04,Week 3,4,0 – 2 hours,1,1,Never,"Claude, GitHub Copilot",1 – 3,1,NaN,1,1,False,,Much worse,YouTube,2026-02-05 21:46:59,Telangana,Private University,B.Tech,3rd Year,9.0+,0 – 2 hours,"YouTube, ChatGPT / AI tools, Physical notes",3,,,,,,,,
1826,8773494ab4b07b7f7350b8d37e960ba5d05e7caf5ffbb75a943c63465a604b7f,2026-02-26 10:28:22,Week 3,4,0 – 2 hours,1,1,Never,ChatGPT,0,1,NaN,1,1,False,,Much worse,YouTube,2026-01-31 18:47:34,Tamil Nadu,IIT / NIT,B.Tech,2nd Year,9.0+,4 – 6 hours,"YouTube, NPTEL / SWAYAM, Coursera / Udemy / edX, ChatGPT / AI tools, College LMS, WhatsApp / Telegram, Physical notes",7,,,,,,,,
1827,0e155a1241bd00b2d588262223a52e0f8a911a4000092f096e6968dccae9e61b,2026-02-26 10:29:45,Week 3,6,0 – 2 hours,1,1,Never,Claude,1 – 3,1,NaN,2,1,False,,Much worse,YouTube,2026-02-03 11:16:29,Tamil Nadu,IIT / NIT,B.Tech,4th Year,8.0 – 9.0,2 – 4 hours,"ChatGPT / AI tools, College LMS",2,,,,,,,,
1828,e14fc3506630213cf4dbb3dddf035e19aad46cfaf81f1761b7791f1f48a64d67,2026-02-26 10:30:56,Week 3,10,0 – 2 hours,1,1,Never,NaN,0,1,NaN,1,1,False,,Much worse,NaN,2026-02-02 12:45:31,Madhya Pradesh,Central University,B.Tech,3rd Year,8.0 – 9.0,2 – 4 hours,"ChatGPT / AI tools, WhatsApp / Telegram",2,,,,,,,,
1829,86b1b7c8fd97ac6aa33f3f67e3c3652ee35ae2226cc4798385726481eea05f57,2026-02-26 10:32:20,Week 3,8,0 – 2 hours,1,1,Never,Google Gemini,1 – 3,1,NaN,1,1,False,,Much worse,YouTube,2026-01-31 18:50:27,Tamil Nadu,Central University,B.Tech,1st Year,7.0 – 8.0,0 – 2 hours,"YouTube, ChatGPT / AI tools, College LMS, WhatsApp / Telegram",4,,,,,,,,
1830,6cdee50dedfbbd1a46317cf81321165ab42071b577d2f1514daac32cb4160095,2026-02-26 10:33:22,Week 3,9,0 – 2 hours,1,1,Never,ChatGPT,0,1,NaN,1,1,False,,Much worse,YouTube,2026-02-02 12:39:28,Gujarat,Private University,B.Tech,3rd Year,8.0 – 9.0,6+ hours,NaN,1,,,,,,,,
1831,bed0f2897fdcff9c379616ea83849b1ca59a967db6315c91cd8fcf4fcf4c7216,2026-02-26 10:35:00,Week 3,10,0 – 2 hours,1,1,Never,ChatGPT,0,1,NaN,1,1,False,,Much worse,YouTube,2026-01-31 18:46:23,Andhra Pradesh,State University,B.Sc,2nd Year,7.0 – 8.0,2 – 4 hours,"YouTube, NPTEL / SWAYAM, WhatsApp / Telegram",3,,,,,,,,
1832,bed0f2897fdcff9c379616ea83849b1ca59a967db6315c91cd8fcf4fcf4c7216,2026-02-26 10:36:24,Week 3,3,0 – 2 hours,1,1,Never,Google Gemini,1 – 3,1,NaN,1,1,False,,Much worse,YouTube,2026-01-31 18:46:23,Andhra Pradesh,State University,B.Sc,2nd Year,7.0 – 8.0,2 – 4 hours,"YouTube, NPTEL / SWAYAM, WhatsApp / Telegram",3,,,,,,,,
1833,f5df30de694992a770d857d674587e781574c81ffc40be127f93b6a3d3a95f48,2026-02-26 10:37:39,Week 3,20,2 – 4 hours,2,2,Rarely,Google Gemini,1 – 3,2,NaN,2,2,False,,Much worse,NaN,2026-02-23 10:05:11,Andhra Pradesh,State University,B.Sc,3rd Year,Prefer not to say,2 – 4 hours,"YouTube, Coursera / Udemy / edX, Notion / Anki / Obsidian, WhatsApp / Telegram, Physical notes",5,,,,,,,,
1834,63c23cf4b390284f3ce1175699f5efa501022ba212fe21be99dc9e2d21deebbf,2026-02-26 10:39:41,Week 3,22,4 – 6 hours,1,2,Rarely,ChatGPT,1 – 3,2,NaN,2,1,False,,Much worse,YouTube,2026-02-02 12:38:59,Rajasthan,State University,B.Sc,2nd Year,7.0 – 8.0,4 – 6 hours,"Coursera / Udemy / edX, ChatGPT / AI tools, Notion / Anki / Obsidian, College LMS, Physical notes",5,,,,,,,,
1835,86b1b7c8fd97ac6aa33f3f67e3c3652ee35ae2226cc4798385726481eea05f57,2026-02-26 10:41:38,Week 3,15,2 – 4 hours,2,3,Rarely,ChatGPT,3 – 6,3,NaN,2,3,False,80.0,Slightly worse,"College LMS, WhatsApp / Telegram (for study purposes)",2026-01-31 18:50:27,Tamil Nadu,Central University,B.Tech,1st Year,7.0 – 8.0,0 – 2 hours,"YouTube, ChatGPT / AI tools, College LMS, WhatsApp / Telegram",4,,,,,,,,
1836,3d83828233d057f5e1e37a4c9e784850077d6638768e69b0f6b5d4e5e2dfc994,2026-02-26 10:43:58,Week 3,30,4 – 6 hours,1,2,Rarely,Microsoft Copilot,0,1,NaN,2,1,False,,Slightly worse,YouTube,2026-01-12 21:41:37,Tamil Nadu,Private University,B.Tech,3rd Year,8.0 – 9.0,0 – 2 hours,"YouTube, ChatGPT / AI tools",2,,,,,,,,
1837,b9c03c59028b4485073ac377b7c14dfe728898b0dccd931ebc2eea5d5b1d746a,2026-02-26 10:45:14,Week 3,10,2 – 4 hours,2,2,Never,Google Gemini,1 – 3,2,Poor internet,2,2,False,,Slightly worse,YouTube,2025-12-27 14:52:29,Tamil Nadu,Central University,B.Tech,3rd Year,8.0 – 9.0,2 – 4 hours,"ChatGPT / AI tools, College LMS, WhatsApp / Telegram",3,,,,,,,,
1838,b7c45e43b3e4defcfa15c66053995acfb95306f516892ea504b4a561e64a85b9,2026-02-26 10:47:11,Week 3,10,2 – 4 hours,1,2,Never,ChatGPT,1 – 3,2,Poor internet,1,1,False,,Slightly worse,YouTube,2026-01-31 18:40:13,Tamil Nadu,IIT / NIT,B.Sc,2nd Year,6.0 – 7.0,0 – 2 hours,"YouTube, NPTEL / SWAYAM, ChatGPT / AI tools",3,,,,,,,,
1839,9c37b8db9c39e670e8422cf5afe252221762450c6f3d1f72c8ef3cdfe0a584e6,2026-02-26 10:47:57,Week 3,10,2 – 4 hours,2,1,Never,Google Gemini,0,1,Mobile-only access,2,1,False,,Slightly worse,YouTube,2026-02-23 10:10:44,Tamil Nadu,State University,B.Sc,2nd Year,7.0 – 8.0,2 – 4 hours,"YouTube, NPTEL / SWAYAM, Coursera / Udemy / edX, ChatGPT / AI tools, College LMS",5,,,,,,,,
1840,49c29b44c0f2dba949371e3de5aaea4ace47ef333c771bda5ab86551a01e7a7d,2026-02-26 10:48:51,Week 3,39,4 – 6 hours,2,2,Sometimes,Google Gemini,6 – 10,3,Health / stress issues,2,2,False,,Slightly worse,YouTube,2026-02-02 12:49:39,Uttar Pradesh,Central University,B.Tech,Others,8.0 – 9.0,2 – 4 hours,"YouTube, ChatGPT / AI tools",2,,,,,,,,
1841,97b26b3698560201c1218be1d50871d93f4ae1f4a79deeb268b0ba686e43fdeb,2026-02-26 10:50:06,Week 3,10,0 – 2 hours,2,1,Rarely,ChatGPT,1 – 3,1,No quiet study space,2,2,False,,Much worse,YouTube,2025-12-26 07:18:01,Tamil Nadu,Deemed University,B.Tech,3rd Year,8.0 – 9.0,0 – 2 hours,"ChatGPT / AI tools, College LMS, WhatsApp / Telegram",3,,,,,,,,
1842,27d91473394ea1f8f97a8f1740492902f4ab1abbfe0b003e4536904eaba6dca0,2026-02-26 10:51:30,Week 3,20,4 – 6 hours,2,2,Rarely,Google Gemini,1 – 3,2,Mobile-only access,2,2,False,,Slightly worse,YouTube,2026-01-31 18:43:28,Tamil Nadu,IIT / NIT,B.Tech,3rd Year,7.0 – 8.0,2 – 4 hours,"YouTube, NPTEL / SWAYAM, Coursera / Udemy / edX, ChatGPT / AI tools, Notion / Anki / Obsidian, College LMS, WhatsApp / Telegram, Physical notes",8,,,,,,,,
1843,8ded4921661c4a18e633a572258dbd0f9a2c004f4aa3e9e2057a670d47566de6,2026-02-26 10:52:28,Week 3,30,4 – 6 hours,1,2,Rarely,"ChatGPT, Google Gemini, Microsoft Copilot, Claude",6 – 10,2,NaN,3,3,False,,Slightly worse,"YouTube, College LMS",2026-02-03 11:19:03,Kerala,Private University,B.Sc,3rd Year,Prefer not to say,2 – 4 hours,"NPTEL / SWAYAM, WhatsApp / Telegram, Physical notes",3,,,,,,,,
1844,ef4aca4b5a9ddc8cfe1cda04eef5cb540a47e603dac29e3f59b7bdd1a387191d,2026-02-26 10:53:22,Week 3,20,2 – 4 hours,2,3,Rarely,"ChatGPT, Google Gemini",1 – 3,3,NaN,2,2,False,,Slightly worse,YouTube,2026-02-02 12:52:17,Maharashtra,Private University,B.Tech,Others,6.0 – 7.0,2 – 4 hours,"YouTube, ChatGPT / AI tools",2,,,,,,,,
1845,6cdee50dedfbbd1a46317cf81321165ab42071b577d2f1514daac32cb4160095,2026-02-26 10:54:35,Week 3,20,2 – 4 hours,1,1,Never,ChatGPT,1 – 3,2,NaN,2,2,False,,Much worse,YouTube,2026-02-02 12:39:28,Gujarat,Private University,B.Tech,3rd Year,8.0 – 9.0,6+ hours,NaN,1,,,,,,,,
1846,e14fc3506630213cf4dbb3dddf035e19aad46cfaf81f1761b7791f1f48a64d67,2026-02-26 10:56:13,Week 3,10,0 – 2 hours,1,1,Never,NaN,0,1,NaN,1,1,False,,Much worse,NaN,2026-02-02 12:45:31,Madhya Pradesh,Central University,B.Tech,3rd Year,8.0 – 9.0,2 – 4 hours,"ChatGPT / AI tools, WhatsApp / Telegram",2,,,,,,,,
1847,1dd2975d45d1e27948cae456e3827e3b50778c013fecee985fb0422f4a492ba2,2026-02-26 10:56:57,Week 3,8,2 – 4 hours,1,1,Never,ChatGPT,1 – 3,2,Poor internet,2,2,False,,Much worse,NPTEL / SWAYAM,2026-02-19 13:17:59,Andhra Pradesh,State University,B.Tech,2nd Year,7.0 – 8.0,6+ hours,"YouTube, NPTEL / SWAYAM, Coursera / Udemy / edX, ChatGPT / AI tools, Notion / Anki / Obsidian, College LMS, WhatsApp / Telegram, Physical notes",8,,,,,,,,
1848,ad04e596e1af01ab238040c91de85cefe7f49fb2aabec57135e928a5ee02305e,2026-02-26 10:57:55,Week 3,19,2 – 4 hours,2,2,Rarely,Google Gemini,0,1,Mobile-only access,2,1,False,,Slightly worse,YouTube,2026-02-02 13:10:08,Karnataka,IIT / NIT,BBA,Others,7.0 – 8.0,2 – 4 hours,"YouTube, NPTEL / SWAYAM",2,,,,,,,,
1849,7b5c4bd7d59556f437489bc9729a8c19655b90085e45e8dff621cf66913fc521,2026-02-26 10:58:59,Week 3,10,2 – 4 hours,1,2,Rarely,Google Gemini,3 – 6,1,Poor internet,1,2,False,,Much worse,YouTube,2026-02-23 10:13:22,Kerala,State University,B.Tech,3rd Year,Prefer not to say,2 – 4 hours,"YouTube, NPTEL / SWAYAM, Coursera / Udemy / edX, ChatGPT / AI tools, Notion / Anki / Obsidian, College LMS, WhatsApp / Telegram, Physical notes",8,,,,,,,,
1850,b9c03c59028b4485073ac377b7c14dfe728898b0dccd931ebc2eea5d5b1d746a,2026-02-26 10:59:46,Week 3,20,2 – 4 hours,3,2,Rarely,Google Gemini,0,2,Poor internet,1,2,False,,Much worse,YouTube,2025-12-27 14:52:29,Tamil Nadu,Central University,B.Tech,3rd Year,8.0 – 9.0,2 – 4 hours,"ChatGPT / AI tools, College LMS, WhatsApp / Telegram",3,,,,,,,,
1851,132137538b93be89ed6c9815b322a7a0f58530b8c229d1809265140f5cb8c398,2026-02-26 11:01:22,Week 3,10,0 – 2 hours,2,1,Rarely,ChatGPT,1 – 3,3,NaN,2,2,False,,Slightly worse,YouTube,2026-01-13 19:44:22,Tamil Nadu,Deemed University,B.Tech,3rd Year,7.0 – 8.0,2 – 4 hours,"YouTube, ChatGPT / AI tools",2,,,,,,,,
1852,f90ab6deefe14d178606a393182b36cdc645169d692772666b9c29214c2a4e40,2026-02-26 11:02:50,Week 3,6,0 – 2 hours,1,1,Never,ChatGPT,1 – 3,1,Poor internet,2,1,False,,Much worse,YouTube,2026-02-05 21:56:57,Telangana,Private University,B.Tech,3rd Year,7.0 – 8.0,0 – 2 hours,"ChatGPT / AI tools, WhatsApp / Telegram",2,,,,,,,,
1853,8773494ab4b07b7f7350b8d37e960ba5d05e7caf5ffbb75a943c63465a604b7f,2026-02-26 11:03:53,Week 3,10,2 – 4 hours,1,1,Never,ChatGPT,1 – 3,2,NaN,1,2,False,,Much worse,YouTube,2026-01-31 18:47:34,Tamil Nadu,IIT / NIT,B.Tech,2nd Year,9.0+,4 – 6 hours,"YouTube, NPTEL / SWAYAM, Coursera / Udemy / edX, ChatGPT / AI tools, College LMS, WhatsApp / Telegram, Physical notes",7,,,,,,,,
1854,e8386eec4c2f671d625ec0a877e0c9af57a196443df6751cfd908bc4bb188c51,2026-02-26 11:05:33,Week 3,10,0 – 2 hours,1,1,Rarely,ChatGPT,1 – 3,1,NaN,2,1,False,,Much worse,YouTube,2026-01-31 18:42:45,Kerala,State University,B.Com,2nd Year,Prefer not to say,2 – 4 hours,"YouTube, NPTEL / SWAYAM, Coursera / Udemy / edX, Notion / Anki / Obsidian, Physical notes",5,,,,,,,,
1855,e9f047d3c2da21e5de56f3abab5c156cedf45843e25e1cc9c00e542a0848fb89,2026-02-26 11:06:33,Week 3,10,2 – 4 hours,2,1,Rarely,Microsoft Copilot,1 – 3,2,Poor internet,2,2,False,,Much worse,YouTube,2026-02-23 10:04:41,Andhra Pradesh,Central University,B.Tech,2nd Year,7.0 – 8.0,0 – 2 hours,"YouTube, NPTEL / SWAYAM, Coursera / Udemy / edX, Notion / Anki / Obsidian, WhatsApp / Telegram",5,,,,,,,,
1856,cf47f395a464caa7ab1da1745c2d650002296d75e8eac41561b430a83f4382f8,2026-02-26 11:07:47,Week 4,30,2 – 4 hours,2,3,Sometimes,"ChatGPT, Google Gemini, Microsoft Copilot",3 – 6,3,No quiet study space,3,2,False,,Slightly worse,"YouTube, College LMS",2026-01-31 18:49:58,Tamil Nadu,Central University,B.Sc,3rd Year,7.0 – 8.0,2 – 4 hours,"YouTube, NPTEL / SWAYAM, Coursera / Udemy / edX, ChatGPT / AI tools, Notion / Anki / Obsidian",5,,,,,,,,
1857,1ad669ada84e5263e09135c0723aae8e30fcb58819e440892efde165dd587a5e,2026-02-26 11:08:33,Week 4,35,2 – 4 hours,3,3,Sometimes,"ChatGPT, Google Gemini, Microsoft Copilot, Claude",3 – 6,3,NaN,3,2,False,,Slightly better,"YouTube, Physical Notes",2026-02-03 11:18:21,Karnataka,State University,BBA,3rd Year,7.0 – 8.0,2 – 4 hours,"YouTube, Coursera / Udemy / edX",2,,,,,,,,
1858,b9c03c59028b4485073ac377b7c14dfe728898b0dccd931ebc2eea5d5b1d746a,2026-02-26 11:09:51,Week 4,43,4 – 6 hours,3,3,Sometimes,"ChatGPT, Google Gemini, Microsoft Copilot",3 – 6,2,NaN,3,2,False,,Slightly better,"YouTube, WhatsApp / Telegram (for study purposes)",2025-12-27 14:52:29,Tamil Nadu,Central University,B.Tech,3rd Year,8.0 – 9.0,2 – 4 hours,"ChatGPT / AI tools, College LMS, WhatsApp / Telegram",3,,,,,,,,
1859,ad04e596e1af01ab238040c91de85cefe7f49fb2aabec57135e928a5ee02305e,2026-02-26 11:10:57,Week 4,40,4 – 6 hours,3,3,Sometimes,"ChatGPT, Google Gemini, Microsoft Copilot, Claude",6 – 10,3,NaN,2,3,False,,Slightly better,"YouTube, WhatsApp / Telegram (for study purposes), Physical Notes",2026-02-02 13:10:08,Karnataka,IIT / NIT,BBA,Others,7.0 – 8.0,2 – 4 hours,"YouTube, NPTEL / SWAYAM",2,,,,,,,,
1860,ea6dc2fae8a61411b9d6de51699ca6787330c0036ffedddf4a649648fefe8732,2026-02-26 11:12:09,Week 4,30,4 – 6 hours,3,2,Often,"ChatGPT, Google Gemini, Microsoft Copilot, Claude, Perplexity AI",3 – 6,3,NaN,3,2,False,,Slightly better,"YouTube, College LMS",2026-01-31 18:48:18,Andhra Pradesh,Private University,B.Tech,4th Year,7.0 – 8.0,2 – 4 hours,"YouTube, ChatGPT / AI tools, College LMS, WhatsApp / Telegram",4,,,,,,,,
1861,27d91473394ea1f8f97a8f1740492902f4ab1abbfe0b003e4536904eaba6dca0,2026-02-26 11:13:04,Week 4,45,4 – 6 hours,3,3,Sometimes,"ChatGPT, Google Gemini, Microsoft Copilot",3 – 6,3,NaN,2,3,False,,Slightly better,"YouTube, WhatsApp / Telegram (for study purposes)",2026-01-31 18:43:28,Tamil Nadu,IIT / NIT,B.Tech,3rd Year,7.0 – 8.0,2 – 4 hours,"YouTube, NPTEL / SWAYAM, Coursera / Udemy / edX, ChatGPT / AI tools, Notion / Anki / Obsidian, College LMS, WhatsApp / Telegram, Physical notes",8,,,,,,,,
1862,c4fc9686cc1b927682fbf989fe97901e479c7d5a214ce073d7cc6062f4682ed6,2026-02-26 11:13:57,Week 4,40,4 – 6 hours,4,3,Sometimes,"ChatGPT, Google Gemini, Microsoft Copilot",3 – 6,2,NaN,4,3,False,,Slightly better,YouTube,2026-02-23 10:06:40,Andhra Pradesh,Private University,B.Com,3rd Year,6.0 – 7.0,0 – 2 hours,"Coursera / Udemy / edX, ChatGPT / AI tools, Notion / Anki / Obsidian, WhatsApp / Telegram",4,,,,,,,,
1863,f72f420debc36def28125c58c71822ce49043914a9406e73923965f87c8cb669,2026-02-26 11:14:45,Week 4,30,4 – 6 hours,2,4,Sometimes,"ChatGPT, Google Gemini, Microsoft Copilot",3 – 6,3,NaN,3,2,False,,Slightly better,"YouTube, Physical Notes",2026-01-12 23:37:58,Karnataka,Private University,BA,3rd Year,8.0 – 9.0,0 – 2 hours,"YouTube, ChatGPT / AI tools, WhatsApp / Telegram, Physical notes only",4,,,,,,,,
1864,a0844c331d7454600df29956fea1f640e9035aa0e376172eded377ff472dedbe,2026-02-26 11:16:21,Week 4,20,2 – 4 hours,3,4,Sometimes,"ChatGPT, Google Gemini, Microsoft Copilot",3 – 6,3,NaN,2,3,False,,Slightly better,"YouTube, WhatsApp / Telegram (for study purposes)",2026-01-31 18:46:52,Karnataka,Central University,B.Sc,1st Year,7.0 – 8.0,2 – 4 hours,"NPTEL / SWAYAM, Coursera / Udemy / edX, ChatGPT / AI tools, College LMS, WhatsApp / Telegram, Physical notes",6,,,,,,,,
1865,6cdee50dedfbbd1a46317cf81321165ab42071b577d2f1514daac32cb4160095,2026-02-26 11:17:11,Week 4,43,4 – 6 hours,3,3,Rarely,"ChatGPT, Google Gemini, Microsoft Copilot, Claude",3 – 6,2,NaN,3,3,False,,Slightly better,"NPTEL / SWAYAM, Physical Notes",2026-02-02 12:39:28,Gujarat,Private University,B.Tech,3rd Year,8.0 – 9.0,6+ hours,NaN,1,,,,,,,,
1866,97b26b3698560201c1218be1d50871d93f4ae1f4a79deeb268b0ba686e43fdeb,2026-02-26 11:18:19,Week 4,45,4 – 6 hours,4,3,Rarely,"ChatGPT, Google Gemini, Microsoft Copilot",3 – 6,3,NaN,2,3,False,,Slightly better,YouTube,2025-12-26 07:18:01,Tamil Nadu,Deemed University,B.Tech,3rd Year,8.0 – 9.0,0 – 2 hours,"ChatGPT / AI tools, College LMS, WhatsApp / Telegram",3,,,,,,,,
1867,27d91473394ea1f8f97a8f1740492902f4ab1abbfe0b003e4536904eaba6dca0,2026-02-26 11:19:46,Week 4,42,4 – 6 hours,3,3,Sometimes,"ChatGPT, Google Gemini, Microsoft Copilot",6 – 10,2,NaN,3,3,False,,Slightly better,"YouTube, Physical Notes",2026-01-31 18:43:28,Tamil Nadu,IIT / NIT,B.Tech,3rd Year,7.0 – 8.0,2 – 4 hours,"YouTube, NPTEL / SWAYAM, Coursera / Udemy / edX, ChatGPT / AI tools, Notion / Anki / Obsidian, College LMS, WhatsApp / Telegram, Physical notes",8,,,,,,,,
1868,a091d9857e1b26dac9ad43d43de3cfab7f19df9cadb73e095b0b4a74a5e9bc3d,2026-02-26 11:20:45,Week 4,41,4 – 6 hours,3,2,Sometimes,"ChatGPT, Google Gemini, Microsoft Copilot, Claude",3 – 6,3,NaN,4,3,False,,Slightly better,"YouTube, Physical Notes",2026-01-27 19:47:23,Tamil Nadu,Deemed University,B.Tech,4th Year,9.0+,0 – 2 hours,"YouTube, ChatGPT / AI tools, WhatsApp / Telegram",3,,,,,,,,
1869,f90ab6deefe14d178606a393182b36cdc645169d692772666b9c29214c2a4e40,2026-02-26 11:21:36,Week 4,46,4 – 6 hours,3,3,Sometimes,"ChatGPT, Google Gemini, Microsoft Copilot",6 – 10,3,NaN,3,3,False,,Slightly better,"YouTube, Physical Notes",2026-02-05 21:56:57,Telangana,Private University,B.Tech,3rd Year,7.0 – 8.0,0 – 2 hours,"ChatGPT / AI tools, WhatsApp / Telegram",2,,,,,,,,
1870,63c23cf4b390284f3ce1175699f5efa501022ba212fe21be99dc9e2d21deebbf,2026-02-26 11:22:26,Week 4,35,4 – 6 hours,3,3,Rarely,"ChatGPT, Google Gemini, Microsoft Copilot, Claude",3 – 6,3,NaN,2,3,False,,Slightly better,College LMS,2026-02-02 12:38:59,Rajasthan,State University,B.Sc,2nd Year,7.0 – 8.0,4 – 6 hours,"Coursera / Udemy / edX, ChatGPT / AI tools, Notion / Anki / Obsidian, College LMS, Physical notes",5,,,,,,,,
1871,f5df30de694992a770d857d674587e781574c81ffc40be127f93b6a3d3a95f48,2026-02-26 11:23:50,Week 4,43,4 – 6 hours,3,2,Sometimes,"ChatGPT, Google Gemini, Microsoft Copilot, Claude",3 – 6,2,NaN,4,4,False,,Slightly better,"YouTube, Physical Notes",2026-02-23 10:05:11,Andhra Pradesh,State University,B.Sc,3rd Year,Prefer not to say,2 – 4 hours,"YouTube, Coursera / Udemy / edX, Notion / Anki / Obsidian, WhatsApp / Telegram, Physical notes",5,,,,,,,,
1872,0e155a1241bd00b2d588262223a52e0f8a911a4000092f096e6968dccae9e61b,2026-02-26 11:24:37,Week 4,35,4 – 6 hours,2,3,Rarely,"ChatGPT, Google Gemini, Microsoft Copilot",1 – 3,2,NaN,3,4,False,,Slightly worse,"YouTube, Physical Notes",2026-02-03 11:16:29,Tamil Nadu,IIT / NIT,B.Tech,4th Year,8.0 – 9.0,2 – 4 hours,"ChatGPT / AI tools, College LMS",2,,,,,,,,
1873,8773494ab4b07b7f7350b8d37e960ba5d05e7caf5ffbb75a943c63465a604b7f,2026-02-26 11:26:41,Week 4,34,2 – 4 hours,2,3,Sometimes,"ChatGPT, Google Gemini, Microsoft Copilot, Claude, Perplexity AI",3 – 6,3,NaN,3,3,False,,Slightly better,"YouTube, Physical Notes",2026-01-31 18:47:34,Tamil Nadu,IIT / NIT,B.Tech,2nd Year,9.0+,4 – 6 hours,"YouTube, NPTEL / SWAYAM, Coursera / Udemy / edX, ChatGPT / AI tools, College LMS, WhatsApp / Telegram, Physical notes",7,,,,,,,,
1874,219d4ac6903fffab5ab1d64d6ed0b331adcc691f0e116fb7f62cefba91f7b0ec,2026-02-26 11:27:38,Week 4,35,4 – 6 hours,3,3,Sometimes,"ChatGPT, Google Gemini, Microsoft Copilot",3 – 6,3,NaN,2,2,False,,Slightly better,"YouTube, Physical Notes",2025-12-26 18:34:24,Andhra Pradesh,Private University,B.Tech,3rd Year,9.0+,0 – 2 hours,ChatGPT / AI tools,1,,,,,,,,
1875,781a9f368166d71405348c3b65fa0645e7cab12d017be1e369eb8d7a5cd5fb1d,2026-02-26 11:28:27,Week 4,34,2 – 4 hours,2,2,Sometimes,"ChatGPT, Google Gemini, Microsoft Copilot",6 – 10,3,NaN,3,3,False,,Slightly worse,"YouTube, WhatsApp / Telegram (for study purposes)",2026-02-02 12:40:04,Maharashtra,IIT / NIT,B.Com,4th Year,7.0 – 8.0,2 – 4 hours,"YouTube, NPTEL / SWAYAM, Coursera / Udemy / edX, ChatGPT / AI tools, Notion / Anki / Obsidian, College LMS, WhatsApp / Telegram, Physical notes",8,,,,,,,,
1876,384ceb85e96e6aa2ecda396e81a782b00f64a547b8639cec5570f556cec3c71d,2026-02-26 11:29:18,Week 4,35,4 – 6 hours,3,3,Rarely,"ChatGPT, Google Gemini, Microsoft Copilot, Claude",3 – 6,2,NaN,2,3,False,,Slightly better,"YouTube, Physical Notes",2026-02-23 10:05:39,Kerala,Private University,B.Com,2nd Year,8.0 – 9.0,4 – 6 hours,"NPTEL / SWAYAM, Coursera / Udemy / edX, College LMS, Physical notes",4,,,,,,,,
1877,b319601b117de5d02e9d335f82997ad5d2c20f041b094bdd7a67411b8ad1543b,2026-02-26 11:30:03,Week 4,45,4 – 6 hours,3,2,Sometimes,"ChatGPT, Google Gemini, Microsoft Copilot",3 – 6,3,NaN,2,3,False,,Slightly worse,"YouTube, WhatsApp / Telegram (for study purposes)",2026-01-31 11:34:19,Tamil Nadu,State University,B.Tech,4th Year,8.0 – 9.0,0 – 2 hours,"YouTube, ChatGPT / AI tools, WhatsApp / Telegram",3,,,,,,,,
1878,3a16c6fa9dbc26f91e12cdd112bec4f2953a34f47097d3424e3f551bb022a684,2026-02-26 11:30:50,Week 4,45,4 – 6 hours,3,2,Sometimes,"ChatGPT, Google Gemini, Microsoft Copilot",6 – 10,2,NaN,2,3,False,,Slightly better,"YouTube, Physical Notes",2026-01-31 18:44:48,Tamil Nadu,Private University,BBA,1st Year,6.0 – 7.0,0 – 2 hours,"YouTube, Coursera / Udemy / edX, ChatGPT / AI tools, College LMS, WhatsApp / Telegram, Physical notes",6,,,,,,,,
1879,219d4ac6903fffab5ab1d64d6ed0b331adcc691f0e116fb7f62cefba91f7b0ec,2026-02-26 11:31:43,Week 4,34,4 – 6 hours,3,3,Sometimes,"ChatGPT, Google Gemini, Microsoft Copilot, Claude, Perplexity AI",3 – 6,4,NaN,3,2,False,,Slightly better,"YouTube, Physical Notes",2025-12-26 18:34:24,Andhra Pradesh,Private University,B.Tech,3rd Year,9.0+,0 – 2 hours,ChatGPT / AI tools,1,,,,,,,,
1880,3d83828233d057f5e1e37a4c9e784850077d6638768e69b0f6b5d4e5e2dfc994,2026-02-26 11:32:30,Week 4,45,4 – 6 hours,4,2,Sometimes,"ChatGPT, Google Gemini, Microsoft Copilot",3 – 6,3,NaN,2,3,False,,Slightly better,"YouTube, Physical Notes",2026-01-12 21:41:37,Tamil Nadu,Private University,B.Tech,3rd Year,8.0 – 9.0,0 – 2 hours,"YouTube, ChatGPT / AI tools",2,,,,,,,,
1881,b7c45e43b3e4defcfa15c66053995acfb95306f516892ea504b4a561e64a85b9,2026-02-26 11:33:22,Week 4,46,4 – 6 hours,3,2,Sometimes,"ChatGPT, Google Gemini, Microsoft Copilot, QuillBot",3 – 6,3,NaN,2,2,False,,Slightly better,"YouTube, College LMS",2026-01-31 18:40:13,Tamil Nadu,IIT / NIT,B.Sc,2nd Year,6.0 – 7.0,0 – 2 hours,"YouTube, NPTEL / SWAYAM, ChatGPT / AI tools",3,,,,,,,,
1882,384ceb85e96e6aa2ecda396e81a782b00f64a547b8639cec5570f556cec3c71d,2026-02-26 11:34:07,Week 4,33,2 – 4 hours,3,2,Sometimes,"ChatGPT, Google Gemini, Microsoft Copilot, Grammarly, QuillBot",3 – 6,3,NaN,3,3,False,,Slightly better,"YouTube, College LMS",2026-02-23 10:05:39,Kerala,Private University,B.Com,2nd Year,8.0 – 9.0,4 – 6 hours,"NPTEL / SWAYAM, Coursera / Udemy / edX, College LMS, Physical notes",4,,,,,,,,
1883,6cdee50dedfbbd1a46317cf81321165ab42071b577d2f1514daac32cb4160095,2026-02-26 11:34:51,Week 4,43,4 – 6 hours,3,2,Sometimes,"ChatGPT, Google Gemini, Grammarly, QuillBot",3 – 6,2,NaN,3,3,False,,Slightly better,"YouTube, WhatsApp / Telegram (for study purposes)",2026-02-02 12:39:28,Gujarat,Private University,B.Tech,3rd Year,8.0 – 9.0,6+ hours,NaN,1,,,,,,,,
1884,3a16c6fa9dbc26f91e12cdd112bec4f2953a34f47097d3424e3f551bb022a684,2026-02-26 11:35:36,Week 4,42,4 – 6 hours,3,3,Often,"ChatGPT, Google Gemini, GitHub Copilot",6 – 10,3,NaN,2,3,False,,Slightly better,"YouTube, WhatsApp / Telegram (for study purposes)",2026-01-31 18:44:48,Tamil Nadu,Private University,BBA,1st Year,6.0 – 7.0,0 – 2 hours,"YouTube, Coursera / Udemy / edX, ChatGPT / AI tools, College LMS, WhatsApp / Telegram, Physical notes",6,,,,,,,,
1885,b319601b117de5d02e9d335f82997ad5d2c20f041b094bdd7a67411b8ad1543b,2026-02-26 11:36:40,Week 4,46,4 – 6 hours,3,3,Rarely,"ChatGPT, Google Gemini, Microsoft Copilot, Claude, Perplexity AI, QuillBot, GitHub Copilot",3 – 6,3,NaN,3,3,False,,Slightly better,"YouTube, College LMS",2026-01-31 11:34:19,Tamil Nadu,State University,B.Tech,4th Year,8.0 – 9.0,0 – 2 hours,"YouTube, ChatGPT / AI tools, WhatsApp / Telegram",3,,,,,,,,
1886,266344e1c50b449d6d5dbec5b4b1af3236f13cc0b97871acccf3da3697283f82,2026-02-26 11:37:27,Week 4,44,4 – 6 hours,3,3,Sometimes,"ChatGPT, Google Gemini, Microsoft Copilot",3 – 6,2,NaN,3,3,False,,Slightly better,"YouTube, WhatsApp / Telegram (for study purposes), Physical Notes",2026-01-16 12:24:26,Tamil Nadu,Private University,B.Tech,3rd Year,9.0+,2 – 4 hours,"YouTube, ChatGPT / AI tools, Notion / Anki / Obsidian, WhatsApp / Telegram",4,,,,,,,,
1887,f8041b50a2c1379ae1a539104ac8cfff2e7475d9225620826e59c80d286afe76,2026-02-26 11:38:16,Week 4,32,4 – 6 hours,2,2,Sometimes,"ChatGPT, Google Gemini, Microsoft Copilot",3 – 6,3,NaN,3,1,False,,Slightly better,"YouTube, Physical Notes",2026-01-31 18:25:54,Andhra Pradesh,Private University,B.Sc,3rd Year,7.0 – 8.0,0 – 2 hours,"YouTube, NPTEL / SWAYAM, Notion / Anki / Obsidian, College LMS, WhatsApp / Telegram",5,,,,,,,,
1888,781a9f368166d71405348c3b65fa0645e7cab12d017be1e369eb8d7a5cd5fb1d,2026-02-26 11:39:09,Week 4,43,4 – 6 hours,3,2,Sometimes,"ChatGPT, Google Gemini, Microsoft Copilot",1 – 3,2,NaN,2,2,False,,Slightly better,"YouTube, WhatsApp / Telegram (for study purposes)",2026-02-02 12:40:04,Maharashtra,IIT / NIT,B.Com,4th Year,7.0 – 8.0,2 – 4 hours,"YouTube, NPTEL / SWAYAM, Coursera / Udemy / edX, ChatGPT / AI tools, Notion / Anki / Obsidian, College LMS, WhatsApp / Telegram, Physical notes",8,,,,,,,,
1889,27d91473394ea1f8f97a8f1740492902f4ab1abbfe0b003e4536904eaba6dca0,2026-02-26 11:39:55,Week 4,44,4 – 6 hours,3,3,Rarely,"ChatGPT, Google Gemini, Microsoft Copilot",3 – 6,4,NaN,3,3,False,,Slightly better,"YouTube, WhatsApp / Telegram (for study purposes)",2026-01-31 18:43:28,Tamil Nadu,IIT / NIT,B.Tech,3rd Year,7.0 – 8.0,2 – 4 hours,"YouTube, NPTEL / SWAYAM, Coursera / Udemy / edX, ChatGPT / AI tools, Notion / Anki / Obsidian, College LMS, WhatsApp / Telegram, Physical notes",8,,,,,,,,
1890,219d4ac6903fffab5ab1d64d6ed0b331adcc691f0e116fb7f62cefba91f7b0ec,2026-02-26 11:40:43,Week 4,44,4 – 6 hours,3,3,Sometimes,"ChatGPT, Google Gemini, Microsoft Copilot",3 – 6,3,NaN,3,2,False,,Slightly better,"YouTube, WhatsApp / Telegram (for study purposes)",2025-12-26 18:34:24,Andhra Pradesh,Private University,B.Tech,3rd Year,9.0+,0 – 2 hours,ChatGPT / AI tools,1,,,,,,,,
1891,cf47f395a464caa7ab1da1745c2d650002296d75e8eac41561b430a83f4382f8,2026-02-26 11:41:27,Week 4,33,2 – 4 hours,3,2,Sometimes,"ChatGPT, Google Gemini, Microsoft Copilot",3 – 6,2,NaN,4,1,False,,Slightly better,"YouTube, WhatsApp / Telegram (for study purposes)",2026-01-31 18:49:58,Tamil Nadu,Central University,B.Sc,3rd Year,7.0 – 8.0,2 – 4 hours,"YouTube, NPTEL / SWAYAM, Coursera / Udemy / edX, ChatGPT / AI tools, Notion / Anki / Obsidian",5,,,,,,,,
1892,48cdb835c278ac6b10eed195f85632896d3be15d20d75197a0b916b2395939a6,2026-02-26 11:42:25,Week 4,47,4 – 6 hours,3,3,Rarely,"ChatGPT, Google Gemini, Microsoft Copilot",3 – 6,2,NaN,3,3,False,,Slightly better,"YouTube, WhatsApp / Telegram (for study purposes)",2026-01-27 00:18:46,Telangana,IIT / NIT,B.Sc,3rd Year,7.0 – 8.0,0 – 2 hours,"YouTube, NPTEL / SWAYAM, ChatGPT / AI tools, WhatsApp / Telegram, Physical notes only",5,,,,,,,,
1893,219d4ac6903fffab5ab1d64d6ed0b331adcc691f0e116fb7f62cefba91f7b0ec,2026-02-26 11:43:07,Week 4,55,4 – 6 hours,3,4,Rarely,"ChatGPT, Google Gemini, Microsoft Copilot, Claude",6 – 10,3,NaN,3,3,False,,Slightly better,"YouTube, WhatsApp / Telegram (for study purposes)",2025-12-26 18:34:24,Andhra Pradesh,Private University,B.Tech,3rd Year,9.0+,0 – 2 hours,ChatGPT / AI tools,1,,,,,,,,
1894,cf47f395a464caa7ab1da1745c2d650002296d75e8eac41561b430a83f4382f8,2026-02-26 11:44:03,Week 4,54,4 – 6 hours,3,3,Rarely,"ChatGPT, Google Gemini, Microsoft Copilot",1 – 3,4,NaN,3,3,False,,Slightly better,"YouTube, WhatsApp / Telegram (for study purposes)",2026-01-31 18:49:58,Tamil Nadu,Central University,B.Sc,3rd Year,7.0 – 8.0,2 – 4 hours,"YouTube, NPTEL / SWAYAM, Coursera / Udemy / edX, ChatGPT / AI tools, Notion / Anki / Obsidian",5,,,,,,,,
1895,ace8e293cc91c35e822f9101bc4e97d2ad904d1e130b4402fd6a6642f245665e,2026-02-26 11:45:19,Week 4,50,4 – 6 hours,3,3,Rarely,"ChatGPT, Google Gemini, Microsoft Copilot, Claude, Perplexity AI",1 – 3,2,NaN,3,4,False,,Slightly better,"YouTube, WhatsApp / Telegram (for study purposes), Physical Notes",2026-02-23 10:12:43,Kerala,State University,B.Tech,2nd Year,6.0 – 7.0,0 – 2 hours,"NPTEL / SWAYAM, Notion / Anki / Obsidian",2,,,,,,,,
1896,f5df30de694992a770d857d674587e781574c81ffc40be127f93b6a3d3a95f48,2026-02-26 11:46:12,Week 4,33,2 – 4 hours,2,3,Sometimes,"ChatGPT, Google Gemini, Microsoft Copilot",3 – 6,2,NaN,4,3,False,,Slightly better,"YouTube, WhatsApp / Telegram (for study purposes), Physical Notes",2026-02-23 10:05:11,Andhra Pradesh,State University,B.Sc,3rd Year,Prefer not to say,2 – 4 hours,"YouTube, Coursera / Udemy / edX, Notion / Anki / Obsidian, WhatsApp / Telegram, Physical notes",5,,,,,,,,
1897,b9c03c59028b4485073ac377b7c14dfe728898b0dccd931ebc2eea5d5b1d746a,2026-02-26 11:47:09,Week 4,44,4 – 6 hours,2,3,Rarely,"ChatGPT, Google Gemini, Microsoft Copilot, Claude",3 – 6,3,NaN,3,2,False,,Slightly better,"YouTube, Physical Notes",2025-12-27 14:52:29,Tamil Nadu,Central University,B.Tech,3rd Year,8.0 – 9.0,2 – 4 hours,"ChatGPT / AI tools, College LMS, WhatsApp / Telegram",3,,,,,,,,
1898,26234105c87439e0dc4fb999632d3a5406775cc0728c26840e4a6b26d071341b,2026-02-26 11:47:59,Week 4,44,4 – 6 hours,3,3,Often,"ChatGPT, Google Gemini, Microsoft Copilot, Claude",3 – 6,3,NaN,3,3,False,,Slightly better,"YouTube, WhatsApp / Telegram (for study purposes)",2026-01-12 20:18:58,Tamil Nadu,Private University,B.Tech,2nd Year,6.0 – 7.0,0 – 2 hours,"YouTube, ChatGPT / AI tools, College LMS",3,,,,,,,,
1899,9c37b8db9c39e670e8422cf5afe252221762450c6f3d1f72c8ef3cdfe0a584e6,2026-02-26 11:48:57,Week 4,41,4 – 6 hours,3,2,Sometimes,"ChatGPT, Google Gemini, Microsoft Copilot, Claude",3 – 6,3,NaN,4,3,False,,Slightly better,"YouTube, WhatsApp / Telegram (for study purposes)",2026-02-23 10:10:44,Tamil Nadu,State University,B.Sc,2nd Year,7.0 – 8.0,2 – 4 hours,"YouTube, NPTEL / SWAYAM, Coursera / Udemy / edX, ChatGPT / AI tools, College LMS",5,,,,,,,,
1900,16a56bf3b362259b32e3bc7d18a95d94213241560809ad3c4d5ddba644365acb,2026-02-26 11:50:14,Week 4,33,2 – 4 hours,2,3,Rarely,"ChatGPT, Google Gemini, Microsoft Copilot",3 – 6,1,NaN,2,2,False,,Slightly better,"YouTube, College LMS",2026-02-19 13:19:58,Tamil Nadu,State University,B.Sc,2nd Year,8.0 – 9.0,2 – 4 hours,"YouTube, NPTEL / SWAYAM, Coursera / Udemy / edX, ChatGPT / AI tools, Notion / Anki / Obsidian",5,,,,,,,,
1901,63c23cf4b390284f3ce1175699f5efa501022ba212fe21be99dc9e2d21deebbf,2026-02-26 11:51:05,Week 4,44,4 – 6 hours,2,3,Sometimes,"ChatGPT, Google Gemini, Microsoft Copilot",3 – 6,3,NaN,2,2,False,,Slightly better,"YouTube, College LMS, WhatsApp / Telegram (for study purposes)",2026-02-02 12:38:59,Rajasthan,State University,B.Sc,2nd Year,7.0 – 8.0,4 – 6 hours,"Coursera / Udemy / edX, ChatGPT / AI tools, Notion / Anki / Obsidian, College LMS, Physical notes",5,,,,,,,,
1902,ea6dc2fae8a61411b9d6de51699ca6787330c0036ffedddf4a649648fefe8732,2026-02-26 11:51:53,Week 4,43,4 – 6 hours,3,2,Sometimes,"ChatGPT, Google Gemini, Microsoft Copilot",3 – 6,2,NaN,3,2,False,,Slightly better,"YouTube, WhatsApp / Telegram (for study purposes)",2026-01-31 18:48:18,Andhra Pradesh,Private University,B.Tech,4th Year,7.0 – 8.0,2 – 4 hours,"YouTube, ChatGPT / AI tools, College LMS, WhatsApp / Telegram",4,,,,,,,,
1903,b9c03c59028b4485073ac377b7c14dfe728898b0dccd931ebc2eea5d5b1d746a,2026-02-26 11:52:52,Week 4,45,4 – 6 hours,2,2,Sometimes,"ChatGPT, QuillBot",3 – 6,3,NaN,3,3,False,,Slightly better,"YouTube, College LMS",2025-12-27 14:52:29,Tamil Nadu,Central University,B.Tech,3rd Year,8.0 – 9.0,2 – 4 hours,"ChatGPT / AI tools, College LMS, WhatsApp / Telegram",3,,,,,,,,
1904,ace8e293cc91c35e822f9101bc4e97d2ad904d1e130b4402fd6a6642f245665e,2026-02-26 11:53:38,Week 4,44,2 – 4 hours,3,3,Rarely,"ChatGPT, Google Gemini, Microsoft Copilot, Claude",3 – 6,3,NaN,3,2,False,,Slightly better,"YouTube, WhatsApp / Telegram (for study purposes)",2026-02-23 10:12:43,Kerala,State University,B.Tech,2nd Year,6.0 – 7.0,0 – 2 hours,"NPTEL / SWAYAM, Notion / Anki / Obsidian",2,,,,,,,,
1905,ef4aca4b5a9ddc8cfe1cda04eef5cb540a47e603dac29e3f59b7bdd1a387191d,2026-02-26 16:28:05,Week 1,0,0 – 2 hours,1,1,Never,"ChatGPT, Google Gemini, Microsoft Copilot",1 – 3,4,Health / stress issues,1,2,False,,About the same,YouTube,2026-02-02 12:52:17,Maharashtra,Private University,B.Tech,Others,6.0 – 7.0,2 – 4 hours,"YouTube, ChatGPT / AI tools",2,,,,,,,,
1906,a091d9857e1b26dac9ad43d43de3cfab7f19df9cadb73e095b0b4a74a5e9bc3d,2026-03-01 20:17:48,Week 6,5,0 – 2 hours,4,1,Never,ChatGPT,3 – 6,4,NaN,4,4,False,,About the same,WhatsApp / Telegram (for study purposes),2026-01-27 19:47:23,Tamil Nadu,Deemed University,B.Tech,4th Year,9.0+,0 – 2 hours,"YouTube, ChatGPT / AI tools, WhatsApp / Telegram",3,,,,,,,,
1907,e14fc3506630213cf4dbb3dddf035e19aad46cfaf81f1761b7791f1f48a64d67,2026-03-05 16:57:48,Week 1,7,2 – 4 hours,2,2,Never,"ChatGPT, Google Gemini, Claude, QuillBot",3 – 6,2,"No quiet study space, Health / stress issues",2,2,False,70.0,Much worse,NaN,2026-02-02 12:45:31,Madhya Pradesh,Central University,B.Tech,3rd Year,8.0 – 9.0,2 – 4 hours,"ChatGPT / AI tools, WhatsApp / Telegram",2,,,,,,,,
1908,26234105c87439e0dc4fb999632d3a5406775cc0728c26840e4a6b26d071341b,2026-03-05 16:58:48,Week 1,4,2 – 4 hours,3,3,Sometimes,"ChatGPT, Google Gemini",3 – 6,3,Mobile-only access,2,2,False,,Slightly worse,College LMS,2026-01-12 20:18:58,Tamil Nadu,Private University,B.Tech,2nd Year,6.0 – 7.0,0 – 2 hours,"YouTube, ChatGPT / AI tools, College LMS",3,,,,,,,,
1909,f8041b50a2c1379ae1a539104ac8cfff2e7475d9225620826e59c80d286afe76,2026-03-05 16:59:42,Week 1,4,2 – 4 hours,3,2,Rarely,"ChatGPT, Google Gemini",1 – 3,2,"Poor internet, Mobile-only access",2,2,False,,Slightly worse,"NPTEL / SWAYAM, College LMS",2026-01-31 18:25:54,Andhra Pradesh,Private University,B.Sc,3rd Year,7.0 – 8.0,0 – 2 hours,"YouTube, NPTEL / SWAYAM, Notion / Anki / Obsidian, College LMS, WhatsApp / Telegram",5,,,,,,,,
1910,1ad669ada84e5263e09135c0723aae8e30fcb58819e440892efde165dd587a5e,2026-03-05 17:00:39,Week 1,3,2 – 4 hours,2,3,Rarely,"ChatGPT, Google Gemini",3 – 6,2,"Mobile-only access, No quiet study space",2,2,False,,Slightly worse,"YouTube, NPTEL / SWAYAM, Coursera / Udemy / edX",2026-02-03 11:18:21,Karnataka,State University,BBA,3rd Year,7.0 – 8.0,2 – 4 hours,"YouTube, Coursera / Udemy / edX",2,,,,,,,,
1911,9f7b57d47f3cd447af0a85a35c1ce5b1287d471159595088cd7493a849b93059,2026-03-05 17:01:25,Week 1,3,2 – 4 hours,2,2,Rarely,"ChatGPT, Google Gemini",1 – 3,2,"Poor internet, Mobile-only access",2,2,False,,Slightly worse,"YouTube, NPTEL / SWAYAM, Coursera / Udemy / edX",2026-02-02 12:38:26,Punjab,Central University,B.Tech,1st Year,6.0 – 7.0,4 – 6 hours,"YouTube, NPTEL / SWAYAM, Coursera / Udemy / edX, ChatGPT / AI tools, College LMS, WhatsApp / Telegram",6,,,,,,,,
1912,3d83828233d057f5e1e37a4c9e784850077d6638768e69b0f6b5d4e5e2dfc994,2026-03-05 17:03:10,Week 2,6,2 – 4 hours,2,2,Sometimes,"ChatGPT, Google Gemini, Claude",3 – 6,3,"Poor internet, Mobile-only access, No quiet study space",3,3,False,,About the same,"YouTube, NPTEL / SWAYAM, College LMS",2026-01-12 21:41:37,Tamil Nadu,Private University,B.Tech,3rd Year,8.0 – 9.0,0 – 2 hours,"YouTube, ChatGPT / AI tools",2,,,,,,,,
1913,f8ecea41f5799921e46e5d82b8d41d92dba1fca7a66ca63506cc3c0aab382672,2026-03-05 17:04:26,Week 2,13,2 – 4 hours,3,4,Often,"ChatGPT, Google Gemini",6 – 10,5,"No quiet study space, Health / stress issues, None",5,5,False,,Slightly better,"YouTube, NPTEL / SWAYAM",2026-01-27 17:56:30,Uttar Pradesh,Central University,B.Tech,4th Year,7.0 – 8.0,4 – 6 hours,"YouTube, NPTEL / SWAYAM, Coursera / Udemy / edX, ChatGPT / AI tools, Notion / Anki / Obsidian",5,,,,,,,,
1914,32b68dc8923730efba7e69129bcc4d5555495cc9359174e99e3d50570ce6de44,2026-03-05 17:05:29,Week 1,30,4 – 6 hours,4,4,Always,"ChatGPT, Claude, Canva AI",6 – 10,3,Health / stress issues,3,3,False,80.0,Slightly worse,YouTube,2026-01-31 14:55:58,Kerala,State University,B.Sc,1st Year,7.0 – 8.0,0 – 2 hours,"YouTube, ChatGPT / AI tools, College LMS, WhatsApp / Telegram",4,,,,,,,,
1915,ef4aca4b5a9ddc8cfe1cda04eef5cb540a47e603dac29e3f59b7bdd1a387191d,2026-03-05 17:06:14,Week 2,20,6+ hours,5,5,Often,"ChatGPT, Google Gemini",6 – 10,4,"Poor internet, Mobile-only access",4,4,False,,Slightly better,"YouTube, NPTEL / SWAYAM, Coursera / Udemy / edX",2026-02-02 12:52:17,Maharashtra,Private University,B.Tech,Others,6.0 – 7.0,2 – 4 hours,"YouTube, ChatGPT / AI tools",2,,,,,,,,
1916,3d83828233d057f5e1e37a4c9e784850077d6638768e69b0f6b5d4e5e2dfc994,2026-03-05 17:07:04,Week 2,20,6+ hours,5,5,Sometimes,"ChatGPT, Google Gemini, Microsoft Copilot, Claude",6 – 10,4,"Poor internet, Mobile-only access",5,5,False,,About the same,"YouTube, College LMS",2026-01-12 21:41:37,Tamil Nadu,Private University,B.Tech,3rd Year,8.0 – 9.0,0 – 2 hours,"YouTube, ChatGPT / AI tools",2,,,,,,,,
1917,f8ecea41f5799921e46e5d82b8d41d92dba1fca7a66ca63506cc3c0aab382672,2026-03-05 17:07:50,Week 3,3,0 – 2 hours,2,1,Never,"ChatGPT, Google Gemini",1 – 3,1,Poor internet,1,1,False,,Much worse,College LMS,2026-01-27 17:56:30,Uttar Pradesh,Central University,B.Tech,4th Year,7.0 – 8.0,4 – 6 hours,"YouTube, NPTEL / SWAYAM, Coursera / Udemy / edX, ChatGPT / AI tools, Notion / Anki / Obsidian",5,,,,,,,,
1918,a0844c331d7454600df29956fea1f640e9035aa0e376172eded377ff472dedbe,2026-03-05 17:08:35,Week 3,2,0 – 2 hours,2,2,Rarely,Google Gemini,1 – 3,2,"Mobile-only access, No quiet study space",2,1,False,,Slightly worse,Coursera / Udemy / edX,2026-01-31 18:46:52,Karnataka,Central University,B.Sc,1st Year,7.0 – 8.0,2 – 4 hours,"NPTEL / SWAYAM, Coursera / Udemy / edX, ChatGPT / AI tools, College LMS, WhatsApp / Telegram, Physical notes",6,,,,,,,,
1919,ef4aca4b5a9ddc8cfe1cda04eef5cb540a47e603dac29e3f59b7bdd1a387191d,2026-03-05 17:08:36,Week 1,39,4 – 6 hours,4,3,Sometimes,"ChatGPT, Claude",6 – 10,4,Poor internet,4,4,False,,Slightly better,"YouTube, College LMS",2026-02-02 12:52:17,Maharashtra,Private University,B.Tech,Others,6.0 – 7.0,2 – 4 hours,"YouTube, ChatGPT / AI tools",2,,,,,,,,
1920,f72f420debc36def28125c58c71822ce49043914a9406e73923965f87c8cb669,2026-03-05 17:09:59,Week 3,5,0 – 2 hours,2,2,Rarely,Google Gemini,1 – 3,2,Poor internet,2,3,False,,Much worse,NPTEL / SWAYAM,2026-01-12 23:37:58,Karnataka,Private University,BA,3rd Year,8.0 – 9.0,0 – 2 hours,"YouTube, ChatGPT / AI tools, WhatsApp / Telegram, Physical notes only",4,,,,,,,,
1921,48cdb835c278ac6b10eed195f85632896d3be15d20d75197a0b916b2395939a6,2026-03-05 17:10:05,Week 1,22,4 – 6 hours,4,4,Never,"ChatGPT, Google Gemini",6 – 10,4,Poor internet,4,3,False,66.0,About the same,NPTEL / SWAYAM,2026-01-27 00:18:46,Telangana,IIT / NIT,B.Sc,3rd Year,7.0 – 8.0,0 – 2 hours,"YouTube, NPTEL / SWAYAM, ChatGPT / AI tools, WhatsApp / Telegram, Physical notes only",5,,,,,,,,
1922,e9f047d3c2da21e5de56f3abab5c156cedf45843e25e1cc9c00e542a0848fb89,2026-03-05 17:11:27,Week 3,3,2 – 4 hours,1,2,Rarely,"Claude, QuillBot",1 – 3,3,"Poor internet, Mobile-only access, No quiet study space, Health / stress issues, None",2,2,False,,Slightly worse,"Notion / Anki / Obsidian, Physical Notes",2026-02-23 10:04:41,Andhra Pradesh,Central University,B.Tech,2nd Year,7.0 – 8.0,0 – 2 hours,"YouTube, NPTEL / SWAYAM, Coursera / Udemy / edX, Notion / Anki / Obsidian, WhatsApp / Telegram",5,,,,,,,,
1923,1ad669ada84e5263e09135c0723aae8e30fcb58819e440892efde165dd587a5e,2026-03-05 17:11:45,Week 2,35,4 – 6 hours,4,4,Often,"ChatGPT, Perplexity AI",6 – 10,4,Mobile-only access,4,4,False,75.0,About the same,"YouTube, NPTEL / SWAYAM",2026-02-03 11:18:21,Karnataka,State University,BBA,3rd Year,7.0 – 8.0,2 – 4 hours,"YouTube, Coursera / Udemy / edX",2,,,,,,,,
1924,219d4ac6903fffab5ab1d64d6ed0b331adcc691f0e116fb7f62cefba91f7b0ec,2026-03-05 17:13:19,Week 3,8,2 – 4 hours,2,3,Never,"ChatGPT, Google Gemini, Microsoft Copilot, Claude, Perplexity AI, Grammarly, QuillBot, Notion AI, Jasper AI, GitHub Copilot, Codeium, Replit AI, Tabnine, Canva AI, DALL·E, Midjourney, Adobe Firefly, Khanmigo (Khan Academy AI)",1 – 3,1,"Poor internet, Mobile-only access, No quiet study space, Health / stress issues",1,1,False,,Much worse,"YouTube, NPTEL / SWAYAM, Coursera / Udemy / edX, College LMS, Notion / Anki / Obsidian, WhatsApp / Telegram (for study purposes), Physical Notes",2025-12-26 18:34:24,Andhra Pradesh,Private University,B.Tech,3rd Year,9.0+,0 – 2 hours,ChatGPT / AI tools,1,,,,,,,,
1925,b9c03c59028b4485073ac377b7c14dfe728898b0dccd931ebc2eea5d5b1d746a,2026-03-05 17:14:13,Week 2,49,4 – 6 hours,5,4,Often,"ChatGPT, Google Gemini",6 – 10,4,"Poor internet, Health / stress issues",4,5,False,70.0,Much better,"YouTube, NPTEL / SWAYAM",2025-12-27 14:52:29,Tamil Nadu,Central University,B.Tech,3rd Year,8.0 – 9.0,2 – 4 hours,"ChatGPT / AI tools, College LMS, WhatsApp / Telegram",3,,,,,,,,
1926,49c29b44c0f2dba949371e3de5aaea4ace47ef333c771bda5ab86551a01e7a7d,2026-03-05 17:14:43,Week 4,0,0 – 2 hours,4,1,Rarely,"ChatGPT, Google Gemini, Claude, Perplexity AI",3 – 6,3,"Poor internet, Mobile-only access, No quiet study space, Health / stress issues",2,1,False,,Much worse,"College LMS, Notion / Anki / Obsidian",2026-02-02 12:49:39,Uttar Pradesh,Central University,B.Tech,Others,8.0 – 9.0,2 – 4 hours,"YouTube, ChatGPT / AI tools",2,,,,,,,,
1927,a091d9857e1b26dac9ad43d43de3cfab7f19df9cadb73e095b0b4a74a5e9bc3d,2026-03-05 17:15:01,Week 2,55,4 – 6 hours,5,5,Always,"ChatGPT, Google Gemini",6 – 10,4,"Mobile-only access, No quiet study space",5,5,False,88.0,Much better,"YouTube, NPTEL / SWAYAM",2026-01-27 19:47:23,Tamil Nadu,Deemed University,B.Tech,4th Year,9.0+,0 – 2 hours,"YouTube, ChatGPT / AI tools, WhatsApp / Telegram",3,,,,,,,,
1928,3d83828233d057f5e1e37a4c9e784850077d6638768e69b0f6b5d4e5e2dfc994,2026-03-05 17:15:53,Week 4,8,0 – 2 hours,3,2,Rarely,"ChatGPT, Claude",1 – 3,3,"Mobile-only access, No quiet study space",3,2,False,,Much worse,"YouTube, NPTEL / SWAYAM, Coursera / Udemy / edX, College LMS",2026-01-12 21:41:37,Tamil Nadu,Private University,B.Tech,3rd Year,8.0 – 9.0,0 – 2 hours,"YouTube, ChatGPT / AI tools",2,,,,,,,,
1929,27d91473394ea1f8f97a8f1740492902f4ab1abbfe0b003e4536904eaba6dca0,2026-03-05 17:17:21,Week 4,14,0 – 2 hours,2,2,Rarely,"ChatGPT, Google Gemini",1 – 3,2,"Poor internet, Mobile-only access",2,2,False,,Much worse,"NPTEL / SWAYAM, Coursera / Udemy / edX, WhatsApp / Telegram (for study purposes)",2026-01-31 18:43:28,Tamil Nadu,IIT / NIT,B.Tech,3rd Year,7.0 – 8.0,2 – 4 hours,"YouTube, NPTEL / SWAYAM, Coursera / Udemy / edX, ChatGPT / AI tools, Notion / Anki / Obsidian, College LMS, WhatsApp / Telegram, Physical notes",8,,,,,,,,
1930,8773494ab4b07b7f7350b8d37e960ba5d05e7caf5ffbb75a943c63465a604b7f,2026-03-05 17:18:14,Week 4,4,2 – 4 hours,2,2,Sometimes,"ChatGPT, Google Gemini, Microsoft Copilot",3 – 6,2,"Poor internet, Mobile-only access, No quiet study space",3,3,False,,Slightly worse,"YouTube, College LMS",2026-01-31 18:47:34,Tamil Nadu,IIT / NIT,B.Tech,2nd Year,9.0+,4 – 6 hours,"YouTube, NPTEL / SWAYAM, Coursera / Udemy / edX, ChatGPT / AI tools, College LMS, WhatsApp / Telegram, Physical notes",7,,,,,,,,
1931,bed0f2897fdcff9c379616ea83849b1ca59a967db6315c91cd8fcf4fcf4c7216,2026-03-05 17:19:01,Week 4,10,2 – 4 hours,3,2,Never,"ChatGPT, Google Gemini, Microsoft Copilot, Claude",3 – 6,2,"Poor internet, Mobile-only access, No quiet study space, Health / stress issues",2,3,False,,Slightly worse,NaN,2026-01-31 18:46:23,Andhra Pradesh,State University,B.Sc,2nd Year,7.0 – 8.0,2 – 4 hours,"YouTube, NPTEL / SWAYAM, WhatsApp / Telegram",3,,,,,,,,
1932,f90ab6deefe14d178606a393182b36cdc645169d692772666b9c29214c2a4e40,2026-03-05 17:19:53,Week 3,70,6+ hours,5,5,Always,"ChatGPT, Google Gemini",10+,5,NaN,5,3,False,77.0,Slightly better,YouTube,2026-02-05 21:56:57,Telangana,Private University,B.Tech,3rd Year,7.0 – 8.0,0 – 2 hours,"ChatGPT / AI tools, WhatsApp / Telegram",2,,,,,,,,
1933,f8ecea41f5799921e46e5d82b8d41d92dba1fca7a66ca63506cc3c0aab382672,2026-03-05 17:20:52,Week 4,59,6+ hours,5,5,Always,"ChatGPT, Google Gemini",10+,5,Health / stress issues,5,5,False,78.0,Much better,"YouTube, NPTEL / SWAYAM",2026-01-27 17:56:30,Uttar Pradesh,Central University,B.Tech,4th Year,7.0 – 8.0,4 – 6 hours,"YouTube, NPTEL / SWAYAM, Coursera / Udemy / edX, ChatGPT / AI tools, Notion / Anki / Obsidian",5,,,,,,,,
1934,5e849a6892d6df48c1362529cab706d619efa96a172b3f715bc1f5ccd5ca61ec,2026-03-05 17:21:43,Week 4,50,6+ hours,5,5,Sometimes,"ChatGPT, Google Gemini",10+,5,Poor internet,5,5,False,50.0,Slightly worse,YouTube,2026-02-02 13:01:28,Uttar Pradesh,IIT / NIT,BA,Others,8.0 – 9.0,2 – 4 hours,"YouTube, ChatGPT / AI tools",2,,,,,,,,
1935,3a16c6fa9dbc26f91e12cdd112bec4f2953a34f47097d3424e3f551bb022a684,2026-03-05 17:22:39,Week 4,3,0 – 2 hours,1,1,Never,ChatGPT,1 – 3,2,Poor internet,1,1,False,34.0,Much worse,YouTube,2026-01-31 18:44:48,Tamil Nadu,Private University,BBA,1st Year,6.0 – 7.0,0 – 2 hours,"YouTube, Coursera / Udemy / edX, ChatGPT / AI tools, College LMS, WhatsApp / Telegram, Physical notes",6,,,,,,,,
1936,e8386eec4c2f671d625ec0a877e0c9af57a196443df6751cfd908bc4bb188c51,2026-03-09 20:29:56,Week 7,1,0 – 2 hours,2,2,Never,ChatGPT,3 – 6,4,NaN,4,4,False,80.0,About the same,NaN,2026-01-31 18:42:45,Kerala,State University,B.Com,2nd Year,Prefer not to say,2 – 4 hours,"YouTube, NPTEL / SWAYAM, Coursera / Udemy / edX, Notion / Anki / Obsidian, Physical notes",5,,,,,,,,
1937,266344e1c50b449d6d5dbec5b4b1af3236f13cc0b97871acccf3da3697283f82,2025-12-26 07:20:19,Week 1,18,0 – 2 hours,3,1,Often,"ChatGPT / AI tools, College LMS, WhatsApp / Telegram",6 – 10,4,"Poor internet, No quiet study space",3,4,False,70.0,About the same,NaN,2026-01-16 12:24:26,Tamil Nadu,Private University,B.Tech,3rd Year,9.0+,2 – 4 hours,"YouTube, ChatGPT / AI tools, Notion / Anki / Obsidian, WhatsApp / Telegram",4,,,,,,,,
1939,ad04e596e1af01ab238040c91de85cefe7f49fb2aabec57135e928a5ee02305e,2025-12-27 12:32:17,Week 1,30,6+ hours,5,5,Always,"YouTube, NPTEL / SWAYAM, Coursera / Udemy / edX, ChatGPT / AI tools, Notion / Anki / Obsidian, College LMS, WhatsApp / Telegram, Physical notes only, None",3 – 6,5,No quiet study space,5,5,False,10.0,Much better,NaN,2026-02-02 13:10:08,Karnataka,IIT / NIT,BBA,Others,7.0 – 8.0,2 – 4 hours,"YouTube, NPTEL / SWAYAM",2,,,,,,,,
1940,e14fc3506630213cf4dbb3dddf035e19aad46cfaf81f1761b7791f1f48a64d67,2025-12-27 12:37:17,Week 1,3,0 – 2 hours,3,1,Rarely,"YouTube, ChatGPT / AI tools, Physical notes only",3 – 6,3,"Poor internet, No quiet study space, Health / stress issues",2,1,False,70.0,Slightly worse,NaN,2026-02-02 12:45:31,Madhya Pradesh,Central University,B.Tech,3rd Year,8.0 – 9.0,2 – 4 hours,"ChatGPT / AI tools, WhatsApp / Telegram",2,,,,,,,,
1941,caf626adf6b1139006e560ca8cc80b33ca449dfd93d89557b2b5dca8a09ea07f,2025-12-27 14:54:03,Week 1,10,0 – 2 hours,2,1,Rarely,"Coursera / Udemy / edX, ChatGPT / AI tools, College LMS, WhatsApp / Telegram",3 – 6,4,"Poor internet, Mobile-only access, Health / stress issues",5,5,False,50.0,About the same,NaN,2026-02-23 10:06:05,Karnataka,Private University,BA,3rd Year,7.0 – 8.0,2 – 4 hours,"YouTube, NPTEL / SWAYAM, Coursera / Udemy / edX, ChatGPT / AI tools, Notion / Anki / Obsidian, WhatsApp / Telegram",6,,,,,,,,
1942,74d72de1f5b196019d5bbe209db2b90401f5ea949cebbdda60ac6b0f71acb482,2025-12-29 14:24:18,Week 1,42,6+ hours,4,4,Often,"YouTube, Coursera / Udemy / edX, ChatGPT / AI tools, Notion / Anki / Obsidian, College LMS, WhatsApp / Telegram",6 – 10,5,NaN,5,3,False,85.0,Slightly better,NaN,2026-02-02 12:43:28,Madhya Pradesh,Central University,B.Tech,2nd Year,6.0 – 7.0,2 – 4 hours,"YouTube, ChatGPT / AI tools",2,,,,,,,,
1943,e8386eec4c2f671d625ec0a877e0c9af57a196443df6751cfd908bc4bb188c51,2026-01-12 20:21:27,Week 1,10,0 – 2 hours,3,1,Rarely,"ChatGPT, Google Gemini, Microsoft Copilot, Claude",3 – 6,3,"No quiet study space, Health / stress issues",3,5,False,85.0,About the same,"YouTube, College LMS, WhatsApp / Telegram (for study purposes), Physical Notes",2026-01-31 18:42:45,Kerala,State University,B.Com,2nd Year,Prefer not to say,2 – 4 hours,"YouTube, NPTEL / SWAYAM, Coursera / Udemy / edX, Notion / Anki / Obsidian, Physical notes",5,,,,,,,,
1944,e8386eec4c2f671d625ec0a877e0c9af57a196443df6751cfd908bc4bb188c51,2026-01-12 20:23:04,Week 1,4,0 – 2 hours,3,2,Often,"ChatGPT, Google Gemini, Perplexity AI",1 – 3,4,"Poor internet, No quiet study space",3,2,False,77.0,About the same,"YouTube, Coursera / Udemy / edX, WhatsApp / Telegram (for study purposes)",2026-01-31 18:42:45,Kerala,State University,B.Com,2nd Year,Prefer not to say,2 – 4 hours,"YouTube, NPTEL / SWAYAM, Coursera / Udemy / edX, Notion / Anki / Obsidian, Physical notes",5,,,,,,,,
1945,1ad669ada84e5263e09135c0723aae8e30fcb58819e440892efde165dd587a5e,2026-01-12 21:35:58,Week 1,5,2 – 4 hours,2,1,Rarely,"ChatGPT, Google Gemini, Microsoft Copilot, Perplexity AI, GitHub Copilot",3 – 6,3,"Poor internet, Mobile-only access, No quiet study space",3,3,False,50.0,Slightly worse,"YouTube, NPTEL / SWAYAM, WhatsApp / Telegram (for study purposes), Physical Notes",2026-02-03 11:18:21,Karnataka,State University,BBA,3rd Year,7.0 – 8.0,2 – 4 hours,"YouTube, Coursera / Udemy / edX",2,,,,,,,,
1946,3a16c6fa9dbc26f91e12cdd112bec4f2953a34f47097d3424e3f551bb022a684,2026-01-12 21:44:30,Week 1,3,0 – 2 hours,1,1,Rarely,"ChatGPT, Google Gemini, Microsoft Copilot",1 – 3,3,NaN,2,2,False,,About the same,YouTube,2026-01-31 18:44:48,Tamil Nadu,Private University,BBA,1st Year,6.0 – 7.0,0 – 2 hours,"YouTube, Coursera / Udemy / edX, ChatGPT / AI tools, College LMS, WhatsApp / Telegram, Physical notes",6,,,,,,,,
1947,e9f047d3c2da21e5de56f3abab5c156cedf45843e25e1cc9c00e542a0848fb89,2026-01-12 22:33:54,Week 1,5,0 – 2 hours,3,2,Sometimes,"ChatGPT, Perplexity AI, Replit AI",3 – 6,4,Poor internet,3,3,False,,About the same,YouTube,2026-02-23 10:04:41,Andhra Pradesh,Central University,B.Tech,2nd Year,7.0 – 8.0,0 – 2 hours,"YouTube, NPTEL / SWAYAM, Coursera / Udemy / edX, Notion / Anki / Obsidian, WhatsApp / Telegram",5,,,,,,,,
1948,48cdb835c278ac6b10eed195f85632896d3be15d20d75197a0b916b2395939a6,2026-01-12 23:15:31,Week 1,2,0 – 2 hours,1,1,Never,"ChatGPT, Google Gemini",1 – 3,1,"Poor internet, No quiet study space",1,1,False,,Slightly worse,"YouTube, WhatsApp / Telegram (for study purposes), Physical Notes",2026-01-27 00:18:46,Telangana,IIT / NIT,B.Sc,3rd Year,7.0 – 8.0,0 – 2 hours,"YouTube, NPTEL / SWAYAM, ChatGPT / AI tools, WhatsApp / Telegram, Physical notes only",5,,,,,,,,
1949,e14fc3506630213cf4dbb3dddf035e19aad46cfaf81f1761b7791f1f48a64d67,2026-01-13 19:46:14,Week 2,3,2 – 4 hours,3,3,Rarely,"ChatGPT, Perplexity AI",1 – 3,3,"No quiet study space, Health / stress issues",3,3,False,,About the same,"YouTube, College LMS, Notion / Anki / Obsidian",2026-02-02 12:45:31,Madhya Pradesh,Central University,B.Tech,3rd Year,8.0 – 9.0,2 – 4 hours,"ChatGPT / AI tools, WhatsApp / Telegram",2,,,,,,,,
1950,219d4ac6903fffab5ab1d64d6ed0b331adcc691f0e116fb7f62cefba91f7b0ec,2026-01-16 12:27:49,Week 1,14,2 – 4 hours,2,2,Rarely,"ChatGPT, Perplexity AI",3 – 6,4,"Mobile-only access, No quiet study space",2,4,False,,Much worse,"YouTube, Notion / Anki / Obsidian, WhatsApp / Telegram (for study purposes)",2025-12-26 18:34:24,Andhra Pradesh,Private University,B.Tech,3rd Year,9.0+,0 – 2 hours,ChatGPT / AI tools,1,,,,,,,,
1951,caf626adf6b1139006e560ca8cc80b33ca449dfd93d89557b2b5dca8a09ea07f,2026-01-31 11:32:52,Week 1,5,0 – 2 hours,4,4,Often,"ChatGPT, Google Gemini, Claude, Perplexity AI, Notion AI, Replit AI, Canva AI, DALL·E",3 – 6,4,Health / stress issues,4,4,False,80.0,Slightly better,"YouTube, WhatsApp / Telegram (for study purposes)",2026-02-23 10:06:05,Karnataka,Private University,BA,3rd Year,7.0 – 8.0,2 – 4 hours,"YouTube, NPTEL / SWAYAM, Coursera / Udemy / edX, ChatGPT / AI tools, Notion / Anki / Obsidian, WhatsApp / Telegram",6,,,,,,,,
1952,e14fc3506630213cf4dbb3dddf035e19aad46cfaf81f1761b7791f1f48a64d67,2026-01-31 14:55:23,Week 1,60,4 – 6 hours,4,3,Sometimes,"ChatGPT, Microsoft Copilot, GitHub Copilot, Replit AI",3 – 6,3,"Poor internet, No quiet study space",3,3,False,,Slightly better,"YouTube, WhatsApp / Telegram (for study purposes), Physical Notes",2026-02-02 12:45:31,Madhya Pradesh,Central University,B.Tech,3rd Year,8.0 – 9.0,2 – 4 hours,"ChatGPT / AI tools, WhatsApp / Telegram",2,,,,,,,,
1953,a0844c331d7454600df29956fea1f640e9035aa0e376172eded377ff472dedbe,2026-01-31 16:07:51,Week 1,20,0 – 2 hours,3,1,Never,Google Gemini,3 – 6,5,"Poor internet, No quiet study space",2,5,False,75.0,Slightly worse,"YouTube, Notion / Anki / Obsidian",2026-01-31 18:46:52,Karnataka,Central University,B.Sc,1st Year,7.0 – 8.0,2 – 4 hours,"NPTEL / SWAYAM, Coursera / Udemy / edX, ChatGPT / AI tools, College LMS, WhatsApp / Telegram, Physical notes",6,,,,,,,,
1954,27d91473394ea1f8f97a8f1740492902f4ab1abbfe0b003e4536904eaba6dca0,2026-01-31 16:39:48,Week 1,20,4 – 6 hours,3,3,Sometimes,"ChatGPT, Google Gemini",1 – 3,3,Health / stress issues,3,2,False,,Slightly worse,"YouTube, NPTEL / SWAYAM, WhatsApp / Telegram (for study purposes), Physical Notes",2026-01-31 18:43:28,Tamil Nadu,IIT / NIT,B.Tech,3rd Year,7.0 – 8.0,2 – 4 hours,"YouTube, NPTEL / SWAYAM, Coursera / Udemy / edX, ChatGPT / AI tools, Notion / Anki / Obsidian, College LMS, WhatsApp / Telegram, Physical notes",8,,,,,,,,
1955,f8ecea41f5799921e46e5d82b8d41d92dba1fca7a66ca63506cc3c0aab382672,2026-01-31 17:56:30,Week 1,4,2 – 4 hours,1,1,Never,ChatGPT,1 – 3,3,Poor internet,1,1,False,,Much worse,Physical Notes,2026-01-27 17:56:30,Uttar Pradesh,Central University,B.Tech,4th Year,7.0 – 8.0,4 – 6 hours,"YouTube, NPTEL / SWAYAM, Coursera / Udemy / edX, ChatGPT / AI tools, Notion / Anki / Obsidian",5,,,,,,,,
1956,caf626adf6b1139006e560ca8cc80b33ca449dfd93d89557b2b5dca8a09ea07f,2026-01-31 18:23:25,Week 1,13,0 – 2 hours,1,1,Never,"ChatGPT, Google Gemini, Perplexity AI, Canva AI",6 – 10,3,"Poor internet, Mobile-only access, Health / stress issues",2,3,False,50.0,Slightly worse,"YouTube, College LMS, WhatsApp / Telegram (for study purposes), Physical Notes",2026-02-23 10:06:05,Karnataka,Private University,BA,3rd Year,7.0 – 8.0,2 – 4 hours,"YouTube, NPTEL / SWAYAM, Coursera / Udemy / edX, ChatGPT / AI tools, Notion / Anki / Obsidian, WhatsApp / Telegram",6,,,,,,,,
1957,1ad669ada84e5263e09135c0723aae8e30fcb58819e440892efde165dd587a5e,2026-01-31 18:55:41,Week 1,14,0 – 2 hours,1,1,Never,"ChatGPT, Google Gemini, Microsoft Copilot, Perplexity AI",3 – 6,3,"Poor internet, Mobile-only access",2,4,False,,Slightly worse,"YouTube, Coursera / Udemy / edX, College LMS, Physical Notes",2026-02-03 11:18:21,Karnataka,State University,BBA,3rd Year,7.0 – 8.0,2 – 4 hours,"YouTube, Coursera / Udemy / edX",2,,,,,,,,
1958,9f7b57d47f3cd447af0a85a35c1ce5b1287d471159595088cd7493a849b93059,2026-01-31 18:57:01,Week 1,23,2 – 4 hours,3,3,Sometimes,"ChatGPT, Google Gemini, Microsoft Copilot, Claude, Perplexity AI, Grammarly, QuillBot, GitHub Copilot, Canva AI, Khanmigo (Khan Academy AI)",6 – 10,4,No quiet study space,3,3,False,70.0,About the same,"YouTube, NPTEL / SWAYAM, Coursera / Udemy / edX, College LMS, WhatsApp / Telegram (for study purposes), Physical Notes",2026-02-02 12:38:26,Punjab,Central University,B.Tech,1st Year,6.0 – 7.0,4 – 6 hours,"YouTube, NPTEL / SWAYAM, Coursera / Udemy / edX, ChatGPT / AI tools, College LMS, WhatsApp / Telegram",6,,,,,,,,
1959,9c37b8db9c39e670e8422cf5afe252221762450c6f3d1f72c8ef3cdfe0a584e6,2026-01-31 19:00:49,Week 1,26,2 – 4 hours,2,2,Sometimes,"ChatGPT, Google Gemini, Microsoft Copilot, Claude, Perplexity AI, Grammarly, Notion AI, GitHub Copilot, Codeium, Canva AI, DALL·E",3 – 6,3,"Poor internet, Mobile-only access",2,4,False,70.0,Slightly worse,"YouTube, NPTEL / SWAYAM, Coursera / Udemy / edX, College LMS, WhatsApp / Telegram (for study purposes), Physical Notes",2026-02-23 10:10:44,Tamil Nadu,State University,B.Sc,2nd Year,7.0 – 8.0,2 – 4 hours,"YouTube, NPTEL / SWAYAM, Coursera / Udemy / edX, ChatGPT / AI tools, College LMS",5,,,,,,,,
1960,e9f047d3c2da21e5de56f3abab5c156cedf45843e25e1cc9c00e542a0848fb89,2026-01-31 19:02:01,Week 1,22,2 – 4 hours,3,2,Rarely,"ChatGPT, Google Gemini, Microsoft Copilot, Claude, Perplexity AI, Grammarly, GitHub Copilot, Codeium, Replit AI, Tabnine, Canva AI",6 – 10,4,NaN,3,3,False,80.0,About the same,"YouTube, NPTEL / SWAYAM, Coursera / Udemy / edX, College LMS, WhatsApp / Telegram (for study purposes), Physical Notes",2026-02-23 10:04:41,Andhra Pradesh,Central University,B.Tech,2nd Year,7.0 – 8.0,0 – 2 hours,"YouTube, NPTEL / SWAYAM, Coursera / Udemy / edX, Notion / Anki / Obsidian, WhatsApp / Telegram",5,,,,,,,,
1961,cf47f395a464caa7ab1da1745c2d650002296d75e8eac41561b430a83f4382f8,2026-01-31 19:04:48,Week 1,30,2 – 4 hours,3,3,Sometimes,"ChatGPT, Google Gemini, Microsoft Copilot, Claude, QuillBot, Notion AI, GitHub Copilot, Midjourney, Adobe Firefly, Khanmigo (Khan Academy AI)",6 – 10,4,"Poor internet, Health / stress issues",3,5,False,,Slightly worse,"YouTube, NPTEL / SWAYAM, Coursera / Udemy / edX, College LMS, WhatsApp / Telegram (for study purposes), Physical Notes",2026-01-31 18:49:58,Tamil Nadu,Central University,B.Sc,3rd Year,7.0 – 8.0,2 – 4 hours,"YouTube, NPTEL / SWAYAM, Coursera / Udemy / edX, ChatGPT / AI tools, Notion / Anki / Obsidian",5,,,,,,,,
1962,ace8e293cc91c35e822f9101bc4e97d2ad904d1e130b4402fd6a6642f245665e,2026-01-31 19:05:17,Week 1,60,4 – 6 hours,4,3,Rarely,"ChatGPT, Google Gemini",6 – 10,4,"No quiet study space, Health / stress issues",3,4,False,0.0,About the same,"YouTube, Physical Notes",2026-02-23 10:12:43,Kerala,State University,B.Tech,2nd Year,6.0 – 7.0,0 – 2 hours,"NPTEL / SWAYAM, Notion / Anki / Obsidian",2,,,,,,,,
1963,e8386eec4c2f671d625ec0a877e0c9af57a196443df6751cfd908bc4bb188c51,2026-01-31 19:06:54,Week 1,50,4 – 6 hours,3,3,Often,"ChatGPT, Google Gemini, Microsoft Copilot, Claude, Perplexity AI, GitHub Copilot",6 – 10,5,"Poor internet, No quiet study space",2,5,False,75.0,About the same,"YouTube, College LMS, WhatsApp / Telegram (for study purposes), Physical Notes",2026-01-31 18:42:45,Kerala,State University,B.Com,2nd Year,Prefer not to say,2 – 4 hours,"YouTube, NPTEL / SWAYAM, Coursera / Udemy / edX, Notion / Anki / Obsidian, Physical notes",5,,,,,,,,
1964,81ddebb1fc0e6b009a5655dea87854093d1374914f03d128e615c955c9007504,2026-01-31 19:10:39,Week 1,40,4 – 6 hours,4,4,Sometimes,"ChatGPT, Google Gemini, Microsoft Copilot, Claude, Perplexity AI, Grammarly, Jasper AI, GitHub Copilot, Replit AI, Canva AI, Adobe Firefly, Khanmigo (Khan Academy AI)",6 – 10,5,NaN,3,3,False,80.0,Slightly better,"YouTube, NPTEL / SWAYAM, College LMS, WhatsApp / Telegram (for study purposes), Physical Notes",2026-01-12 20:20:23,Tamil Nadu,Private University,B.Tech,3rd Year,7.0 – 8.0,2 – 4 hours,"YouTube, ChatGPT / AI tools, WhatsApp / Telegram, Physical notes only",4,,,,,,,,
1965,5e849a6892d6df48c1362529cab706d619efa96a172b3f715bc1f5ccd5ca61ec,2026-01-31 19:13:43,Week 1,50,6+ hours,3,2,Often,"ChatGPT, Google Gemini, Microsoft Copilot, Claude, Perplexity AI, Grammarly",3 – 6,4,No quiet study space,3,5,False,60.0,About the same,"YouTube, NPTEL / SWAYAM, Coursera / Udemy / edX, College LMS, WhatsApp / Telegram (for study purposes), Physical Notes",2026-02-02 13:01:28,Uttar Pradesh,IIT / NIT,BA,Others,8.0 – 9.0,2 – 4 hours,"YouTube, ChatGPT / AI tools",2,,,,,,,,
1966,26234105c87439e0dc4fb999632d3a5406775cc0728c26840e4a6b26d071341b,2026-01-31 19:15:02,Week 1,45,4 – 6 hours,2,2,Rarely,"ChatGPT, Google Gemini, Microsoft Copilot, Claude, Perplexity AI, Grammarly, Codeium, Replit AI, Tabnine, Canva AI",10+,5,NaN,2,4,False,70.0,Slightly worse,"YouTube, Coursera / Udemy / edX, WhatsApp / Telegram (for study purposes), Physical Notes",2026-01-12 20:18:58,Tamil Nadu,Private University,B.Tech,2nd Year,6.0 – 7.0,0 – 2 hours,"YouTube, ChatGPT / AI tools, College LMS",3,,,,,,,,
1967,f8041b50a2c1379ae1a539104ac8cfff2e7475d9225620826e59c80d286afe76,2026-01-31 19:16:03,Week 1,35,2 – 4 hours,2,1,Never,"ChatGPT, Google Gemini",3 – 6,3,"Poor internet, No quiet study space, Health / stress issues",2,5,False,50.0,Slightly worse,"YouTube, WhatsApp / Telegram (for study purposes), Physical Notes",2026-01-31 18:25:54,Andhra Pradesh,Private University,B.Sc,3rd Year,7.0 – 8.0,0 – 2 hours,"YouTube, NPTEL / SWAYAM, Notion / Anki / Obsidian, College LMS, WhatsApp / Telegram",5,,,,,,,,
1968,8773494ab4b07b7f7350b8d37e960ba5d05e7caf5ffbb75a943c63465a604b7f,2026-01-31 19:17:08,Week 1,49,6+ hours,3,2,Always,"ChatGPT, Google Gemini, Microsoft Copilot, Claude, Perplexity AI, Grammarly, Jasper AI",6 – 10,5,"Poor internet, No quiet study space, Health / stress issues",3,5,False,80.0,About the same,"YouTube, NPTEL / SWAYAM, WhatsApp / Telegram (for study purposes), Physical Notes",2026-01-31 18:47:34,Tamil Nadu,IIT / NIT,B.Tech,2nd Year,9.0+,4 – 6 hours,"YouTube, NPTEL / SWAYAM, Coursera / Udemy / edX, ChatGPT / AI tools, College LMS, WhatsApp / Telegram, Physical notes",7,,,,,,,,
1969,e8386eec4c2f671d625ec0a877e0c9af57a196443df6751cfd908bc4bb188c51,2026-01-31 19:18:01,Week 1,60,6+ hours,4,2,Sometimes,"ChatGPT, Google Gemini, Microsoft Copilot, Claude, Perplexity AI, Grammarly, GitHub Copilot",6 – 10,5,No quiet study space,3,3,False,75.0,About the same,"YouTube, Coursera / Udemy / edX, College LMS, WhatsApp / Telegram (for study purposes), Physical Notes",2026-01-31 18:42:45,Kerala,State University,B.Com,2nd Year,Prefer not to say,2 – 4 hours,"YouTube, NPTEL / SWAYAM, Coursera / Udemy / edX, Notion / Anki / Obsidian, Physical notes",5,,,,,,,,
1970,74d72de1f5b196019d5bbe209db2b90401f5ea949cebbdda60ac6b0f71acb482,2026-01-31 19:38:23,Week 1,30,2 – 4 hours,3,1,Sometimes,"ChatGPT, Microsoft Copilot, Claude, Perplexity AI, Notion AI",3 – 6,4,"Poor internet, No quiet study space, Health / stress issues",3,5,False,90.0,Slightly worse,"YouTube, WhatsApp / Telegram (for study purposes), Physical Notes",2026-02-02 12:43:28,Madhya Pradesh,Central University,B.Tech,2nd Year,6.0 – 7.0,2 – 4 hours,"YouTube, ChatGPT / AI tools",2,,,,,,,,
1971,0e155a1241bd00b2d588262223a52e0f8a911a4000092f096e6968dccae9e61b,2026-01-31 21:34:43,Week 1,2,0 – 2 hours,3,1,Sometimes,"ChatGPT, Google Gemini, Claude, Perplexity AI, Notion AI",1 – 3,4,"Poor internet, Mobile-only access, No quiet study space, Health / stress issues",3,5,False,80.0,Slightly worse,"YouTube, Notion / Anki / Obsidian, Physical Notes",2026-02-03 11:16:29,Tamil Nadu,IIT / NIT,B.Tech,4th Year,8.0 – 9.0,2 – 4 hours,"ChatGPT / AI tools, College LMS",2,,,,,,,,
1972,e14fc3506630213cf4dbb3dddf035e19aad46cfaf81f1761b7791f1f48a64d67,2026-01-31 21:35:59,Week 1,22,2 – 4 hours,4,4,Sometimes,"ChatGPT, Google Gemini, Perplexity AI",6 – 10,5,"Poor internet, Mobile-only access, Health / stress issues",4,5,False,,Much better,"YouTube, College LMS, Notion / Anki / Obsidian, WhatsApp / Telegram (for study purposes), Physical Notes",2026-02-02 12:45:31,Madhya Pradesh,Central University,B.Tech,3rd Year,8.0 – 9.0,2 – 4 hours,"ChatGPT / AI tools, WhatsApp / Telegram",2,,,,,,,,
1973,219d4ac6903fffab5ab1d64d6ed0b331adcc691f0e116fb7f62cefba91f7b0ec,2026-02-01 20:06:39,Week 1,6,0 – 2 hours,4,1,Never,"ChatGPT, Google Gemini",3 – 6,5,Health / stress issues,5,4,False,80.0,About the same,"YouTube, WhatsApp / Telegram (for study purposes), Physical Notes",2025-12-26 18:34:24,Andhra Pradesh,Private University,B.Tech,3rd Year,9.0+,0 – 2 hours,ChatGPT / AI tools,1,,,,,,,,
1974,ef4aca4b5a9ddc8cfe1cda04eef5cb540a47e603dac29e3f59b7bdd1a387191d,2026-02-02 00:28:33,Week 1,3,0 – 2 hours,1,1,Rarely,"ChatGPT, Google Gemini, Microsoft Copilot, Claude, Perplexity AI, Grammarly",1 – 3,4,"No quiet study space, Health / stress issues",1,4,False,,About the same,"YouTube, College LMS, WhatsApp / Telegram (for study purposes), Physical Notes",2026-02-02 12:52:17,Maharashtra,Private University,B.Tech,Others,6.0 – 7.0,2 – 4 hours,"YouTube, ChatGPT / AI tools",2,,,,,,,,
1975,bed0f2897fdcff9c379616ea83849b1ca59a967db6315c91cd8fcf4fcf4c7216,2026-02-02 21:55:05,Week 1,12,2 – 4 hours,3,3,Rarely,"ChatGPT, Google Gemini, Claude, Canva AI",3 – 6,3,Mobile-only access,3,3,False,,About the same,"YouTube, Coursera / Udemy / edX",2026-01-31 18:46:23,Andhra Pradesh,State University,B.Sc,2nd Year,7.0 – 8.0,2 – 4 hours,"YouTube, NPTEL / SWAYAM, WhatsApp / Telegram",3,,,,,,,,
1976,a0844c331d7454600df29956fea1f640e9035aa0e376172eded377ff472dedbe,2026-02-03 10:30:21,Week 1,20,2 – 4 hours,3,1,Often,"ChatGPT, Google Gemini",10+,5,Health / stress issues,3,4,False,,About the same,YouTube,2026-01-31 18:46:52,Karnataka,Central University,B.Sc,1st Year,7.0 – 8.0,2 – 4 hours,"NPTEL / SWAYAM, Coursera / Udemy / edX, ChatGPT / AI tools, College LMS, WhatsApp / Telegram, Physical notes",6,,,,,,,,
1977,219d4ac6903fffab5ab1d64d6ed0b331adcc691f0e116fb7f62cefba91f7b0ec,2026-02-03 10:38:09,Week 2,16,0 – 2 hours,5,5,Always,"ChatGPT, Google Gemini, Claude, Perplexity AI, GitHub Copilot",1 – 3,4,No quiet study space,4,4,False,85.0,Much better,"YouTube, Coursera / Udemy / edX, Physical Notes",2025-12-26 18:34:24,Andhra Pradesh,Private University,B.Tech,3rd Year,9.0+,0 – 2 hours,ChatGPT / AI tools,1,,,,,,,,
1978,49c29b44c0f2dba949371e3de5aaea4ace47ef333c771bda5ab86551a01e7a7d,2026-02-03 11:15:07,Week 2,9,0 – 2 hours,3,3,Sometimes,"Claude, Perplexity AI, Grammarly, QuillBot, GitHub Copilot",1 – 3,3,"Poor internet, Mobile-only access",3,3,False,,About the same,"Coursera / Udemy / edX, Notion / Anki / Obsidian",2026-02-02 12:49:39,Uttar Pradesh,Central University,B.Tech,Others,8.0 – 9.0,2 – 4 hours,"YouTube, ChatGPT / AI tools",2,,,,,,,,
1979,1dd2975d45d1e27948cae456e3827e3b50778c013fecee985fb0422f4a492ba2,2026-02-03 11:16:33,Week 2,5,2 – 4 hours,3,2,Sometimes,"ChatGPT, Google Gemini",6 – 10,3,"Poor internet, Mobile-only access, No quiet study space, Health / stress issues",2,4,False,50.0,Slightly worse,"YouTube, WhatsApp / Telegram (for study purposes)",2026-02-19 13:17:59,Andhra Pradesh,State University,B.Tech,2nd Year,7.0 – 8.0,6+ hours,"YouTube, NPTEL / SWAYAM, Coursera / Udemy / edX, ChatGPT / AI tools, Notion / Anki / Obsidian, College LMS, WhatsApp / Telegram, Physical notes",8,,,,,,,,
1980,9c37b8db9c39e670e8422cf5afe252221762450c6f3d1f72c8ef3cdfe0a584e6,2026-02-03 11:57:11,Week 1,50,6+ hours,5,5,Often,"ChatGPT, Google Gemini, Perplexity AI, Midjourney, None",10+,5,Health / stress issues,5,5,False,,Slightly better,"YouTube, College LMS, WhatsApp / Telegram (for study purposes)",2026-02-23 10:10:44,Tamil Nadu,State University,B.Sc,2nd Year,7.0 – 8.0,2 – 4 hours,"YouTube, NPTEL / SWAYAM, Coursera / Udemy / edX, ChatGPT / AI tools, College LMS",5,,,,,,,,
1981,32b68dc8923730efba7e69129bcc4d5555495cc9359174e99e3d50570ce6de44,2026-02-03 11:58:01,Week 2,20,2 – 4 hours,3,3,Rarely,"ChatGPT, Google Gemini, Perplexity AI, Jasper AI",3 – 6,3,Mobile-only access,3,3,False,80.0,Slightly worse,"YouTube, College LMS, WhatsApp / Telegram (for study purposes)",2026-01-31 14:55:58,Kerala,State University,B.Sc,1st Year,7.0 – 8.0,0 – 2 hours,"YouTube, ChatGPT / AI tools, College LMS, WhatsApp / Telegram",4,,,,,,,,
1982,d2db0cecaf1edf2f34e8fcb492052acd27453600c6cc493e25700d9c3b289761,2026-02-03 12:00:28,Week 1,42,4 – 6 hours,4,4,Sometimes,"ChatGPT, Perplexity AI, Tabnine, Canva AI",1 – 3,4,NaN,4,4,False,,About the same,"YouTube, NPTEL / SWAYAM, Notion / Anki / Obsidian, Physical Notes",2026-02-02 12:56:07,Uttar Pradesh,IIT / NIT,Other,2nd Year,Prefer not to say,2 – 4 hours,"YouTube, Coursera / Udemy / edX",2,,,,,,,,
1983,ace8e293cc91c35e822f9101bc4e97d2ad904d1e130b4402fd6a6642f245665e,2026-02-03 12:05:44,Week 1,38,2 – 4 hours,3,2,Always,"Google Gemini, Perplexity AI, QuillBot, Codeium, Replit AI, Canva AI, Khanmigo (Khan Academy AI)",10+,4,"No quiet study space, None",3,3,False,,Much better,"YouTube, Coursera / Udemy / edX",2026-02-23 10:12:43,Kerala,State University,B.Tech,2nd Year,6.0 – 7.0,0 – 2 hours,"NPTEL / SWAYAM, Notion / Anki / Obsidian",2,,,,,,,,
1984,c4fc9686cc1b927682fbf989fe97901e479c7d5a214ce073d7cc6062f4682ed6,2026-02-03 12:20:13,Week 1,13,0 – 2 hours,3,4,Always,"ChatGPT, Microsoft Copilot, Claude, Grammarly, Notion AI, GitHub Copilot",3 – 6,3,Poor internet,2,3,False,70.0,About the same,"YouTube, NPTEL / SWAYAM, College LMS, WhatsApp / Telegram (for study purposes), Physical Notes",2026-02-23 10:06:40,Andhra Pradesh,Private University,B.Com,3rd Year,6.0 – 7.0,0 – 2 hours,"Coursera / Udemy / edX, ChatGPT / AI tools, Notion / Anki / Obsidian, WhatsApp / Telegram",4,,,,,,,,
1985,266344e1c50b449d6d5dbec5b4b1af3236f13cc0b97871acccf3da3697283f82,2026-02-03 12:28:44,Week 1,20,0 – 2 hours,3,4,Always,"ChatGPT, Google Gemini, Microsoft Copilot, Claude, Perplexity AI, QuillBot, Canva AI",3 – 6,3,"Poor internet, Mobile-only access, No quiet study space",2,4,False,50.0,Slightly worse,"Coursera / Udemy / edX, WhatsApp / Telegram (for study purposes), Physical Notes",2026-01-16 12:24:26,Tamil Nadu,Private University,B.Tech,3rd Year,9.0+,2 – 4 hours,"YouTube, ChatGPT / AI tools, Notion / Anki / Obsidian, WhatsApp / Telegram",4,,,,,,,,
1986,48cdb835c278ac6b10eed195f85632896d3be15d20d75197a0b916b2395939a6,2026-02-03 12:29:41,Week 1,60,6+ hours,3,3,Rarely,"ChatGPT, Google Gemini, Microsoft Copilot, Claude, Perplexity AI, Grammarly, QuillBot, Replit AI, Tabnine, Canva AI, DALL·E, Midjourney",6 – 10,3,"Poor internet, Health / stress issues",3,5,False,90.0,Slightly better,"YouTube, NPTEL / SWAYAM, Coursera / Udemy / edX, College LMS",2026-01-27 00:18:46,Telangana,IIT / NIT,B.Sc,3rd Year,7.0 – 8.0,0 – 2 hours,"YouTube, NPTEL / SWAYAM, ChatGPT / AI tools, WhatsApp / Telegram, Physical notes only",5,,,,,,,,
1987,63c23cf4b390284f3ce1175699f5efa501022ba212fe21be99dc9e2d21deebbf,2026-02-03 12:42:02,Week 1,25,4 – 6 hours,4,3,Sometimes,"ChatGPT, Google Gemini, Perplexity AI",3 – 6,4,NaN,4,3,False,85.0,Slightly better,"YouTube, Coursera / Udemy / edX, Notion / Anki / Obsidian",2026-02-02 12:38:59,Rajasthan,State University,B.Sc,2nd Year,7.0 – 8.0,4 – 6 hours,"Coursera / Udemy / edX, ChatGPT / AI tools, Notion / Anki / Obsidian, College LMS, Physical notes",5,,,,,,,,
1988,8773494ab4b07b7f7350b8d37e960ba5d05e7caf5ffbb75a943c63465a604b7f,2026-02-03 12:43:56,Week 1,20,2 – 4 hours,2,2,Rarely,"Claude, Grammarly",1 – 3,2,Poor internet,2,4,False,75.0,Much worse,College LMS,2026-01-31 18:47:34,Tamil Nadu,IIT / NIT,B.Tech,2nd Year,9.0+,4 – 6 hours,"YouTube, NPTEL / SWAYAM, Coursera / Udemy / edX, ChatGPT / AI tools, College LMS, WhatsApp / Telegram, Physical notes",7,,,,,,,,
1989,219d4ac6903fffab5ab1d64d6ed0b331adcc691f0e116fb7f62cefba91f7b0ec,2026-02-03 12:46:15,Week 1,15,2 – 4 hours,2,2,Never,"ChatGPT, Microsoft Copilot",0,3,Health / stress issues,3,5,False,,About the same,YouTube,2025-12-26 18:34:24,Andhra Pradesh,Private University,B.Tech,3rd Year,9.0+,0 – 2 hours,ChatGPT / AI tools,1,,,,,,,,
1990,1ad669ada84e5263e09135c0723aae8e30fcb58819e440892efde165dd587a5e,2026-02-03 12:51:53,Week 1,35,6+ hours,5,4,Sometimes,"ChatGPT, Claude",6 – 10,5,"Mobile-only access, Health / stress issues",4,2,False,85.0,Slightly better,YouTube,2026-02-03 11:18:21,Karnataka,State University,BBA,3rd Year,7.0 – 8.0,2 – 4 hours,"YouTube, Coursera / Udemy / edX",2,,,,,,,,
1991,ace8e293cc91c35e822f9101bc4e97d2ad904d1e130b4402fd6a6642f245665e,2026-02-03 12:53:19,Week 1,15,0 – 2 hours,2,1,Never,NaN,0,1,Poor internet,2,4,False,,About the same,"YouTube, Physical Notes",2026-02-23 10:12:43,Kerala,State University,B.Tech,2nd Year,6.0 – 7.0,0 – 2 hours,"NPTEL / SWAYAM, Notion / Anki / Obsidian",2,,,,,,,,
1992,f5df30de694992a770d857d674587e781574c81ffc40be127f93b6a3d3a95f48,2026-02-03 12:55:32,Week 1,25,2 – 4 hours,3,3,Often,ChatGPT,3 – 6,3,NaN,3,3,False,78.0,Slightly better,"YouTube, Coursera / Udemy / edX, College LMS",2026-02-23 10:05:11,Andhra Pradesh,State University,B.Sc,3rd Year,Prefer not to say,2 – 4 hours,"YouTube, Coursera / Udemy / edX, Notion / Anki / Obsidian, WhatsApp / Telegram, Physical notes",5,,,,,,,,
1993,384ceb85e96e6aa2ecda396e81a782b00f64a547b8639cec5570f556cec3c71d,2026-02-03 17:14:22,Week 3,30,2 – 4 hours,3,2,Often,"ChatGPT, Google Gemini, GitHub Copilot",10+,5,Health / stress issues,4,5,False,,Slightly better,"YouTube, College LMS",2026-02-23 10:05:39,Kerala,Private University,B.Com,2nd Year,8.0 – 9.0,4 – 6 hours,"NPTEL / SWAYAM, Coursera / Udemy / edX, College LMS, Physical notes",4,,,,,,,,
1994,f8ecea41f5799921e46e5d82b8d41d92dba1fca7a66ca63506cc3c0aab382672,2026-02-05 21:45:35,Week 1,0,4 – 6 hours,3,3,Sometimes,"ChatGPT, Google Gemini, Claude, Perplexity AI, Canva AI",1 – 3,3,NaN,3,3,False,,About the same,"YouTube, NPTEL / SWAYAM, Coursera / Udemy / edX, College LMS, WhatsApp / Telegram (for study purposes)",2026-01-27 17:56:30,Uttar Pradesh,Central University,B.Tech,4th Year,7.0 – 8.0,4 – 6 hours,"YouTube, NPTEL / SWAYAM, Coursera / Udemy / edX, ChatGPT / AI tools, Notion / Anki / Obsidian",5,,,,,,,,
1995,b9c03c59028b4485073ac377b7c14dfe728898b0dccd931ebc2eea5d5b1d746a,2026-02-05 21:49:41,Week 1,10,0 – 2 hours,5,3,Sometimes,"ChatGPT, Google Gemini, Microsoft Copilot, Perplexity AI, GitHub Copilot, Canva AI, Khanmigo (Khan Academy AI)",1 – 3,3,"Poor internet, Mobile-only access, No quiet study space",3,5,False,94.0,Much better,"YouTube, NPTEL / SWAYAM, Coursera / Udemy / edX, College LMS, Notion / Anki / Obsidian, WhatsApp / Telegram (for study purposes), Physical Notes",2025-12-27 14:52:29,Tamil Nadu,Central University,B.Tech,3rd Year,8.0 – 9.0,2 – 4 hours,"ChatGPT / AI tools, College LMS, WhatsApp / Telegram",3,,,,,,,,
1996,1dd2975d45d1e27948cae456e3827e3b50778c013fecee985fb0422f4a492ba2,2026-02-05 21:53:36,Week 1,70,2 – 4 hours,1,1,Sometimes,ChatGPT,10+,3,NaN,2,1,False,,Slightly better,"YouTube, WhatsApp / Telegram (for study purposes)",2026-02-19 13:17:59,Andhra Pradesh,State University,B.Tech,2nd Year,7.0 – 8.0,6+ hours,"YouTube, NPTEL / SWAYAM, Coursera / Udemy / edX, ChatGPT / AI tools, Notion / Anki / Obsidian, College LMS, WhatsApp / Telegram, Physical notes",8,,,,,,,,
1997,81ddebb1fc0e6b009a5655dea87854093d1374914f03d128e615c955c9007504,2026-02-05 22:29:26,Week 1,0,0 – 2 hours,1,1,Never,"ChatGPT, Google Gemini, Microsoft Copilot",1 – 3,3,"Poor internet, Mobile-only access, No quiet study space, Health / stress issues",1,4,False,70.0,About the same,YouTube,2026-01-12 20:20:23,Tamil Nadu,Private University,B.Tech,3rd Year,7.0 – 8.0,2 – 4 hours,"YouTube, ChatGPT / AI tools, WhatsApp / Telegram, Physical notes only",4,,,,,,,,
1998,266344e1c50b449d6d5dbec5b4b1af3236f13cc0b97871acccf3da3697283f82,2026-02-08 10:09:09,Week 2,1,0 – 2 hours,4,1,Never,"ChatGPT, Google Gemini",3 – 6,5,NaN,5,5,False,,About the same,WhatsApp / Telegram (for study purposes),2026-01-16 12:24:26,Tamil Nadu,Private University,B.Tech,3rd Year,9.0+,2 – 4 hours,"YouTube, ChatGPT / AI tools, Notion / Anki / Obsidian, WhatsApp / Telegram",4,,,,,,,,
1999,f72f420debc36def28125c58c71822ce49043914a9406e73923965f87c8cb669,2026-02-16 08:39:48,Week 3,4,0 – 2 hours,3,1,Never,ChatGPT,6 – 10,4,NaN,4,3,False,,About the same,"YouTube, WhatsApp / Telegram (for study purposes)",2026-01-12 23:37:58,Karnataka,Private University,BA,3rd Year,8.0 – 9.0,0 – 2 hours,"YouTube, ChatGPT / AI tools, WhatsApp / Telegram, Physical notes only",4,,,,,,,,
2000,b319601b117de5d02e9d335f82997ad5d2c20f041b094bdd7a67411b8ad1543b,2026-02-19 09:15:03,Week 2,6,0 – 2 hours,3,3,Rarely,"ChatGPT, Google Gemini, Claude",1 – 3,4,"Poor internet, No quiet study space",4,4,False,80.0,Slightly better,"YouTube, WhatsApp / Telegram (for study purposes), Physical Notes",2026-01-31 11:34:19,Tamil Nadu,State University,B.Tech,4th Year,8.0 – 9.0,0 – 2 hours,"YouTube, ChatGPT / AI tools, WhatsApp / Telegram",3,,,,,,,,
2001,32b68dc8923730efba7e69129bcc4d5555495cc9359174e99e3d50570ce6de44,2026-02-19 09:18:05,Week 3,5,0 – 2 hours,2,2,Rarely,"ChatGPT, Google Gemini",1 – 3,2,"Poor internet, No quiet study space, Health / stress issues",2,4,False,60.0,Slightly worse,"NPTEL / SWAYAM, WhatsApp / Telegram (for study purposes), Physical Notes",2026-01-31 14:55:58,Kerala,State University,B.Sc,1st Year,7.0 – 8.0,0 – 2 hours,"YouTube, ChatGPT / AI tools, College LMS, WhatsApp / Telegram",4,,,,,,,,
2002,2b17d11e7d9c1af7a7fed72e60e90a5ee797f0b6e0cc8645592f6fdc2ad13cd2,2026-02-19 09:19:09,Week 3,6,0 – 2 hours,3,3,Never,"ChatGPT, Google Gemini, Claude, Perplexity AI, GitHub Copilot",3 – 6,3,"Poor internet, No quiet study space",3,3,False,,About the same,"YouTube, Notion / Anki / Obsidian, WhatsApp / Telegram (for study purposes), Physical Notes",2026-01-31 18:51:00,Tamil Nadu,State University,B.Tech,1st Year,6.0 – 7.0,2 – 4 hours,"YouTube, Coursera / Udemy / edX, ChatGPT / AI tools, Notion / Anki / Obsidian, WhatsApp / Telegram",5,,,,,,,,
2003,8ded4921661c4a18e633a572258dbd0f9a2c004f4aa3e9e2057a670d47566de6,2026-02-19 09:20:04,Week 4,7,2 – 4 hours,3,4,Never,"ChatGPT, Google Gemini, Microsoft Copilot, Claude, Perplexity AI",1 – 3,3,Poor internet,3,4,False,,About the same,"YouTube, WhatsApp / Telegram (for study purposes), Physical Notes",2026-02-03 11:19:03,Kerala,Private University,B.Sc,3rd Year,Prefer not to say,2 – 4 hours,"NPTEL / SWAYAM, WhatsApp / Telegram, Physical notes",3,,,,,,,,
2004,27d91473394ea1f8f97a8f1740492902f4ab1abbfe0b003e4536904eaba6dca0,2026-02-19 09:21:21,Week 4,7,2 – 4 hours,3,3,Never,"ChatGPT, Google Gemini, GitHub Copilot",1 – 3,2,Health / stress issues,2,3,False,70.0,About the same,"YouTube, WhatsApp / Telegram (for study purposes), Physical Notes",2026-01-31 18:43:28,Tamil Nadu,IIT / NIT,B.Tech,3rd Year,7.0 – 8.0,2 – 4 hours,"YouTube, NPTEL / SWAYAM, Coursera / Udemy / edX, ChatGPT / AI tools, Notion / Anki / Obsidian, College LMS, WhatsApp / Telegram, Physical notes",8,,,,,,,,
2005,e14fc3506630213cf4dbb3dddf035e19aad46cfaf81f1761b7791f1f48a64d67,2026-02-19 09:22:29,Week 4,5,0 – 2 hours,1,1,Never,ChatGPT,1 – 3,2,Poor internet,2,2,False,,Slightly worse,YouTube,2026-02-02 12:45:31,Madhya Pradesh,Central University,B.Tech,3rd Year,8.0 – 9.0,2 – 4 hours,"ChatGPT / AI tools, WhatsApp / Telegram",2,,,,,,,,
2006,bed0f2897fdcff9c379616ea83849b1ca59a967db6315c91cd8fcf4fcf4c7216,2026-02-19 09:23:22,Week 4,8,2 – 4 hours,4,4,Never,"ChatGPT, Google Gemini, Microsoft Copilot, Claude, GitHub Copilot",3 – 6,4,Poor internet,4,4,False,60.0,Slightly better,"YouTube, WhatsApp / Telegram (for study purposes), Physical Notes",2026-01-31 18:46:23,Andhra Pradesh,State University,B.Sc,2nd Year,7.0 – 8.0,2 – 4 hours,"YouTube, NPTEL / SWAYAM, WhatsApp / Telegram",3,,,,,,,,
2007,81ddebb1fc0e6b009a5655dea87854093d1374914f03d128e615c955c9007504,2026-02-22 21:39:27,Week 4,6,0 – 2 hours,5,1,Never,ChatGPT,3 – 6,4,Health / stress issues,3,3,False,80.0,Slightly worse,"WhatsApp / Telegram (for study purposes), Physical Notes",2026-01-12 20:20:23,Tamil Nadu,Private University,B.Tech,3rd Year,7.0 – 8.0,2 – 4 hours,"YouTube, ChatGPT / AI tools, WhatsApp / Telegram, Physical notes only",4,,,,,,,,
2008,c4fc9686cc1b927682fbf989fe97901e479c7d5a214ce073d7cc6062f4682ed6,2026-02-23 10:18:52,Week 1,20,2 – 4 hours,3,3,Sometimes,"ChatGPT, Google Gemini, Microsoft Copilot, Claude, Perplexity AI, Grammarly, GitHub Copilot",3 – 6,4,"Poor internet, Mobile-only access, No quiet study space, Health / stress issues",2,2,False,,About the same,"YouTube, NPTEL / SWAYAM, Coursera / Udemy / edX, College LMS, WhatsApp / Telegram (for study purposes)",2026-02-23 10:06:40,Andhra Pradesh,Private University,B.Com,3rd Year,6.0 – 7.0,0 – 2 hours,"Coursera / Udemy / edX, ChatGPT / AI tools, Notion / Anki / Obsidian, WhatsApp / Telegram",4,,,,,,,,
2009,a0844c331d7454600df29956fea1f640e9035aa0e376172eded377ff472dedbe,2026-02-23 10:19:54,Week 1,30,2 – 4 hours,3,3,Often,"ChatGPT, Microsoft Copilot, Perplexity AI, Grammarly, QuillBot, Codeium, Tabnine",3 – 6,4,"Poor internet, No quiet study space, Health / stress issues, None",5,4,False,50.0,About the same,"NPTEL / SWAYAM, College LMS, Notion / Anki / Obsidian",2026-01-31 18:46:52,Karnataka,Central University,B.Sc,1st Year,7.0 – 8.0,2 – 4 hours,"NPTEL / SWAYAM, Coursera / Udemy / edX, ChatGPT / AI tools, College LMS, WhatsApp / Telegram, Physical notes",6,,,,,,,,
2010,e14fc3506630213cf4dbb3dddf035e19aad46cfaf81f1761b7791f1f48a64d67,2026-02-23 10:20:56,Week 1,35,4 – 6 hours,4,4,Often,"ChatGPT, Google Gemini, Microsoft Copilot, Perplexity AI, Grammarly, QuillBot",6 – 10,4,"Poor internet, No quiet study space, Health / stress issues",3,4,False,75.0,Slightly better,"YouTube, NPTEL / SWAYAM, Coursera / Udemy / edX, College LMS, Physical Notes",2026-02-02 12:45:31,Madhya Pradesh,Central University,B.Tech,3rd Year,8.0 – 9.0,2 – 4 hours,"ChatGPT / AI tools, WhatsApp / Telegram",2,,,,,,,,
2011,bed0f2897fdcff9c379616ea83849b1ca59a967db6315c91cd8fcf4fcf4c7216,2026-02-23 10:22:44,Week 1,30,4 – 6 hours,3,3,Sometimes,"ChatGPT, Google Gemini, Microsoft Copilot, Claude, Notion AI, GitHub Copilot, Codeium",3 – 6,4,"Mobile-only access, No quiet study space",2,3,False,,About the same,"NPTEL / SWAYAM, College LMS, Notion / Anki / Obsidian, WhatsApp / Telegram (for study purposes)",2026-01-31 18:46:23,Andhra Pradesh,State University,B.Sc,2nd Year,7.0 – 8.0,2 – 4 hours,"YouTube, NPTEL / SWAYAM, WhatsApp / Telegram",3,,,,,,,,
2012,f90ab6deefe14d178606a393182b36cdc645169d692772666b9c29214c2a4e40,2026-02-23 10:23:43,Week 1,40,4 – 6 hours,2,2,Never,"ChatGPT, Google Gemini, Microsoft Copilot, Claude, Perplexity AI, Grammarly, QuillBot, Notion AI, Jasper AI, GitHub Copilot, Codeium, Replit AI, Tabnine",3 – 6,3,No quiet study space,3,4,False,59.0,Slightly worse,"YouTube, NPTEL / SWAYAM, College LMS, Notion / Anki / Obsidian, WhatsApp / Telegram (for study purposes)",2026-02-05 21:56:57,Telangana,Private University,B.Tech,3rd Year,7.0 – 8.0,0 – 2 hours,"ChatGPT / AI tools, WhatsApp / Telegram",2,,,,,,,,
2013,132137538b93be89ed6c9815b322a7a0f58530b8c229d1809265140f5cb8c398,2026-02-23 10:35:09,Week 2,45,4 – 6 hours,4,2,Rarely,"ChatGPT, Google Gemini, Microsoft Copilot, Claude, Perplexity AI, Grammarly, Jasper AI, Tabnine, Canva AI, Adobe Firefly",6 – 10,4,Mobile-only access,4,4,False,80.0,Slightly better,"YouTube, Coursera / Udemy / edX, Notion / Anki / Obsidian, Physical Notes",2026-01-13 19:44:22,Tamil Nadu,Deemed University,B.Tech,3rd Year,7.0 – 8.0,2 – 4 hours,"YouTube, ChatGPT / AI tools",2,,,,,,,,
2014,6cdee50dedfbbd1a46317cf81321165ab42071b577d2f1514daac32cb4160095,2026-02-23 10:35:57,Week 2,50,4 – 6 hours,2,2,Rarely,"ChatGPT, Google Gemini, Microsoft Copilot, Claude, Grammarly, Jasper AI, Codeium, Replit AI, DALL·E, Adobe Firefly, Khanmigo (Khan Academy AI)",6 – 10,4,NaN,4,3,False,90.0,Slightly better,"YouTube, NPTEL / SWAYAM, Coursera / Udemy / edX, College LMS, Notion / Anki / Obsidian",2026-02-02 12:39:28,Gujarat,Private University,B.Tech,3rd Year,8.0 – 9.0,6+ hours,NaN,1,,,,,,,,
2015,8ded4921661c4a18e633a572258dbd0f9a2c004f4aa3e9e2057a670d47566de6,2026-02-23 10:36:55,Week 2,60,6+ hours,3,3,Sometimes,"ChatGPT, Google Gemini, Microsoft Copilot, Claude, Grammarly, QuillBot, Jasper AI, Codeium, Tabnine, Canva AI, Adobe Firefly",10+,5,Health / stress issues,5,5,False,80.0,Slightly better,"YouTube, NPTEL / SWAYAM, Coursera / Udemy / edX, College LMS, Notion / Anki / Obsidian, WhatsApp / Telegram (for study purposes), Physical Notes",2026-02-03 11:19:03,Kerala,Private University,B.Sc,3rd Year,Prefer not to say,2 – 4 hours,"NPTEL / SWAYAM, WhatsApp / Telegram, Physical notes",3,,,,,,,,
2016,c4fc9686cc1b927682fbf989fe97901e479c7d5a214ce073d7cc6062f4682ed6,2026-02-23 10:37:44,Week 2,70,6+ hours,3,3,Sometimes,"ChatGPT, Google Gemini, Microsoft Copilot, Claude, Perplexity AI, Grammarly, QuillBot, Notion AI, Codeium, Replit AI, Canva AI, DALL·E, Midjourney, Adobe Firefly",6 – 10,4,"Poor internet, No quiet study space, Health / stress issues",5,4,False,,About the same,"YouTube, NPTEL / SWAYAM, Coursera / Udemy / edX, College LMS, Notion / Anki / Obsidian, WhatsApp / Telegram (for study purposes), Physical Notes",2026-02-23 10:06:40,Andhra Pradesh,Private University,B.Com,3rd Year,6.0 – 7.0,0 – 2 hours,"Coursera / Udemy / edX, ChatGPT / AI tools, Notion / Anki / Obsidian, WhatsApp / Telegram",4,,,,,,,,
2017,74d72de1f5b196019d5bbe209db2b90401f5ea949cebbdda60ac6b0f71acb482,2026-02-23 10:38:39,Week 2,60,6+ hours,3,3,Often,"ChatGPT, Google Gemini, Microsoft Copilot, Claude, Perplexity AI, Grammarly, Jasper AI, GitHub Copilot, Canva AI",6 – 10,3,NaN,4,4,False,75.0,Much better,"YouTube, NPTEL / SWAYAM, Coursera / Udemy / edX, College LMS, Notion / Anki / Obsidian, WhatsApp / Telegram (for study purposes), Physical Notes",2026-02-02 12:43:28,Madhya Pradesh,Central University,B.Tech,2nd Year,6.0 – 7.0,2 – 4 hours,"YouTube, ChatGPT / AI tools",2,,,,,,,,
2018,781a9f368166d71405348c3b65fa0645e7cab12d017be1e369eb8d7a5cd5fb1d,2026-02-23 10:40:54,Week 2,70,6+ hours,4,1,Often,"ChatGPT, Google Gemini, Microsoft Copilot, Claude, Perplexity AI, Grammarly, QuillBot, Notion AI, GitHub Copilot, DALL·E",10+,4,Health / stress issues,4,4,False,85.0,About the same,"YouTube, NPTEL / SWAYAM, Coursera / Udemy / edX, College LMS, Notion / Anki / Obsidian, WhatsApp / Telegram (for study purposes), Physical Notes",2026-02-02 12:40:04,Maharashtra,IIT / NIT,B.Com,4th Year,7.0 – 8.0,2 – 4 hours,"YouTube, NPTEL / SWAYAM, Coursera / Udemy / edX, ChatGPT / AI tools, Notion / Anki / Obsidian, College LMS, WhatsApp / Telegram, Physical notes",8,,,,,,,,
2019,e9f047d3c2da21e5de56f3abab5c156cedf45843e25e1cc9c00e542a0848fb89,2026-02-23 10:42:01,Week 2,65,6+ hours,4,2,Sometimes,"ChatGPT, Google Gemini, Microsoft Copilot, Claude, Perplexity AI, Grammarly, QuillBot, Notion AI, Codeium",6 – 10,4,Health / stress issues,3,3,False,70.0,Much better,"YouTube, NPTEL / SWAYAM, Coursera / Udemy / edX, College LMS, Notion / Anki / Obsidian, WhatsApp / Telegram (for study purposes), Physical Notes",2026-02-23 10:04:41,Andhra Pradesh,Central University,B.Tech,2nd Year,7.0 – 8.0,0 – 2 hours,"YouTube, NPTEL / SWAYAM, Coursera / Udemy / edX, Notion / Anki / Obsidian, WhatsApp / Telegram",5,,,,,,,,
2020,c4fc9686cc1b927682fbf989fe97901e479c7d5a214ce073d7cc6062f4682ed6,2026-02-23 10:42:59,Week 2,55,6+ hours,5,5,Always,"ChatGPT, Google Gemini, Microsoft Copilot, Claude, Perplexity AI, Grammarly, QuillBot, Jasper AI, GitHub Copilot, Replit AI",10+,5,No quiet study space,5,5,False,80.0,Slightly better,"YouTube, NPTEL / SWAYAM, Coursera / Udemy / edX, College LMS, WhatsApp / Telegram (for study purposes)",2026-02-23 10:06:40,Andhra Pradesh,Private University,B.Com,3rd Year,6.0 – 7.0,0 – 2 hours,"Coursera / Udemy / edX, ChatGPT / AI tools, Notion / Anki / Obsidian, WhatsApp / Telegram",4,,,,,,,,
2021,63c23cf4b390284f3ce1175699f5efa501022ba212fe21be99dc9e2d21deebbf,2026-02-23 10:44:12,Week 2,50,6+ hours,5,2,Sometimes,"ChatGPT, Google Gemini, Microsoft Copilot, Claude, Perplexity AI, Grammarly, Notion AI, Codeium, Tabnine, Canva AI",10+,5,Mobile-only access,5,4,False,66.0,Slightly worse,"YouTube, NPTEL / SWAYAM, Coursera / Udemy / edX, College LMS, Notion / Anki / Obsidian, WhatsApp / Telegram (for study purposes), Physical Notes",2026-02-02 12:38:59,Rajasthan,State University,B.Sc,2nd Year,7.0 – 8.0,4 – 6 hours,"Coursera / Udemy / edX, ChatGPT / AI tools, Notion / Anki / Obsidian, College LMS, Physical notes",5,,,,,,,,
2022,132137538b93be89ed6c9815b322a7a0f58530b8c229d1809265140f5cb8c398,2026-02-23 10:45:06,Week 2,60,6+ hours,5,3,Sometimes,"ChatGPT, Google Gemini, Microsoft Copilot, Claude, Perplexity AI, Grammarly, QuillBot, Notion AI, GitHub Copilot, Replit AI, Canva AI, Adobe Firefly",6 – 10,4,"Poor internet, No quiet study space",5,4,False,56.0,Much worse,"YouTube, NPTEL / SWAYAM, Coursera / Udemy / edX, College LMS, Notion / Anki / Obsidian, WhatsApp / Telegram (for study purposes), Physical Notes",2026-01-13 19:44:22,Tamil Nadu,Deemed University,B.Tech,3rd Year,7.0 – 8.0,2 – 4 hours,"YouTube, ChatGPT / AI tools",2,,,,,,,,
2023,b319601b117de5d02e9d335f82997ad5d2c20f041b094bdd7a67411b8ad1543b,2026-02-23 10:46:14,Week 2,56,6+ hours,5,2,Sometimes,"ChatGPT, Google Gemini, Microsoft Copilot, Claude, Perplexity AI, Grammarly, QuillBot, Notion AI",10+,4,"Poor internet, Mobile-only access",3,3,False,60.0,Slightly worse,"YouTube, NPTEL / SWAYAM, Coursera / Udemy / edX, College LMS, Notion / Anki / Obsidian, WhatsApp / Telegram (for study purposes), Physical Notes",2026-01-31 11:34:19,Tamil Nadu,State University,B.Tech,4th Year,8.0 – 9.0,0 – 2 hours,"YouTube, ChatGPT / AI tools, WhatsApp / Telegram",3,,,,,,,,
2024,219d4ac6903fffab5ab1d64d6ed0b331adcc691f0e116fb7f62cefba91f7b0ec,2026-02-23 10:47:04,Week 2,60,4 – 6 hours,4,5,Sometimes,"ChatGPT, Google Gemini, Microsoft Copilot, Claude, Perplexity AI, Grammarly, QuillBot, Notion AI, Jasper AI",10+,5,Poor internet,5,5,False,75.0,About the same,"YouTube, College LMS, WhatsApp / Telegram (for study purposes), Physical Notes",2025-12-26 18:34:24,Andhra Pradesh,Private University,B.Tech,3rd Year,9.0+,0 – 2 hours,ChatGPT / AI tools,1,,,,,,,,
2025,219d4ac6903fffab5ab1d64d6ed0b331adcc691f0e116fb7f62cefba91f7b0ec,2026-02-23 10:48:16,Week 2,45,4 – 6 hours,5,3,Often,"ChatGPT, Google Gemini, Claude, Perplexity AI, Grammarly",6 – 10,4,Poor internet,5,4,False,90.0,Slightly better,"YouTube, NPTEL / SWAYAM, College LMS, WhatsApp / Telegram (for study purposes)",2025-12-26 18:34:24,Andhra Pradesh,Private University,B.Tech,3rd Year,9.0+,0 – 2 hours,ChatGPT / AI tools,1,,,,,,,,
2026,d2db0cecaf1edf2f34e8fcb492052acd27453600c6cc493e25700d9c3b289761,2026-02-23 10:49:33,Week 3,20,2 – 4 hours,2,2,Rarely,"ChatGPT, Google Gemini",3 – 6,3,Poor internet,2,2,False,,Slightly worse,"YouTube, WhatsApp / Telegram (for study purposes)",2026-02-02 12:56:07,Uttar Pradesh,IIT / NIT,Other,2nd Year,Prefer not to say,2 – 4 hours,"YouTube, Coursera / Udemy / edX",2,,,,,,,,
2027,caf626adf6b1139006e560ca8cc80b33ca449dfd93d89557b2b5dca8a09ea07f,2026-02-23 11:07:02,Week 3,40,4 – 6 hours,3,3,Sometimes,"ChatGPT, Google Gemini, Microsoft Copilot, Claude, Perplexity AI, Grammarly",3 – 6,2,NaN,3,3,False,,Slightly worse,"YouTube, College LMS, Notion / Anki / Obsidian",2026-02-23 10:06:05,Karnataka,Private University,BA,3rd Year,7.0 – 8.0,2 – 4 hours,"YouTube, NPTEL / SWAYAM, Coursera / Udemy / edX, ChatGPT / AI tools, Notion / Anki / Obsidian, WhatsApp / Telegram",6,,,,,,,,
2028,132137538b93be89ed6c9815b322a7a0f58530b8c229d1809265140f5cb8c398,2026-02-23 11:07:50,Week 3,30,2 – 4 hours,2,2,Rarely,"ChatGPT, Google Gemini, Perplexity AI, Grammarly",1 – 3,2,NaN,3,3,False,,Slightly worse,"YouTube, NPTEL / SWAYAM, Coursera / Udemy / edX, College LMS",2026-01-13 19:44:22,Tamil Nadu,Deemed University,B.Tech,3rd Year,7.0 – 8.0,2 – 4 hours,"YouTube, ChatGPT / AI tools",2,,,,,,,,
2029,97b26b3698560201c1218be1d50871d93f4ae1f4a79deeb268b0ba686e43fdeb,2026-02-23 11:08:32,Week 3,30,4 – 6 hours,2,2,Sometimes,"ChatGPT, Google Gemini, Microsoft Copilot, Claude, Perplexity AI",1 – 3,2,Poor internet,2,2,False,,Much worse,"YouTube, NPTEL / SWAYAM, Coursera / Udemy / edX, College LMS",2025-12-26 07:18:01,Tamil Nadu,Deemed University,B.Tech,3rd Year,8.0 – 9.0,0 – 2 hours,"ChatGPT / AI tools, College LMS, WhatsApp / Telegram",3,,,,,,,,
2030,e8386eec4c2f671d625ec0a877e0c9af57a196443df6751cfd908bc4bb188c51,2026-02-23 11:09:19,Week 3,30,2 – 4 hours,3,3,Sometimes,"ChatGPT, Google Gemini, Microsoft Copilot, Claude, Perplexity AI, QuillBot",1 – 3,3,NaN,3,3,False,,About the same,"YouTube, NPTEL / SWAYAM, Coursera / Udemy / edX, College LMS",2026-01-31 18:42:45,Kerala,State University,B.Com,2nd Year,Prefer not to say,2 – 4 hours,"YouTube, NPTEL / SWAYAM, Coursera / Udemy / edX, Notion / Anki / Obsidian, Physical notes",5,,,,,,,,
2031,a091d9857e1b26dac9ad43d43de3cfab7f19df9cadb73e095b0b4a74a5e9bc3d,2026-02-23 11:12:41,Week 3,20,2 – 4 hours,3,3,Sometimes,"ChatGPT, Google Gemini, Microsoft Copilot, Claude, Perplexity AI, Grammarly, QuillBot",1 – 3,3,Health / stress issues,2,2,False,,Slightly worse,"YouTube, NPTEL / SWAYAM, Coursera / Udemy / edX, College LMS, Notion / Anki / Obsidian",2026-01-27 19:47:23,Tamil Nadu,Deemed University,B.Tech,4th Year,9.0+,0 – 2 hours,"YouTube, ChatGPT / AI tools, WhatsApp / Telegram",3,,,,,,,,
2032,3d83828233d057f5e1e37a4c9e784850077d6638768e69b0f6b5d4e5e2dfc994,2026-02-23 11:13:20,Week 3,20,2 – 4 hours,2,2,Rarely,"ChatGPT, Google Gemini, Microsoft Copilot, Claude",1 – 3,2,NaN,3,2,False,,About the same,"YouTube, Coursera / Udemy / edX, Notion / Anki / Obsidian",2026-01-12 21:41:37,Tamil Nadu,Private University,B.Tech,3rd Year,8.0 – 9.0,0 – 2 hours,"YouTube, ChatGPT / AI tools",2,,,,,,,,
2033,ef4aca4b5a9ddc8cfe1cda04eef5cb540a47e603dac29e3f59b7bdd1a387191d,2026-02-23 11:14:00,Week 4,10,0 – 2 hours,1,1,Never,"ChatGPT, Google Gemini",1 – 3,2,Poor internet,1,1,False,,Much worse,"YouTube, Coursera / Udemy / edX",2026-02-02 12:52:17,Maharashtra,Private University,B.Tech,Others,6.0 – 7.0,2 – 4 hours,"YouTube, ChatGPT / AI tools",2,,,,,,,,
2034,97b26b3698560201c1218be1d50871d93f4ae1f4a79deeb268b0ba686e43fdeb,2026-02-24 12:14:09,Week 2,50,6+ hours,4,4,Sometimes,"ChatGPT, Google Gemini, Microsoft Copilot, Claude, Grammarly, QuillBot, Notion AI, Midjourney, Adobe Firefly, Khanmigo (Khan Academy AI)",6 – 10,5,"Poor internet, Mobile-only access, Health / stress issues",3,3,False,60.0,About the same,"YouTube, NPTEL / SWAYAM, Coursera / Udemy / edX, College LMS, Notion / Anki / Obsidian, WhatsApp / Telegram (for study purposes)",2025-12-26 07:18:01,Tamil Nadu,Deemed University,B.Tech,3rd Year,8.0 – 9.0,0 – 2 hours,"ChatGPT / AI tools, College LMS, WhatsApp / Telegram",3,,,,,,,,
2035,27d91473394ea1f8f97a8f1740492902f4ab1abbfe0b003e4536904eaba6dca0,2026-02-24 12:16:26,Week 2,40,4 – 6 hours,3,3,Sometimes,"ChatGPT, Google Gemini, Microsoft Copilot, Claude, Perplexity AI, Grammarly, QuillBot, GitHub Copilot, Codeium",6 – 10,4,"Poor internet, Mobile-only access, No quiet study space",3,3,False,70.0,Slightly better,"YouTube, NPTEL / SWAYAM, Coursera / Udemy / edX, College LMS, Notion / Anki / Obsidian, Physical Notes",2026-01-31 18:43:28,Tamil Nadu,IIT / NIT,B.Tech,3rd Year,7.0 – 8.0,2 – 4 hours,"YouTube, NPTEL / SWAYAM, Coursera / Udemy / edX, ChatGPT / AI tools, Notion / Anki / Obsidian, College LMS, WhatsApp / Telegram, Physical notes",8,,,,,,,,
2036,ad04e596e1af01ab238040c91de85cefe7f49fb2aabec57135e928a5ee02305e,2026-02-25 23:11:19,Week 3,4,2 – 4 hours,3,3,Sometimes,"ChatGPT, Microsoft Copilot, QuillBot",1 – 3,3,No quiet study space,3,3,False,,Slightly worse,YouTube,2026-02-02 13:10:08,Karnataka,IIT / NIT,BBA,Others,7.0 – 8.0,2 – 4 hours,"YouTube, NPTEL / SWAYAM",2,,,,,,,,
2037,132137538b93be89ed6c9815b322a7a0f58530b8c229d1809265140f5cb8c398,2026-02-26 00:09:17,Week 3,2,0 – 2 hours,2,2,Rarely,ChatGPT,1 – 3,2,Poor internet,2,2,False,,Slightly worse,NaN,2026-01-13 19:44:22,Tamil Nadu,Deemed University,B.Tech,3rd Year,7.0 – 8.0,2 – 4 hours,"YouTube, ChatGPT / AI tools",2,,,,,,,,
2038,5e849a6892d6df48c1362529cab706d619efa96a172b3f715bc1f5ccd5ca61ec,2026-02-26 00:14:22,Week 2,9,6+ hours,5,5,Often,"ChatGPT, Google Gemini, Claude",3 – 6,4,NaN,4,5,False,,Much better,"YouTube, WhatsApp / Telegram (for study purposes), Physical Notes",2026-02-02 13:01:28,Uttar Pradesh,IIT / NIT,BA,Others,8.0 – 9.0,2 – 4 hours,"YouTube, ChatGPT / AI tools",2,,,,,,,,
2039,9c37b8db9c39e670e8422cf5afe252221762450c6f3d1f72c8ef3cdfe0a584e6,2026-02-26 00:14:46,Week 1,68,4 – 6 hours,4,4,Often,"ChatGPT, Google Gemini, Microsoft Copilot, Claude, Perplexity AI",10+,5,NaN,4,4,False,,Slightly better,YouTube,2026-02-23 10:10:44,Tamil Nadu,State University,B.Sc,2nd Year,7.0 – 8.0,2 – 4 hours,"YouTube, NPTEL / SWAYAM, Coursera / Udemy / edX, ChatGPT / AI tools, College LMS",5,,,,,,,,
2040,86b1b7c8fd97ac6aa33f3f67e3c3652ee35ae2226cc4798385726481eea05f57,2026-02-26 00:16:28,Week 2,68,6+ hours,5,5,Always,"ChatGPT, Google Gemini, Microsoft Copilot, Claude, Perplexity AI",10+,5,NaN,5,5,False,80.0,Much better,"YouTube, College LMS, WhatsApp / Telegram (for study purposes), Physical Notes",2026-01-31 18:50:27,Tamil Nadu,Central University,B.Tech,1st Year,7.0 – 8.0,0 – 2 hours,"YouTube, ChatGPT / AI tools, College LMS, WhatsApp / Telegram",4,,,,,,,,
2041,2b17d11e7d9c1af7a7fed72e60e90a5ee797f0b6e0cc8645592f6fdc2ad13cd2,2026-02-26 00:17:35,Week 3,50,4 – 6 hours,3,3,Sometimes,ChatGPT,3 – 6,4,NaN,2,2,False,,Slightly worse,YouTube,2026-01-31 18:51:00,Tamil Nadu,State University,B.Tech,1st Year,6.0 – 7.0,2 – 4 hours,"YouTube, Coursera / Udemy / edX, ChatGPT / AI tools, Notion / Anki / Obsidian, WhatsApp / Telegram",5,,,,,,,,
2042,16a56bf3b362259b32e3bc7d18a95d94213241560809ad3c4d5ddba644365acb,2026-02-26 00:18:16,Week 4,2,0 – 2 hours,2,2,Rarely,NaN,0,1,NaN,1,1,False,,Much worse,NaN,2026-02-19 13:19:58,Tamil Nadu,State University,B.Sc,2nd Year,8.0 – 9.0,2 – 4 hours,"YouTube, NPTEL / SWAYAM, Coursera / Udemy / edX, ChatGPT / AI tools, Notion / Anki / Obsidian",5,,,,,,,,
2043,522e39ae01bce33e97b085b9517a3680984adf0d38e718487e3314eb74127ab2,2026-02-26 00:18:30,Week 4,40,2 – 4 hours,3,3,Never,ChatGPT,1 – 3,3,NaN,3,1,False,,Much worse,YouTube,2026-01-31 18:48:52,Tamil Nadu,State University,B.Tech,2nd Year,Below 6.0,0 – 2 hours,"YouTube, ChatGPT / AI tools, WhatsApp / Telegram",3,,,,,,,,
2044,781a9f368166d71405348c3b65fa0645e7cab12d017be1e369eb8d7a5cd5fb1d,2026-02-26 09:56:15,Week 1,67,6+ hours,4,4,Often,"ChatGPT, Google Gemini, Microsoft Copilot, Claude, Perplexity AI",6 – 10,4,NaN,4,4,False,,Slightly better,"YouTube, College LMS, WhatsApp / Telegram (for study purposes), Physical Notes",2026-02-02 12:40:04,Maharashtra,IIT / NIT,B.Com,4th Year,7.0 – 8.0,2 – 4 hours,"YouTube, NPTEL / SWAYAM, Coursera / Udemy / edX, ChatGPT / AI tools, Notion / Anki / Obsidian, College LMS, WhatsApp / Telegram, Physical notes",8,,,,,,,,
2045,81ddebb1fc0e6b009a5655dea87854093d1374914f03d128e615c955c9007504,2026-02-26 09:57:57,Week 2,69,6+ hours,5,5,Always,"ChatGPT, Google Gemini, Microsoft Copilot, Claude, Perplexity AI, Canva AI",10+,5,NaN,5,5,False,80.0,Much better,"YouTube, College LMS, WhatsApp / Telegram (for study purposes), Physical Notes",2026-01-12 20:20:23,Tamil Nadu,Private University,B.Tech,3rd Year,7.0 – 8.0,2 – 4 hours,"YouTube, ChatGPT / AI tools, WhatsApp / Telegram, Physical notes only",4,,,,,,,,
2046,caf626adf6b1139006e560ca8cc80b33ca449dfd93d89557b2b5dca8a09ea07f,2026-02-26 10:04:30,Week 3,46,4 – 6 hours,3,3,Sometimes,"ChatGPT, Microsoft Copilot",3 – 6,2,NaN,3,2,False,,Slightly worse,"YouTube, College LMS, WhatsApp / Telegram (for study purposes), Physical Notes",2026-02-23 10:06:05,Karnataka,Private University,BA,3rd Year,7.0 – 8.0,2 – 4 hours,"YouTube, NPTEL / SWAYAM, Coursera / Udemy / edX, ChatGPT / AI tools, Notion / Anki / Obsidian, WhatsApp / Telegram",6,,,,,,,,
2047,c4fc9686cc1b927682fbf989fe97901e479c7d5a214ce073d7cc6062f4682ed6,2026-02-26 10:05:56,Week 3,20,2 – 4 hours,2,2,Never,"ChatGPT, Google Gemini",1 – 3,2,NaN,2,1,False,,Slightly better,YouTube,2026-02-23 10:06:40,Andhra Pradesh,Private University,B.Com,3rd Year,6.0 – 7.0,0 – 2 hours,"Coursera / Udemy / edX, ChatGPT / AI tools, Notion / Anki / Obsidian, WhatsApp / Telegram",4,,,,,,,,
2048,132137538b93be89ed6c9815b322a7a0f58530b8c229d1809265140f5cb8c398,2026-02-26 10:07:56,Week 3,10,0 – 2 hours,1,1,Never,"ChatGPT, Google Gemini",1 – 3,2,NaN,1,1,False,,Much worse,"YouTube, College LMS",2026-01-13 19:44:22,Tamil Nadu,Deemed University,B.Tech,3rd Year,7.0 – 8.0,2 – 4 hours,"YouTube, ChatGPT / AI tools",2,,,,,,,,
2049,e9f047d3c2da21e5de56f3abab5c156cedf45843e25e1cc9c00e542a0848fb89,2026-02-26 10:07:59,Week 3,17,6+ hours,3,3,Sometimes,"ChatGPT, Perplexity AI",6 – 10,4,NaN,4,3,False,,About the same,"YouTube, WhatsApp / Telegram (for study purposes), Physical Notes",2026-02-23 10:04:41,Andhra Pradesh,Central University,B.Tech,2nd Year,7.0 – 8.0,0 – 2 hours,"YouTube, NPTEL / SWAYAM, Coursera / Udemy / edX, Notion / Anki / Obsidian, WhatsApp / Telegram",5,,,,,,,,
2050,ad04e596e1af01ab238040c91de85cefe7f49fb2aabec57135e928a5ee02305e,2026-02-26 10:09:09,Week 3,15,0 – 2 hours,1,1,Never,"ChatGPT, Google Gemini",1 – 3,2,NaN,1,1,False,,Slightly worse,"YouTube, College LMS, Physical Notes",2026-02-02 13:10:08,Karnataka,IIT / NIT,BBA,Others,7.0 – 8.0,2 – 4 hours,"YouTube, NPTEL / SWAYAM",2,,,,,,,,
2051,d2db0cecaf1edf2f34e8fcb492052acd27453600c6cc493e25700d9c3b289761,2026-02-26 10:10:18,Week 3,10,0 – 2 hours,1,1,Never,ChatGPT,1 – 3,2,NaN,1,1,False,,Much worse,YouTube,2026-02-02 12:56:07,Uttar Pradesh,IIT / NIT,Other,2nd Year,Prefer not to say,2 – 4 hours,"YouTube, Coursera / Udemy / edX",2,,,,,,,,
2052,266344e1c50b449d6d5dbec5b4b1af3236f13cc0b97871acccf3da3697283f82,2026-02-26 10:11:24,Week 3,10,0 – 2 hours,2,2,Never,"ChatGPT, Google Gemini",1 – 3,1,NaN,2,1,False,,Much worse,YouTube,2026-01-16 12:24:26,Tamil Nadu,Private University,B.Tech,3rd Year,9.0+,2 – 4 hours,"YouTube, ChatGPT / AI tools, Notion / Anki / Obsidian, WhatsApp / Telegram",4,,,,,,,,
2053,781a9f368166d71405348c3b65fa0645e7cab12d017be1e369eb8d7a5cd5fb1d,2026-02-26 10:12:20,Week 3,10,2 – 4 hours,1,1,Never,ChatGPT,1 – 3,1,NaN,1,2,False,,Slightly worse,YouTube,2026-02-02 12:40:04,Maharashtra,IIT / NIT,B.Com,4th Year,7.0 – 8.0,2 – 4 hours,"YouTube, NPTEL / SWAYAM, Coursera / Udemy / edX, ChatGPT / AI tools, Notion / Anki / Obsidian, College LMS, WhatsApp / Telegram, Physical notes",8,,,,,,,,
2054,b7c45e43b3e4defcfa15c66053995acfb95306f516892ea504b4a561e64a85b9,2026-02-26 10:13:20,Week 3,10,2 – 4 hours,1,1,Never,"ChatGPT, Google Gemini",1 – 3,2,NaN,2,1,False,,Slightly worse,YouTube,2026-01-31 18:40:13,Tamil Nadu,IIT / NIT,B.Sc,2nd Year,6.0 – 7.0,0 – 2 hours,"YouTube, NPTEL / SWAYAM, ChatGPT / AI tools",3,,,,,,,,
2055,cf47f395a464caa7ab1da1745c2d650002296d75e8eac41561b430a83f4382f8,2026-02-26 10:14:20,Week 3,10,0 – 2 hours,1,1,Never,ChatGPT,1 – 3,2,NaN,2,1,False,,Much worse,YouTube,2026-01-31 18:49:58,Tamil Nadu,Central University,B.Sc,3rd Year,7.0 – 8.0,2 – 4 hours,"YouTube, NPTEL / SWAYAM, Coursera / Udemy / edX, ChatGPT / AI tools, Notion / Anki / Obsidian",5,,,,,,,,
2056,9f7b57d47f3cd447af0a85a35c1ce5b1287d471159595088cd7493a849b93059,2026-02-26 10:14:42,Week 4,10,6+ hours,2,2,Sometimes,"ChatGPT, Google Gemini",3 – 6,4,No quiet study space,3,3,False,,About the same,"YouTube, Coursera / Udemy / edX",2026-02-02 12:38:26,Punjab,Central University,B.Tech,1st Year,6.0 – 7.0,4 – 6 hours,"YouTube, NPTEL / SWAYAM, Coursera / Udemy / edX, ChatGPT / AI tools, College LMS, WhatsApp / Telegram",6,,,,,,,,
2057,ad04e596e1af01ab238040c91de85cefe7f49fb2aabec57135e928a5ee02305e,2026-02-26 10:15:38,Week 3,8,2 – 4 hours,1,1,Never,Google Gemini,1 – 3,1,NaN,1,1,False,,Slightly worse,YouTube,2026-02-02 13:10:08,Karnataka,IIT / NIT,BBA,Others,7.0 – 8.0,2 – 4 hours,"YouTube, NPTEL / SWAYAM",2,,,,,,,,
2058,f8041b50a2c1379ae1a539104ac8cfff2e7475d9225620826e59c80d286afe76,2026-02-26 10:17:37,Week 3,9,0 – 2 hours,1,2,Never,ChatGPT,1 – 3,1,NaN,1,1,False,,Slightly worse,YouTube,2026-01-31 18:25:54,Andhra Pradesh,Private University,B.Sc,3rd Year,7.0 – 8.0,0 – 2 hours,"YouTube, NPTEL / SWAYAM, Notion / Anki / Obsidian, College LMS, WhatsApp / Telegram",5,,,,,,,,
2059,3d83828233d057f5e1e37a4c9e784850077d6638768e69b0f6b5d4e5e2dfc994,2026-02-26 10:18:30,Week 3,6,0 – 2 hours,1,1,Never,ChatGPT,1 – 3,1,NaN,1,1,False,,Much worse,YouTube,2026-01-12 21:41:37,Tamil Nadu,Private University,B.Tech,3rd Year,8.0 – 9.0,0 – 2 hours,"YouTube, ChatGPT / AI tools",2,,,,,,,,
2060,1ad669ada84e5263e09135c0723aae8e30fcb58819e440892efde165dd587a5e,2026-02-26 10:19:45,Week 3,8,0 – 2 hours,1,1,Never,ChatGPT,0,1,NaN,1,1,False,,Much worse,YouTube,2026-02-03 11:18:21,Karnataka,State University,BBA,3rd Year,7.0 – 8.0,2 – 4 hours,"YouTube, Coursera / Udemy / edX",2,,,,,,,,
2061,f8041b50a2c1379ae1a539104ac8cfff2e7475d9225620826e59c80d286afe76,2026-02-26 10:21:01,Week 3,35,2 – 4 hours,2,2,Rarely,Google Gemini,1 – 3,1,NaN,1,2,False,,Slightly worse,YouTube,2026-01-31 18:25:54,Andhra Pradesh,Private University,B.Sc,3rd Year,7.0 – 8.0,0 – 2 hours,"YouTube, NPTEL / SWAYAM, Notion / Anki / Obsidian, College LMS, WhatsApp / Telegram",5,,,,,,,,
2062,f8ecea41f5799921e46e5d82b8d41d92dba1fca7a66ca63506cc3c0aab382672,2026-02-26 10:21:57,Week 3,5,0 – 2 hours,1,1,Never,ChatGPT,0,1,NaN,1,1,False,,Much worse,YouTube,2026-01-27 17:56:30,Uttar Pradesh,Central University,B.Tech,4th Year,7.0 – 8.0,4 – 6 hours,"YouTube, NPTEL / SWAYAM, Coursera / Udemy / edX, ChatGPT / AI tools, Notion / Anki / Obsidian",5,,,,,,,,
2063,8773494ab4b07b7f7350b8d37e960ba5d05e7caf5ffbb75a943c63465a604b7f,2026-02-26 10:22:53,Week 3,5,0 – 2 hours,1,1,Never,ChatGPT,1 – 3,2,NaN,1,1,False,,Much worse,YouTube,2026-01-31 18:47:34,Tamil Nadu,IIT / NIT,B.Tech,2nd Year,9.0+,4 – 6 hours,"YouTube, NPTEL / SWAYAM, Coursera / Udemy / edX, ChatGPT / AI tools, College LMS, WhatsApp / Telegram, Physical notes",7,,,,,,,,
2064,48cdb835c278ac6b10eed195f85632896d3be15d20d75197a0b916b2395939a6,2026-02-26 10:23:52,Week 3,6,0 – 2 hours,1,1,Never,Google Gemini,0,1,NaN,1,1,False,,Much worse,YouTube,2026-01-27 00:18:46,Telangana,IIT / NIT,B.Sc,3rd Year,7.0 – 8.0,0 – 2 hours,"YouTube, NPTEL / SWAYAM, ChatGPT / AI tools, WhatsApp / Telegram, Physical notes only",5,,,,,,,,
2065,794e3ecad2e18d7bce8d1013a9e08fe529cc63443905f9864cedec22f7a9459b,2026-02-26 10:25:56,Week 3,2,0 – 2 hours,1,1,Never,ChatGPT,1 – 3,1,NaN,1,1,False,,Slightly worse,YouTube,2025-12-27 12:35:23,Tamil Nadu,Deemed University,B.Tech,3rd Year,6.0 – 7.0,0 – 2 hours,"YouTube, ChatGPT / AI tools",2,,,,,,,,
2066,7b5c4bd7d59556f437489bc9729a8c19655b90085e45e8dff621cf66913fc521,2026-02-26 10:27:04,Week 3,4,0 – 2 hours,1,1,Never,"Claude, GitHub Copilot",1 – 3,1,NaN,1,1,False,,Much worse,YouTube,2026-02-23 10:13:22,Kerala,State University,B.Tech,3rd Year,Prefer not to say,2 – 4 hours,"YouTube, NPTEL / SWAYAM, Coursera / Udemy / edX, ChatGPT / AI tools, Notion / Anki / Obsidian, College LMS, WhatsApp / Telegram, Physical notes",8,,,,,,,,
2067,74d72de1f5b196019d5bbe209db2b90401f5ea949cebbdda60ac6b0f71acb482,2026-02-26 10:28:22,Week 3,4,0 – 2 hours,1,1,Never,ChatGPT,0,1,NaN,1,1,False,,Much worse,YouTube,2026-02-02 12:43:28,Madhya Pradesh,Central University,B.Tech,2nd Year,6.0 – 7.0,2 – 4 hours,"YouTube, ChatGPT / AI tools",2,,,,,,,,
2068,cf47f395a464caa7ab1da1745c2d650002296d75e8eac41561b430a83f4382f8,2026-02-26 10:29:45,Week 3,6,0 – 2 hours,1,1,Never,Claude,1 – 3,1,NaN,2,1,False,,Much worse,YouTube,2026-01-31 18:49:58,Tamil Nadu,Central University,B.Sc,3rd Year,7.0 – 8.0,2 – 4 hours,"YouTube, NPTEL / SWAYAM, Coursera / Udemy / edX, ChatGPT / AI tools, Notion / Anki / Obsidian",5,,,,,,,,
2069,b9c03c59028b4485073ac377b7c14dfe728898b0dccd931ebc2eea5d5b1d746a,2026-02-26 10:30:56,Week 3,10,0 – 2 hours,1,1,Never,NaN,0,1,NaN,1,1,False,,Much worse,NaN,2025-12-27 14:52:29,Tamil Nadu,Central University,B.Tech,3rd Year,8.0 – 9.0,2 – 4 hours,"ChatGPT / AI tools, College LMS, WhatsApp / Telegram",3,,,,,,,,
2070,5e849a6892d6df48c1362529cab706d619efa96a172b3f715bc1f5ccd5ca61ec,2026-02-26 10:32:20,Week 3,8,0 – 2 hours,1,1,Never,Google Gemini,1 – 3,1,NaN,1,1,False,,Much worse,YouTube,2026-02-02 13:01:28,Uttar Pradesh,IIT / NIT,BA,Others,8.0 – 9.0,2 – 4 hours,"YouTube, ChatGPT / AI tools",2,,,,,,,,
2071,f8041b50a2c1379ae1a539104ac8cfff2e7475d9225620826e59c80d286afe76,2026-02-26 10:33:22,Week 3,9,0 – 2 hours,1,1,Never,ChatGPT,0,1,NaN,1,1,False,,Much worse,YouTube,2026-01-31 18:25:54,Andhra Pradesh,Private University,B.Sc,3rd Year,7.0 – 8.0,0 – 2 hours,"YouTube, NPTEL / SWAYAM, Notion / Anki / Obsidian, College LMS, WhatsApp / Telegram",5,,,,,,,,
2072,b319601b117de5d02e9d335f82997ad5d2c20f041b094bdd7a67411b8ad1543b,2026-02-26 10:35:00,Week 3,10,0 – 2 hours,1,1,Never,ChatGPT,0,1,NaN,1,1,False,,Much worse,YouTube,2026-01-31 11:34:19,Tamil Nadu,State University,B.Tech,4th Year,8.0 – 9.0,0 – 2 hours,"YouTube, ChatGPT / AI tools, WhatsApp / Telegram",3,,,,,,,,
2073,8ded4921661c4a18e633a572258dbd0f9a2c004f4aa3e9e2057a670d47566de6,2026-02-26 10:36:24,Week 3,3,0 – 2 hours,1,1,Never,Google Gemini,1 – 3,1,NaN,1,1,False,,Much worse,YouTube,2026-02-03 11:19:03,Kerala,Private University,B.Sc,3rd Year,Prefer not to say,2 – 4 hours,"NPTEL / SWAYAM, WhatsApp / Telegram, Physical notes",3,,,,,,,,
2074,8bfc27000534160835a23ec100f95667b3894c6b3e90a6027721d3322ad782dc,2026-02-26 10:37:39,Week 3,20,2 – 4 hours,2,2,Rarely,Google Gemini,1 – 3,2,NaN,2,2,False,,Much worse,NaN,2026-02-05 21:46:59,Telangana,Private University,B.Tech,3rd Year,9.0+,0 – 2 hours,"YouTube, ChatGPT / AI tools, Physical notes",3,,,,,,,,
2075,384ceb85e96e6aa2ecda396e81a782b00f64a547b8639cec5570f556cec3c71d,2026-02-26 10:39:41,Week 3,22,4 – 6 hours,1,2,Rarely,ChatGPT,1 – 3,2,NaN,2,1,False,,Much worse,YouTube,2026-02-23 10:05:39,Kerala,Private University,B.Com,2nd Year,8.0 – 9.0,4 – 6 hours,"NPTEL / SWAYAM, Coursera / Udemy / edX, College LMS, Physical notes",4,,,,,,,,
2076,49c29b44c0f2dba949371e3de5aaea4ace47ef333c771bda5ab86551a01e7a7d,2026-02-26 10:41:38,Week 3,15,2 – 4 hours,2,3,Rarely,ChatGPT,3 – 6,3,NaN,2,3,False,80.0,Slightly worse,"College LMS, WhatsApp / Telegram (for study purposes)",2026-02-02 12:49:39,Uttar Pradesh,Central University,B.Tech,Others,8.0 – 9.0,2 – 4 hours,"YouTube, ChatGPT / AI tools",2,,,,,,,,
2077,ef4aca4b5a9ddc8cfe1cda04eef5cb540a47e603dac29e3f59b7bdd1a387191d,2026-02-26 10:43:58,Week 3,30,4 – 6 hours,1,2,Rarely,Microsoft Copilot,0,1,NaN,2,1,False,,Slightly worse,YouTube,2026-02-02 12:52:17,Maharashtra,Private University,B.Tech,Others,6.0 – 7.0,2 – 4 hours,"YouTube, ChatGPT / AI tools",2,,,,,,,,
2078,26234105c87439e0dc4fb999632d3a5406775cc0728c26840e4a6b26d071341b,2026-02-26 10:45:14,Week 3,10,2 – 4 hours,2,2,Never,Google Gemini,1 – 3,2,Poor internet,2,2,False,,Slightly worse,YouTube,2026-01-12 20:18:58,Tamil Nadu,Private University,B.Tech,2nd Year,6.0 – 7.0,0 – 2 hours,"YouTube, ChatGPT / AI tools, College LMS",3,,,,,,,,
2079,9f7b57d47f3cd447af0a85a35c1ce5b1287d471159595088cd7493a849b93059,2026-02-26 10:47:11,Week 3,10,2 – 4 hours,1,2,Never,ChatGPT,1 – 3,2,Poor internet,1,1,False,,Slightly worse,YouTube,2026-02-02 12:38:26,Punjab,Central University,B.Tech,1st Year,6.0 – 7.0,4 – 6 hours,"YouTube, NPTEL / SWAYAM, Coursera / Udemy / edX, ChatGPT / AI tools, College LMS, WhatsApp / Telegram",6,,,,,,,,
2080,3d83828233d057f5e1e37a4c9e784850077d6638768e69b0f6b5d4e5e2dfc994,2026-02-26 10:47:57,Week 3,10,2 – 4 hours,2,1,Never,Google Gemini,0,1,Mobile-only access,2,1,False,,Slightly worse,YouTube,2026-01-12 21:41:37,Tamil Nadu,Private University,B.Tech,3rd Year,8.0 – 9.0,0 – 2 hours,"YouTube, ChatGPT / AI tools",2,,,,,,,,
2081,ace8e293cc91c35e822f9101bc4e97d2ad904d1e130b4402fd6a6642f245665e,2026-02-26 10:48:51,Week 3,39,4 – 6 hours,2,2,Sometimes,Google Gemini,6 – 10,3,Health / stress issues,2,2,False,,Slightly worse,YouTube,2026-02-23 10:12:43,Kerala,State University,B.Tech,2nd Year,6.0 – 7.0,0 – 2 hours,"NPTEL / SWAYAM, Notion / Anki / Obsidian",2,,,,,,,,
2082,c4fc9686cc1b927682fbf989fe97901e479c7d5a214ce073d7cc6062f4682ed6,2026-02-26 10:50:06,Week 3,10,0 – 2 hours,2,1,Rarely,ChatGPT,1 – 3,1,No quiet study space,2,2,False,,Much worse,YouTube,2026-02-23 10:06:40,Andhra Pradesh,Private University,B.Com,3rd Year,6.0 – 7.0,0 – 2 hours,"Coursera / Udemy / edX, ChatGPT / AI tools, Notion / Anki / Obsidian, WhatsApp / Telegram",4,,,,,,,,
2083,86b1b7c8fd97ac6aa33f3f67e3c3652ee35ae2226cc4798385726481eea05f57,2026-02-26 10:51:30,Week 3,20,4 – 6 hours,2,2,Rarely,Google Gemini,1 – 3,2,Mobile-only access,2,2,False,,Slightly worse,YouTube,2026-01-31 18:50:27,Tamil Nadu,Central University,B.Tech,1st Year,7.0 – 8.0,0 – 2 hours,"YouTube, ChatGPT / AI tools, College LMS, WhatsApp / Telegram",4,,,,,,,,
2084,cf47f395a464caa7ab1da1745c2d650002296d75e8eac41561b430a83f4382f8,2026-02-26 10:52:28,Week 3,30,4 – 6 hours,1,2,Rarely,"ChatGPT, Google Gemini, Microsoft Copilot, Claude",6 – 10,2,NaN,3,3,False,,Slightly worse,"YouTube, College LMS",2026-01-31 18:49:58,Tamil Nadu,Central University,B.Sc,3rd Year,7.0 – 8.0,2 – 4 hours,"YouTube, NPTEL / SWAYAM, Coursera / Udemy / edX, ChatGPT / AI tools, Notion / Anki / Obsidian",5,,,,,,,,
2085,b319601b117de5d02e9d335f82997ad5d2c20f041b094bdd7a67411b8ad1543b,2026-02-26 10:53:22,Week 3,20,2 – 4 hours,2,3,Rarely,"ChatGPT, Google Gemini",1 – 3,3,NaN,2,2,False,,Slightly worse,YouTube,2026-01-31 11:34:19,Tamil Nadu,State University,B.Tech,4th Year,8.0 – 9.0,0 – 2 hours,"YouTube, ChatGPT / AI tools, WhatsApp / Telegram",3,,,,,,,,
2086,b7c45e43b3e4defcfa15c66053995acfb95306f516892ea504b4a561e64a85b9,2026-02-26 10:54:35,Week 3,20,2 – 4 hours,1,1,Never,ChatGPT,1 – 3,2,NaN,2,2,False,,Much worse,YouTube,2026-01-31 18:40:13,Tamil Nadu,IIT / NIT,B.Sc,2nd Year,6.0 – 7.0,0 – 2 hours,"YouTube, NPTEL / SWAYAM, ChatGPT / AI tools",3,,,,,,,,
2087,27d91473394ea1f8f97a8f1740492902f4ab1abbfe0b003e4536904eaba6dca0,2026-02-26 10:56:13,Week 3,10,0 – 2 hours,1,1,Never,NaN,0,1,NaN,1,1,False,,Much worse,NaN,2026-01-31 18:43:28,Tamil Nadu,IIT / NIT,B.Tech,3rd Year,7.0 – 8.0,2 – 4 hours,"YouTube, NPTEL / SWAYAM, Coursera / Udemy / edX, ChatGPT / AI tools, Notion / Anki / Obsidian, College LMS, WhatsApp / Telegram, Physical notes",8,,,,,,,,
2088,63c23cf4b390284f3ce1175699f5efa501022ba212fe21be99dc9e2d21deebbf,2026-02-26 10:56:57,Week 3,8,2 – 4 hours,1,1,Never,ChatGPT,1 – 3,2,Poor internet,2,2,False,,Much worse,NPTEL / SWAYAM,2026-02-02 12:38:59,Rajasthan,State University,B.Sc,2nd Year,7.0 – 8.0,4 – 6 hours,"Coursera / Udemy / edX, ChatGPT / AI tools, Notion / Anki / Obsidian, College LMS, Physical notes",5,,,,,,,,
2089,b9c03c59028b4485073ac377b7c14dfe728898b0dccd931ebc2eea5d5b1d746a,2026-02-26 10:57:55,Week 3,19,2 – 4 hours,2,2,Rarely,Google Gemini,0,1,Mobile-only access,2,1,False,,Slightly worse,YouTube,2025-12-27 14:52:29,Tamil Nadu,Central University,B.Tech,3rd Year,8.0 – 9.0,2 – 4 hours,"ChatGPT / AI tools, College LMS, WhatsApp / Telegram",3,,,,,,,,
2090,49c29b44c0f2dba949371e3de5aaea4ace47ef333c771bda5ab86551a01e7a7d,2026-02-26 10:58:59,Week 3,10,2 – 4 hours,1,2,Rarely,Google Gemini,3 – 6,1,Poor internet,1,2,False,,Much worse,YouTube,2026-02-02 12:49:39,Uttar Pradesh,Central University,B.Tech,Others,8.0 – 9.0,2 – 4 hours,"YouTube, ChatGPT / AI tools",2,,,,,,,,
2091,266344e1c50b449d6d5dbec5b4b1af3236f13cc0b97871acccf3da3697283f82,2026-02-26 10:59:46,Week 3,20,2 – 4 hours,3,2,Rarely,Google Gemini,0,2,Poor internet,1,2,False,,Much worse,YouTube,2026-01-16 12:24:26,Tamil Nadu,Private University,B.Tech,3rd Year,9.0+,2 – 4 hours,"YouTube, ChatGPT / AI tools, Notion / Anki / Obsidian, WhatsApp / Telegram",4,,,,,,,,
2092,0e155a1241bd00b2d588262223a52e0f8a911a4000092f096e6968dccae9e61b,2026-02-26 11:01:22,Week 3,10,0 – 2 hours,2,1,Rarely,ChatGPT,1 – 3,3,NaN,2,2,False,,Slightly worse,YouTube,2026-02-03 11:16:29,Tamil Nadu,IIT / NIT,B.Tech,4th Year,8.0 – 9.0,2 – 4 hours,"ChatGPT / AI tools, College LMS",2,,,,,,,,
2093,3d83828233d057f5e1e37a4c9e784850077d6638768e69b0f6b5d4e5e2dfc994,2026-02-26 11:02:50,Week 3,6,0 – 2 hours,1,1,Never,ChatGPT,1 – 3,1,Poor internet,2,1,False,,Much worse,YouTube,2026-01-12 21:41:37,Tamil Nadu,Private University,B.Tech,3rd Year,8.0 – 9.0,0 – 2 hours,"YouTube, ChatGPT / AI tools",2,,,,,,,,
2094,3a16c6fa9dbc26f91e12cdd112bec4f2953a34f47097d3424e3f551bb022a684,2026-02-26 11:03:53,Week 3,10,2 – 4 hours,1,1,Never,ChatGPT,1 – 3,2,NaN,1,2,False,,Much worse,YouTube,2026-01-31 18:44:48,Tamil Nadu,Private University,BBA,1st Year,6.0 – 7.0,0 – 2 hours,"YouTube, Coursera / Udemy / edX, ChatGPT / AI tools, College LMS, WhatsApp / Telegram, Physical notes",6,,,,,,,,
2095,7b5c4bd7d59556f437489bc9729a8c19655b90085e45e8dff621cf66913fc521,2026-02-26 11:05:33,Week 3,10,0 – 2 hours,1,1,Rarely,ChatGPT,1 – 3,1,NaN,2,1,False,,Much worse,YouTube,2026-02-23 10:13:22,Kerala,State University,B.Tech,3rd Year,Prefer not to say,2 – 4 hours,"YouTube, NPTEL / SWAYAM, Coursera / Udemy / edX, ChatGPT / AI tools, Notion / Anki / Obsidian, College LMS, WhatsApp / Telegram, Physical notes",8,,,,,,,,
2096,794e3ecad2e18d7bce8d1013a9e08fe529cc63443905f9864cedec22f7a9459b,2026-02-26 11:06:33,Week 3,10,2 – 4 hours,2,1,Rarely,Microsoft Copilot,1 – 3,2,Poor internet,2,2,False,,Much worse,YouTube,2025-12-27 12:35:23,Tamil Nadu,Deemed University,B.Tech,3rd Year,6.0 – 7.0,0 – 2 hours,"YouTube, ChatGPT / AI tools",2,,,,,,,,
2097,bed0f2897fdcff9c379616ea83849b1ca59a967db6315c91cd8fcf4fcf4c7216,2026-02-26 11:07:47,Week 4,30,2 – 4 hours,2,3,Sometimes,"ChatGPT, Google Gemini, Microsoft Copilot",3 – 6,3,No quiet study space,3,2,False,,Slightly worse,"YouTube, College LMS",2026-01-31 18:46:23,Andhra Pradesh,State University,B.Sc,2nd Year,7.0 – 8.0,2 – 4 hours,"YouTube, NPTEL / SWAYAM, WhatsApp / Telegram",3,,,,,,,,
2098,e8386eec4c2f671d625ec0a877e0c9af57a196443df6751cfd908bc4bb188c51,2026-02-26 11:08:33,Week 4,35,2 – 4 hours,3,3,Sometimes,"ChatGPT, Google Gemini, Microsoft Copilot, Claude",3 – 6,3,NaN,3,2,False,,Slightly better,"YouTube, Physical Notes",2026-01-31 18:42:45,Kerala,State University,B.Com,2nd Year,Prefer not to say,2 – 4 hours,"YouTube, NPTEL / SWAYAM, Coursera / Udemy / edX, Notion / Anki / Obsidian, Physical notes",5,,,,,,,,
2099,b319601b117de5d02e9d335f82997ad5d2c20f041b094bdd7a67411b8ad1543b,2026-02-26 11:09:51,Week 4,43,4 – 6 hours,3,3,Sometimes,"ChatGPT, Google Gemini, Microsoft Copilot",3 – 6,2,NaN,3,2,False,,Slightly better,"YouTube, WhatsApp / Telegram (for study purposes)",2026-01-31 11:34:19,Tamil Nadu,State University,B.Tech,4th Year,8.0 – 9.0,0 – 2 hours,"YouTube, ChatGPT / AI tools, WhatsApp / Telegram",3,,,,,,,,
2100,522e39ae01bce33e97b085b9517a3680984adf0d38e718487e3314eb74127ab2,2026-02-26 11:10:57,Week 4,40,4 – 6 hours,3,3,Sometimes,"ChatGPT, Google Gemini, Microsoft Copilot, Claude",6 – 10,3,NaN,2,3,False,,Slightly better,"YouTube, WhatsApp / Telegram (for study purposes), Physical Notes",2026-01-31 18:48:52,Tamil Nadu,State University,B.Tech,2nd Year,Below 6.0,0 – 2 hours,"YouTube, ChatGPT / AI tools, WhatsApp / Telegram",3,,,,,,,,
2101,b319601b117de5d02e9d335f82997ad5d2c20f041b094bdd7a67411b8ad1543b,2026-02-26 11:12:09,Week 4,30,4 – 6 hours,3,2,Often,"ChatGPT, Google Gemini, Microsoft Copilot, Claude, Perplexity AI",3 – 6,3,NaN,3,2,False,,Slightly better,"YouTube, College LMS",2026-01-31 11:34:19,Tamil Nadu,State University,B.Tech,4th Year,8.0 – 9.0,0 – 2 hours,"YouTube, ChatGPT / AI tools, WhatsApp / Telegram",3,,,,,,,,
2102,0e155a1241bd00b2d588262223a52e0f8a911a4000092f096e6968dccae9e61b,2026-02-26 11:13:04,Week 4,45,4 – 6 hours,3,3,Sometimes,"ChatGPT, Google Gemini, Microsoft Copilot",3 – 6,3,NaN,2,3,False,,Slightly better,"YouTube, WhatsApp / Telegram (for study purposes)",2026-02-03 11:16:29,Tamil Nadu,IIT / NIT,B.Tech,4th Year,8.0 – 9.0,2 – 4 hours,"ChatGPT / AI tools, College LMS",2,,,,,,,,
2103,2b17d11e7d9c1af7a7fed72e60e90a5ee797f0b6e0cc8645592f6fdc2ad13cd2,2026-02-26 11:13:57,Week 4,40,4 – 6 hours,4,3,Sometimes,"ChatGPT, Google Gemini, Microsoft Copilot",3 – 6,2,NaN,4,3,False,,Slightly better,YouTube,2026-01-31 18:51:00,Tamil Nadu,State University,B.Tech,1st Year,6.0 – 7.0,2 – 4 hours,"YouTube, Coursera / Udemy / edX, ChatGPT / AI tools, Notion / Anki / Obsidian, WhatsApp / Telegram",5,,,,,,,,
2104,97b26b3698560201c1218be1d50871d93f4ae1f4a79deeb268b0ba686e43fdeb,2026-02-26 11:14:45,Week 4,30,4 – 6 hours,2,4,Sometimes,"ChatGPT, Google Gemini, Microsoft Copilot",3 – 6,3,NaN,3,2,False,,Slightly better,"YouTube, Physical Notes",2025-12-26 07:18:01,Tamil Nadu,Deemed University,B.Tech,3rd Year,8.0 – 9.0,0 – 2 hours,"ChatGPT / AI tools, College LMS, WhatsApp / Telegram",3,,,,,,,,
2105,6cdee50dedfbbd1a46317cf81321165ab42071b577d2f1514daac32cb4160095,2026-02-26 11:16:21,Week 4,20,2 – 4 hours,3,4,Sometimes,"ChatGPT, Google Gemini, Microsoft Copilot",3 – 6,3,NaN,2,3,False,,Slightly better,"YouTube, WhatsApp / Telegram (for study purposes)",2026-02-02 12:39:28,Gujarat,Private University,B.Tech,3rd Year,8.0 – 9.0,6+ hours,NaN,1,,,,,,,,
2106,d2db0cecaf1edf2f34e8fcb492052acd27453600c6cc493e25700d9c3b289761,2026-02-26 11:17:11,Week 4,43,4 – 6 hours,3,3,Rarely,"ChatGPT, Google Gemini, Microsoft Copilot, Claude",3 – 6,2,NaN,3,3,False,,Slightly better,"NPTEL / SWAYAM, Physical Notes",2026-02-02 12:56:07,Uttar Pradesh,IIT / NIT,Other,2nd Year,Prefer not to say,2 – 4 hours,"YouTube, Coursera / Udemy / edX",2,,,,,,,,
2107,219d4ac6903fffab5ab1d64d6ed0b331adcc691f0e116fb7f62cefba91f7b0ec,2026-02-26 11:18:19,Week 4,45,4 – 6 hours,4,3,Rarely,"ChatGPT, Google Gemini, Microsoft Copilot",3 – 6,3,NaN,2,3,False,,Slightly better,YouTube,2025-12-26 18:34:24,Andhra Pradesh,Private University,B.Tech,3rd Year,9.0+,0 – 2 hours,ChatGPT / AI tools,1,,,,,,,,
2108,7b5c4bd7d59556f437489bc9729a8c19655b90085e45e8dff621cf66913fc521,2026-02-26 11:19:46,Week 4,42,4 – 6 hours,3,3,Sometimes,"ChatGPT, Google Gemini, Microsoft Copilot",6 – 10,2,NaN,3,3,False,,Slightly better,"YouTube, Physical Notes",2026-02-23 10:13:22,Kerala,State University,B.Tech,3rd Year,Prefer not to say,2 – 4 hours,"YouTube, NPTEL / SWAYAM, Coursera / Udemy / edX, ChatGPT / AI tools, Notion / Anki / Obsidian, College LMS, WhatsApp / Telegram, Physical notes",8,,,,,,,,
2109,522e39ae01bce33e97b085b9517a3680984adf0d38e718487e3314eb74127ab2,2026-02-26 11:20:45,Week 4,41,4 – 6 hours,3,2,Sometimes,"ChatGPT, Google Gemini, Microsoft Copilot, Claude",3 – 6,3,NaN,4,3,False,,Slightly better,"YouTube, Physical Notes",2026-01-31 18:48:52,Tamil Nadu,State University,B.Tech,2nd Year,Below 6.0,0 – 2 hours,"YouTube, ChatGPT / AI tools, WhatsApp / Telegram",3,,,,,,,,
2110,86b1b7c8fd97ac6aa33f3f67e3c3652ee35ae2226cc4798385726481eea05f57,2026-02-26 11:21:36,Week 4,46,4 – 6 hours,3,3,Sometimes,"ChatGPT, Google Gemini, Microsoft Copilot",6 – 10,3,NaN,3,3,False,,Slightly better,"YouTube, Physical Notes",2026-01-31 18:50:27,Tamil Nadu,Central University,B.Tech,1st Year,7.0 – 8.0,0 – 2 hours,"YouTube, ChatGPT / AI tools, College LMS, WhatsApp / Telegram",4,,,,,,,,
2111,cf47f395a464caa7ab1da1745c2d650002296d75e8eac41561b430a83f4382f8,2026-02-26 11:22:26,Week 4,35,4 – 6 hours,3,3,Rarely,"ChatGPT, Google Gemini, Microsoft Copilot, Claude",3 – 6,3,NaN,2,3,False,,Slightly better,College LMS,2026-01-31 18:49:58,Tamil Nadu,Central University,B.Sc,3rd Year,7.0 – 8.0,2 – 4 hours,"YouTube, NPTEL / SWAYAM, Coursera / Udemy / edX, ChatGPT / AI tools, Notion / Anki / Obsidian",5,,,,,,,,
2112,e14fc3506630213cf4dbb3dddf035e19aad46cfaf81f1761b7791f1f48a64d67,2026-02-26 11:23:50,Week 4,43,4 – 6 hours,3,2,Sometimes,"ChatGPT, Google Gemini, Microsoft Copilot, Claude",3 – 6,2,NaN,4,4,False,,Slightly better,"YouTube, Physical Notes",2026-02-02 12:45:31,Madhya Pradesh,Central University,B.Tech,3rd Year,8.0 – 9.0,2 – 4 hours,"ChatGPT / AI tools, WhatsApp / Telegram",2,,,,,,,,
2113,6cdee50dedfbbd1a46317cf81321165ab42071b577d2f1514daac32cb4160095,2026-02-26 11:24:37,Week 4,35,4 – 6 hours,2,3,Rarely,"ChatGPT, Google Gemini, Microsoft Copilot",1 – 3,2,NaN,3,4,False,,Slightly worse,"YouTube, Physical Notes",2026-02-02 12:39:28,Gujarat,Private University,B.Tech,3rd Year,8.0 – 9.0,6+ hours,NaN,1,,,,,,,,
2114,ace8e293cc91c35e822f9101bc4e97d2ad904d1e130b4402fd6a6642f245665e,2026-02-26 11:26:41,Week 4,34,2 – 4 hours,2,3,Sometimes,"ChatGPT, Google Gemini, Microsoft Copilot, Claude, Perplexity AI",3 – 6,3,NaN,3,3,False,,Slightly better,"YouTube, Physical Notes",2026-02-23 10:12:43,Kerala,State University,B.Tech,2nd Year,6.0 – 7.0,0 – 2 hours,"NPTEL / SWAYAM, Notion / Anki / Obsidian",2,,,,,,,,
2115,f5df30de694992a770d857d674587e781574c81ffc40be127f93b6a3d3a95f48,2026-02-26 11:27:38,Week 4,35,4 – 6 hours,3,3,Sometimes,"ChatGPT, Google Gemini, Microsoft Copilot",3 – 6,3,NaN,2,2,False,,Slightly better,"YouTube, Physical Notes",2026-02-23 10:05:11,Andhra Pradesh,State University,B.Sc,3rd Year,Prefer not to say,2 – 4 hours,"YouTube, Coursera / Udemy / edX, Notion / Anki / Obsidian, WhatsApp / Telegram, Physical notes",5,,,,,,,,
2116,d2db0cecaf1edf2f34e8fcb492052acd27453600c6cc493e25700d9c3b289761,2026-02-26 11:28:27,Week 4,34,2 – 4 hours,2,2,Sometimes,"ChatGPT, Google Gemini, Microsoft Copilot",6 – 10,3,NaN,3,3,False,,Slightly worse,"YouTube, WhatsApp / Telegram (for study purposes)",2026-02-02 12:56:07,Uttar Pradesh,IIT / NIT,Other,2nd Year,Prefer not to say,2 – 4 hours,"YouTube, Coursera / Udemy / edX",2,,,,,,,,
2117,86b1b7c8fd97ac6aa33f3f67e3c3652ee35ae2226cc4798385726481eea05f57,2026-02-26 11:29:18,Week 4,35,4 – 6 hours,3,3,Rarely,"ChatGPT, Google Gemini, Microsoft Copilot, Claude",3 – 6,2,NaN,2,3,False,,Slightly better,"YouTube, Physical Notes",2026-01-31 18:50:27,Tamil Nadu,Central University,B.Tech,1st Year,7.0 – 8.0,0 – 2 hours,"YouTube, ChatGPT / AI tools, College LMS, WhatsApp / Telegram",4,,,,,,,,
2118,ef4aca4b5a9ddc8cfe1cda04eef5cb540a47e603dac29e3f59b7bdd1a387191d,2026-02-26 11:30:03,Week 4,45,4 – 6 hours,3,2,Sometimes,"ChatGPT, Google Gemini, Microsoft Copilot",3 – 6,3,NaN,2,3,False,,Slightly worse,"YouTube, WhatsApp / Telegram (for study purposes)",2026-02-02 12:52:17,Maharashtra,Private University,B.Tech,Others,6.0 – 7.0,2 – 4 hours,"YouTube, ChatGPT / AI tools",2,,,,,,,,
2119,e9f047d3c2da21e5de56f3abab5c156cedf45843e25e1cc9c00e542a0848fb89,2026-02-26 11:30:50,Week 4,45,4 – 6 hours,3,2,Sometimes,"ChatGPT, Google Gemini, Microsoft Copilot",6 – 10,2,NaN,2,3,False,,Slightly better,"YouTube, Physical Notes",2026-02-23 10:04:41,Andhra Pradesh,Central University,B.Tech,2nd Year,7.0 – 8.0,0 – 2 hours,"YouTube, NPTEL / SWAYAM, Coursera / Udemy / edX, Notion / Anki / Obsidian, WhatsApp / Telegram",5,,,,,,,,
2120,781a9f368166d71405348c3b65fa0645e7cab12d017be1e369eb8d7a5cd5fb1d,2026-02-26 11:31:43,Week 4,34,4 – 6 hours,3,3,Sometimes,"ChatGPT, Google Gemini, Microsoft Copilot, Claude, Perplexity AI",3 – 6,4,NaN,3,2,False,,Slightly better,"YouTube, Physical Notes",2026-02-02 12:40:04,Maharashtra,IIT / NIT,B.Com,4th Year,7.0 – 8.0,2 – 4 hours,"YouTube, NPTEL / SWAYAM, Coursera / Udemy / edX, ChatGPT / AI tools, Notion / Anki / Obsidian, College LMS, WhatsApp / Telegram, Physical notes",8,,,,,,,,
2121,781a9f368166d71405348c3b65fa0645e7cab12d017be1e369eb8d7a5cd5fb1d,2026-02-26 11:32:30,Week 4,45,4 – 6 hours,4,2,Sometimes,"ChatGPT, Google Gemini, Microsoft Copilot",3 – 6,3,NaN,2,3,False,,Slightly better,"YouTube, Physical Notes",2026-02-02 12:40:04,Maharashtra,IIT / NIT,B.Com,4th Year,7.0 – 8.0,2 – 4 hours,"YouTube, NPTEL / SWAYAM, Coursera / Udemy / edX, ChatGPT / AI tools, Notion / Anki / Obsidian, College LMS, WhatsApp / Telegram, Physical notes",8,,,,,,,,
2122,794e3ecad2e18d7bce8d1013a9e08fe529cc63443905f9864cedec22f7a9459b,2026-02-26 11:33:22,Week 4,46,4 – 6 hours,3,2,Sometimes,"ChatGPT, Google Gemini, Microsoft Copilot, QuillBot",3 – 6,3,NaN,2,2,False,,Slightly better,"YouTube, College LMS",2025-12-27 12:35:23,Tamil Nadu,Deemed University,B.Tech,3rd Year,6.0 – 7.0,0 – 2 hours,"YouTube, ChatGPT / AI tools",2,,,,,,,,
2123,3d83828233d057f5e1e37a4c9e784850077d6638768e69b0f6b5d4e5e2dfc994,2026-02-26 11:34:07,Week 4,33,2 – 4 hours,3,2,Sometimes,"ChatGPT, Google Gemini, Microsoft Copilot, Grammarly, QuillBot",3 – 6,3,NaN,3,3,False,,Slightly better,"YouTube, College LMS",2026-01-12 21:41:37,Tamil Nadu,Private University,B.Tech,3rd Year,8.0 – 9.0,0 – 2 hours,"YouTube, ChatGPT / AI tools",2,,,,,,,,
2124,16a56bf3b362259b32e3bc7d18a95d94213241560809ad3c4d5ddba644365acb,2026-02-26 11:34:51,Week 4,43,4 – 6 hours,3,2,Sometimes,"ChatGPT, Google Gemini, Grammarly, QuillBot",3 – 6,2,NaN,3,3,False,,Slightly better,"YouTube, WhatsApp / Telegram (for study purposes)",2026-02-19 13:19:58,Tamil Nadu,State University,B.Sc,2nd Year,8.0 – 9.0,2 – 4 hours,"YouTube, NPTEL / SWAYAM, Coursera / Udemy / edX, ChatGPT / AI tools, Notion / Anki / Obsidian",5,,,,,,,,
2125,3a16c6fa9dbc26f91e12cdd112bec4f2953a34f47097d3424e3f551bb022a684,2026-02-26 11:35:36,Week 4,42,4 – 6 hours,3,3,Often,"ChatGPT, Google Gemini, GitHub Copilot",6 – 10,3,NaN,2,3,False,,Slightly better,"YouTube, WhatsApp / Telegram (for study purposes)",2026-01-31 18:44:48,Tamil Nadu,Private University,BBA,1st Year,6.0 – 7.0,0 – 2 hours,"YouTube, Coursera / Udemy / edX, ChatGPT / AI tools, College LMS, WhatsApp / Telegram, Physical notes",6,,,,,,,,
2126,f72f420debc36def28125c58c71822ce49043914a9406e73923965f87c8cb669,2026-02-26 11:36:40,Week 4,46,4 – 6 hours,3,3,Rarely,"ChatGPT, Google Gemini, Microsoft Copilot, Claude, Perplexity AI, QuillBot, GitHub Copilot",3 – 6,3,NaN,3,3,False,,Slightly better,"YouTube, College LMS",2026-01-12 23:37:58,Karnataka,Private University,BA,3rd Year,8.0 – 9.0,0 – 2 hours,"YouTube, ChatGPT / AI tools, WhatsApp / Telegram, Physical notes only",4,,,,,,,,
2127,1dd2975d45d1e27948cae456e3827e3b50778c013fecee985fb0422f4a492ba2,2026-02-26 11:37:27,Week 4,44,4 – 6 hours,3,3,Sometimes,"ChatGPT, Google Gemini, Microsoft Copilot",3 – 6,2,NaN,3,3,False,,Slightly better,"YouTube, WhatsApp / Telegram (for study purposes), Physical Notes",2026-02-19 13:17:59,Andhra Pradesh,State University,B.Tech,2nd Year,7.0 – 8.0,6+ hours,"YouTube, NPTEL / SWAYAM, Coursera / Udemy / edX, ChatGPT / AI tools, Notion / Anki / Obsidian, College LMS, WhatsApp / Telegram, Physical notes",8,,,,,,,,
2128,32b68dc8923730efba7e69129bcc4d5555495cc9359174e99e3d50570ce6de44,2026-02-26 11:38:16,Week 4,32,4 – 6 hours,2,2,Sometimes,"ChatGPT, Google Gemini, Microsoft Copilot",3 – 6,3,NaN,3,1,False,,Slightly better,"YouTube, Physical Notes",2026-01-31 14:55:58,Kerala,State University,B.Sc,1st Year,7.0 – 8.0,0 – 2 hours,"YouTube, ChatGPT / AI tools, College LMS, WhatsApp / Telegram",4,,,,,,,,
2129,266344e1c50b449d6d5dbec5b4b1af3236f13cc0b97871acccf3da3697283f82,2026-02-26 11:39:09,Week 4,43,4 – 6 hours,3,2,Sometimes,"ChatGPT, Google Gemini, Microsoft Copilot",1 – 3,2,NaN,2,2,False,,Slightly better,"YouTube, WhatsApp / Telegram (for study purposes)",2026-01-16 12:24:26,Tamil Nadu,Private University,B.Tech,3rd Year,9.0+,2 – 4 hours,"YouTube, ChatGPT / AI tools, Notion / Anki / Obsidian, WhatsApp / Telegram",4,,,,,,,,
2130,132137538b93be89ed6c9815b322a7a0f58530b8c229d1809265140f5cb8c398,2026-02-26 11:39:55,Week 4,44,4 – 6 hours,3,3,Rarely,"ChatGPT, Google Gemini, Microsoft Copilot",3 – 6,4,NaN,3,3,False,,Slightly better,"YouTube, WhatsApp / Telegram (for study purposes)",2026-01-13 19:44:22,Tamil Nadu,Deemed University,B.Tech,3rd Year,7.0 – 8.0,2 – 4 hours,"YouTube, ChatGPT / AI tools",2,,,,,,,,
2131,16a56bf3b362259b32e3bc7d18a95d94213241560809ad3c4d5ddba644365acb,2026-02-26 11:40:43,Week 4,44,4 – 6 hours,3,3,Sometimes,"ChatGPT, Google Gemini, Microsoft Copilot",3 – 6,3,NaN,3,2,False,,Slightly better,"YouTube, WhatsApp / Telegram (for study purposes)",2026-02-19 13:19:58,Tamil Nadu,State University,B.Sc,2nd Year,8.0 – 9.0,2 – 4 hours,"YouTube, NPTEL / SWAYAM, Coursera / Udemy / edX, ChatGPT / AI tools, Notion / Anki / Obsidian",5,,,,,,,,
2132,b319601b117de5d02e9d335f82997ad5d2c20f041b094bdd7a67411b8ad1543b,2026-02-26 11:41:27,Week 4,33,2 – 4 hours,3,2,Sometimes,"ChatGPT, Google Gemini, Microsoft Copilot",3 – 6,2,NaN,4,1,False,,Slightly better,"YouTube, WhatsApp / Telegram (for study purposes)",2026-01-31 11:34:19,Tamil Nadu,State University,B.Tech,4th Year,8.0 – 9.0,0 – 2 hours,"YouTube, ChatGPT / AI tools, WhatsApp / Telegram",3,,,,,,,,
2133,81ddebb1fc0e6b009a5655dea87854093d1374914f03d128e615c955c9007504,2026-02-26 11:42:25,Week 4,47,4 – 6 hours,3,3,Rarely,"ChatGPT, Google Gemini, Microsoft Copilot",3 – 6,2,NaN,3,3,False,,Slightly better,"YouTube, WhatsApp / Telegram (for study purposes)",2026-01-12 20:20:23,Tamil Nadu,Private University,B.Tech,3rd Year,7.0 – 8.0,2 – 4 hours,"YouTube, ChatGPT / AI tools, WhatsApp / Telegram, Physical notes only",4,,,,,,,,
2134,5e849a6892d6df48c1362529cab706d619efa96a172b3f715bc1f5ccd5ca61ec,2026-02-26 11:43:07,Week 4,55,4 – 6 hours,3,4,Rarely,"ChatGPT, Google Gemini, Microsoft Copilot, Claude",6 – 10,3,NaN,3,3,False,,Slightly better,"YouTube, WhatsApp / Telegram (for study purposes)",2026-02-02 13:01:28,Uttar Pradesh,IIT / NIT,BA,Others,8.0 – 9.0,2 – 4 hours,"YouTube, ChatGPT / AI tools",2,,,,,,,,
2135,a0844c331d7454600df29956fea1f640e9035aa0e376172eded377ff472dedbe,2026-02-26 11:44:03,Week 4,54,4 – 6 hours,3,3,Rarely,"ChatGPT, Google Gemini, Microsoft Copilot",1 – 3,4,NaN,3,3,False,,Slightly better,"YouTube, WhatsApp / Telegram (for study purposes)",2026-01-31 18:46:52,Karnataka,Central University,B.Sc,1st Year,7.0 – 8.0,2 – 4 hours,"NPTEL / SWAYAM, Coursera / Udemy / edX, ChatGPT / AI tools, College LMS, WhatsApp / Telegram, Physical notes",6,,,,,,,,
2136,26234105c87439e0dc4fb999632d3a5406775cc0728c26840e4a6b26d071341b,2026-02-26 11:45:19,Week 4,50,4 – 6 hours,3,3,Rarely,"ChatGPT, Google Gemini, Microsoft Copilot, Claude, Perplexity AI",1 – 3,2,NaN,3,4,False,,Slightly better,"YouTube, WhatsApp / Telegram (for study purposes), Physical Notes",2026-01-12 20:18:58,Tamil Nadu,Private University,B.Tech,2nd Year,6.0 – 7.0,0 – 2 hours,"YouTube, ChatGPT / AI tools, College LMS",3,,,,,,,,
2137,781a9f368166d71405348c3b65fa0645e7cab12d017be1e369eb8d7a5cd5fb1d,2026-02-26 11:46:12,Week 4,33,2 – 4 hours,2,3,Sometimes,"ChatGPT, Google Gemini, Microsoft Copilot",3 – 6,2,NaN,4,3,False,,Slightly better,"YouTube, WhatsApp / Telegram (for study purposes), Physical Notes",2026-02-02 12:40:04,Maharashtra,IIT / NIT,B.Com,4th Year,7.0 – 8.0,2 – 4 hours,"YouTube, NPTEL / SWAYAM, Coursera / Udemy / edX, ChatGPT / AI tools, Notion / Anki / Obsidian, College LMS, WhatsApp / Telegram, Physical notes",8,,,,,,,,
2138,f8041b50a2c1379ae1a539104ac8cfff2e7475d9225620826e59c80d286afe76,2026-02-26 11:47:09,Week 4,44,4 – 6 hours,2,3,Rarely,"ChatGPT, Google Gemini, Microsoft Copilot, Claude",3 – 6,3,NaN,3,2,False,,Slightly better,"YouTube, Physical Notes",2026-01-31 18:25:54,Andhra Pradesh,Private University,B.Sc,3rd Year,7.0 – 8.0,0 – 2 hours,"YouTube, NPTEL / SWAYAM, Notion / Anki / Obsidian, College LMS, WhatsApp / Telegram",5,,,,,,,,
2139,781a9f368166d71405348c3b65fa0645e7cab12d017be1e369eb8d7a5cd5fb1d,2026-02-26 11:47:59,Week 4,44,4 – 6 hours,3,3,Often,"ChatGPT, Google Gemini, Microsoft Copilot, Claude",3 – 6,3,NaN,3,3,False,,Slightly better,"YouTube, WhatsApp / Telegram (for study purposes)",2026-02-02 12:40:04,Maharashtra,IIT / NIT,B.Com,4th Year,7.0 – 8.0,2 – 4 hours,"YouTube, NPTEL / SWAYAM, Coursera / Udemy / edX, ChatGPT / AI tools, Notion / Anki / Obsidian, College LMS, WhatsApp / Telegram, Physical notes",8,,,,,,,,
2140,49c29b44c0f2dba949371e3de5aaea4ace47ef333c771bda5ab86551a01e7a7d,2026-02-26 11:48:57,Week 4,41,4 – 6 hours,3,2,Sometimes,"ChatGPT, Google Gemini, Microsoft Copilot, Claude",3 – 6,3,NaN,4,3,False,,Slightly better,"YouTube, WhatsApp / Telegram (for study purposes)",2026-02-02 12:49:39,Uttar Pradesh,Central University,B.Tech,Others,8.0 – 9.0,2 – 4 hours,"YouTube, ChatGPT / AI tools",2,,,,,,,,
2141,97b26b3698560201c1218be1d50871d93f4ae1f4a79deeb268b0ba686e43fdeb,2026-02-26 11:50:14,Week 4,33,2 – 4 hours,2,3,Rarely,"ChatGPT, Google Gemini, Microsoft Copilot",3 – 6,1,NaN,2,2,False,,Slightly better,"YouTube, College LMS",2025-12-26 07:18:01,Tamil Nadu,Deemed University,B.Tech,3rd Year,8.0 – 9.0,0 – 2 hours,"ChatGPT / AI tools, College LMS, WhatsApp / Telegram",3,,,,,,,,
2142,3d83828233d057f5e1e37a4c9e784850077d6638768e69b0f6b5d4e5e2dfc994,2026-02-26 11:51:05,Week 4,44,4 – 6 hours,2,3,Sometimes,"ChatGPT, Google Gemini, Microsoft Copilot",3 – 6,3,NaN,2,2,False,,Slightly better,"YouTube, College LMS, WhatsApp / Telegram (for study purposes)",2026-01-12 21:41:37,Tamil Nadu,Private University,B.Tech,3rd Year,8.0 – 9.0,0 – 2 hours,"YouTube, ChatGPT / AI tools",2,,,,,,,,
2143,522e39ae01bce33e97b085b9517a3680984adf0d38e718487e3314eb74127ab2,2026-02-26 11:51:53,Week 4,43,4 – 6 hours,3,2,Sometimes,"ChatGPT, Google Gemini, Microsoft Copilot",3 – 6,2,NaN,3,2,False,,Slightly better,"YouTube, WhatsApp / Telegram (for study purposes)",2026-01-31 18:48:52,Tamil Nadu,State University,B.Tech,2nd Year,Below 6.0,0 – 2 hours,"YouTube, ChatGPT / AI tools, WhatsApp / Telegram",3,,,,,,,,
2144,63c23cf4b390284f3ce1175699f5efa501022ba212fe21be99dc9e2d21deebbf,2026-02-26 11:52:52,Week 4,45,4 – 6 hours,2,2,Sometimes,"ChatGPT, QuillBot",3 – 6,3,NaN,3,3,False,,Slightly better,"YouTube, College LMS",2026-02-02 12:38:59,Rajasthan,State University,B.Sc,2nd Year,7.0 – 8.0,4 – 6 hours,"Coursera / Udemy / edX, ChatGPT / AI tools, Notion / Anki / Obsidian, College LMS, Physical notes",5,,,,,,,,
2145,1dd2975d45d1e27948cae456e3827e3b50778c013fecee985fb0422f4a492ba2,2026-02-26 11:53:38,Week 4,44,2 – 4 hours,3,3,Rarely,"ChatGPT, Google Gemini, Microsoft Copilot, Claude",3 – 6,3,NaN,3,2,False,,Slightly better,"YouTube, WhatsApp / Telegram (for study purposes)",2026-02-19 13:17:59,Andhra Pradesh,State University,B.Tech,2nd Year,7.0 – 8.0,6+ hours,"YouTube, NPTEL / SWAYAM, Coursera / Udemy / edX, ChatGPT / AI tools, Notion / Anki / Obsidian, College LMS, WhatsApp / Telegram, Physical notes",8,,,,,,,,
2146,d2db0cecaf1edf2f34e8fcb492052acd27453600c6cc493e25700d9c3b289761,2026-02-26 16:28:05,Week 1,0,0 – 2 hours,1,1,Never,"ChatGPT, Google Gemini, Microsoft Copilot",1 – 3,4,Health / stress issues,1,2,False,,About the same,YouTube,2026-02-02 12:56:07,Uttar Pradesh,IIT / NIT,Other,2nd Year,Prefer not to say,2 – 4 hours,"YouTube, Coursera / Udemy / edX",2,,,,,,,,
2147,522e39ae01bce33e97b085b9517a3680984adf0d38e718487e3314eb74127ab2,2026-03-01 20:17:48,Week 6,5,0 – 2 hours,4,1,Never,ChatGPT,3 – 6,4,NaN,4,4,False,,About the same,WhatsApp / Telegram (for study purposes),2026-01-31 18:48:52,Tamil Nadu,State University,B.Tech,2nd Year,Below 6.0,0 – 2 hours,"YouTube, ChatGPT / AI tools, WhatsApp / Telegram",3,,,,,,,,
2148,81ddebb1fc0e6b009a5655dea87854093d1374914f03d128e615c955c9007504,2026-03-05 16:57:48,Week 1,7,2 – 4 hours,2,2,Never,"ChatGPT, Google Gemini, Claude, QuillBot",3 – 6,2,"No quiet study space, Health / stress issues",2,2,False,70.0,Much worse,NaN,2026-01-12 20:20:23,Tamil Nadu,Private University,B.Tech,3rd Year,7.0 – 8.0,2 – 4 hours,"YouTube, ChatGPT / AI tools, WhatsApp / Telegram, Physical notes only",4,,,,,,,,
2149,3a16c6fa9dbc26f91e12cdd112bec4f2953a34f47097d3424e3f551bb022a684,2026-03-05 16:58:48,Week 1,4,2 – 4 hours,3,3,Sometimes,"ChatGPT, Google Gemini",3 – 6,3,Mobile-only access,2,2,False,,Slightly worse,College LMS,2026-01-31 18:44:48,Tamil Nadu,Private University,BBA,1st Year,6.0 – 7.0,0 – 2 hours,"YouTube, Coursera / Udemy / edX, ChatGPT / AI tools, College LMS, WhatsApp / Telegram, Physical notes",6,,,,,,,,
2150,e14fc3506630213cf4dbb3dddf035e19aad46cfaf81f1761b7791f1f48a64d67,2026-03-05 16:59:42,Week 1,4,2 – 4 hours,3,2,Rarely,"ChatGPT, Google Gemini",1 – 3,2,"Poor internet, Mobile-only access",2,2,False,,Slightly worse,"NPTEL / SWAYAM, College LMS",2026-02-02 12:45:31,Madhya Pradesh,Central University,B.Tech,3rd Year,8.0 – 9.0,2 – 4 hours,"ChatGPT / AI tools, WhatsApp / Telegram",2,,,,,,,,
2151,6cdee50dedfbbd1a46317cf81321165ab42071b577d2f1514daac32cb4160095,2026-03-05 17:00:39,Week 1,3,2 – 4 hours,2,3,Rarely,"ChatGPT, Google Gemini",3 – 6,2,"Mobile-only access, No quiet study space",2,2,False,,Slightly worse,"YouTube, NPTEL / SWAYAM, Coursera / Udemy / edX",2026-02-02 12:39:28,Gujarat,Private University,B.Tech,3rd Year,8.0 – 9.0,6+ hours,NaN,1,,,,,,,,
2152,8773494ab4b07b7f7350b8d37e960ba5d05e7caf5ffbb75a943c63465a604b7f,2026-03-05 17:01:25,Week 1,3,2 – 4 hours,2,2,Rarely,"ChatGPT, Google Gemini",1 – 3,2,"Poor internet, Mobile-only access",2,2,False,,Slightly worse,"YouTube, NPTEL / SWAYAM, Coursera / Udemy / edX",2026-01-31 18:47:34,Tamil Nadu,IIT / NIT,B.Tech,2nd Year,9.0+,4 – 6 hours,"YouTube, NPTEL / SWAYAM, Coursera / Udemy / edX, ChatGPT / AI tools, College LMS, WhatsApp / Telegram, Physical notes",7,,,,,,,,
2153,ef4aca4b5a9ddc8cfe1cda04eef5cb540a47e603dac29e3f59b7bdd1a387191d,2026-03-05 17:03:10,Week 2,6,2 – 4 hours,2,2,Sometimes,"ChatGPT, Google Gemini, Claude",3 – 6,3,"Poor internet, Mobile-only access, No quiet study space",3,3,False,,About the same,"YouTube, NPTEL / SWAYAM, College LMS",2026-02-02 12:52:17,Maharashtra,Private University,B.Tech,Others,6.0 – 7.0,2 – 4 hours,"YouTube, ChatGPT / AI tools",2,,,,,,,,
2154,e14fc3506630213cf4dbb3dddf035e19aad46cfaf81f1761b7791f1f48a64d67,2026-03-05 17:04:26,Week 2,13,2 – 4 hours,3,4,Often,"ChatGPT, Google Gemini",6 – 10,5,"No quiet study space, Health / stress issues, None",5,5,False,,Slightly better,"YouTube, NPTEL / SWAYAM",2026-02-02 12:45:31,Madhya Pradesh,Central University,B.Tech,3rd Year,8.0 – 9.0,2 – 4 hours,"ChatGPT / AI tools, WhatsApp / Telegram",2,,,,,,,,
2155,cf47f395a464caa7ab1da1745c2d650002296d75e8eac41561b430a83f4382f8,2026-03-05 17:05:29,Week 1,30,4 – 6 hours,4,4,Always,"ChatGPT, Claude, Canva AI",6 – 10,3,Health / stress issues,3,3,False,80.0,Slightly worse,YouTube,2026-01-31 18:49:58,Tamil Nadu,Central University,B.Sc,3rd Year,7.0 – 8.0,2 – 4 hours,"YouTube, NPTEL / SWAYAM, Coursera / Udemy / edX, ChatGPT / AI tools, Notion / Anki / Obsidian",5,,,,,,,,
2156,f90ab6deefe14d178606a393182b36cdc645169d692772666b9c29214c2a4e40,2026-03-05 17:06:14,Week 2,20,6+ hours,5,5,Often,"ChatGPT, Google Gemini",6 – 10,4,"Poor internet, Mobile-only access",4,4,False,,Slightly better,"YouTube, NPTEL / SWAYAM, Coursera / Udemy / edX",2026-02-05 21:56:57,Telangana,Private University,B.Tech,3rd Year,7.0 – 8.0,0 – 2 hours,"ChatGPT / AI tools, WhatsApp / Telegram",2,,,,,,,,
2157,16a56bf3b362259b32e3bc7d18a95d94213241560809ad3c4d5ddba644365acb,2026-03-05 17:07:04,Week 2,20,6+ hours,5,5,Sometimes,"ChatGPT, Google Gemini, Microsoft Copilot, Claude",6 – 10,4,"Poor internet, Mobile-only access",5,5,False,,About the same,"YouTube, College LMS",2026-02-19 13:19:58,Tamil Nadu,State University,B.Sc,2nd Year,8.0 – 9.0,2 – 4 hours,"YouTube, NPTEL / SWAYAM, Coursera / Udemy / edX, ChatGPT / AI tools, Notion / Anki / Obsidian",5,,,,,,,,
2158,49c29b44c0f2dba949371e3de5aaea4ace47ef333c771bda5ab86551a01e7a7d,2026-03-05 17:07:50,Week 3,3,0 – 2 hours,2,1,Never,"ChatGPT, Google Gemini",1 – 3,1,Poor internet,1,1,False,,Much worse,College LMS,2026-02-02 12:49:39,Uttar Pradesh,Central University,B.Tech,Others,8.0 – 9.0,2 – 4 hours,"YouTube, ChatGPT / AI tools",2,,,,,,,,
2159,32b68dc8923730efba7e69129bcc4d5555495cc9359174e99e3d50570ce6de44,2026-03-05 17:08:35,Week 3,2,0 – 2 hours,2,2,Rarely,Google Gemini,1 – 3,2,"Mobile-only access, No quiet study space",2,1,False,,Slightly worse,Coursera / Udemy / edX,2026-01-31 14:55:58,Kerala,State University,B.Sc,1st Year,7.0 – 8.0,0 – 2 hours,"YouTube, ChatGPT / AI tools, College LMS, WhatsApp / Telegram",4,,,,,,,,
2160,b7c45e43b3e4defcfa15c66053995acfb95306f516892ea504b4a561e64a85b9,2026-03-05 17:08:36,Week 1,39,4 – 6 hours,4,3,Sometimes,"ChatGPT, Claude",6 – 10,4,Poor internet,4,4,False,,Slightly better,"YouTube, College LMS",2026-01-31 18:40:13,Tamil Nadu,IIT / NIT,B.Sc,2nd Year,6.0 – 7.0,0 – 2 hours,"YouTube, NPTEL / SWAYAM, ChatGPT / AI tools",3,,,,,,,,
2161,97b26b3698560201c1218be1d50871d93f4ae1f4a79deeb268b0ba686e43fdeb,2026-03-05 17:09:59,Week 3,5,0 – 2 hours,2,2,Rarely,Google Gemini,1 – 3,2,Poor internet,2,3,False,,Much worse,NPTEL / SWAYAM,2025-12-26 07:18:01,Tamil Nadu,Deemed University,B.Tech,3rd Year,8.0 – 9.0,0 – 2 hours,"ChatGPT / AI tools, College LMS, WhatsApp / Telegram",3,,,,,,,,
2162,a0844c331d7454600df29956fea1f640e9035aa0e376172eded377ff472dedbe,2026-03-05 17:10:05,Week 1,22,4 – 6 hours,4,4,Never,"ChatGPT, Google Gemini",6 – 10,4,Poor internet,4,3,False,66.0,About the same,NPTEL / SWAYAM,2026-01-31 18:46:52,Karnataka,Central University,B.Sc,1st Year,7.0 – 8.0,2 – 4 hours,"NPTEL / SWAYAM, Coursera / Udemy / edX, ChatGPT / AI tools, College LMS, WhatsApp / Telegram, Physical notes",6,,,,,,,,
2163,f90ab6deefe14d178606a393182b36cdc645169d692772666b9c29214c2a4e40,2026-03-05 17:11:27,Week 3,3,2 – 4 hours,1,2,Rarely,"Claude, QuillBot",1 – 3,3,"Poor internet, Mobile-only access, No quiet study space, Health / stress issues, None",2,2,False,,Slightly worse,"Notion / Anki / Obsidian, Physical Notes",2026-02-05 21:56:57,Telangana,Private University,B.Tech,3rd Year,7.0 – 8.0,0 – 2 hours,"ChatGPT / AI tools, WhatsApp / Telegram",2,,,,,,,,
2164,219d4ac6903fffab5ab1d64d6ed0b331adcc691f0e116fb7f62cefba91f7b0ec,2026-03-05 17:11:45,Week 2,35,4 – 6 hours,4,4,Often,"ChatGPT, Perplexity AI",6 – 10,4,Mobile-only access,4,4,False,75.0,About the same,"YouTube, NPTEL / SWAYAM",2025-12-26 18:34:24,Andhra Pradesh,Private University,B.Tech,3rd Year,9.0+,0 – 2 hours,ChatGPT / AI tools,1,,,,,,,,
2165,32b68dc8923730efba7e69129bcc4d5555495cc9359174e99e3d50570ce6de44,2026-03-05 17:13:19,Week 3,8,2 – 4 hours,2,3,Never,"ChatGPT, Google Gemini, Microsoft Copilot, Claude, Perplexity AI, Grammarly, QuillBot, Notion AI, Jasper AI, GitHub Copilot, Codeium, Replit AI, Tabnine, Canva AI, DALL·E, Midjourney, Adobe Firefly, Khanmigo (Khan Academy AI)",1 – 3,1,"Poor internet, Mobile-only access, No quiet study space, Health / stress issues",1,1,False,,Much worse,"YouTube, NPTEL / SWAYAM, Coursera / Udemy / edX, College LMS, Notion / Anki / Obsidian, WhatsApp / Telegram (for study purposes), Physical Notes",2026-01-31 14:55:58,Kerala,State University,B.Sc,1st Year,7.0 – 8.0,0 – 2 hours,"YouTube, ChatGPT / AI tools, College LMS, WhatsApp / Telegram",4,,,,,,,,
2166,c4fc9686cc1b927682fbf989fe97901e479c7d5a214ce073d7cc6062f4682ed6,2026-03-05 17:14:13,Week 2,49,4 – 6 hours,5,4,Often,"ChatGPT, Google Gemini",6 – 10,4,"Poor internet, Health / stress issues",4,5,False,70.0,Much better,"YouTube, NPTEL / SWAYAM",2026-02-23 10:06:40,Andhra Pradesh,Private University,B.Com,3rd Year,6.0 – 7.0,0 – 2 hours,"Coursera / Udemy / edX, ChatGPT / AI tools, Notion / Anki / Obsidian, WhatsApp / Telegram",4,,,,,,,,
2167,f90ab6deefe14d178606a393182b36cdc645169d692772666b9c29214c2a4e40,2026-03-05 17:14:43,Week 4,0,0 – 2 hours,4,1,Rarely,"ChatGPT, Google Gemini, Claude, Perplexity AI",3 – 6,3,"Poor internet, Mobile-only access, No quiet study space, Health / stress issues",2,1,False,,Much worse,"College LMS, Notion / Anki / Obsidian",2026-02-05 21:56:57,Telangana,Private University,B.Tech,3rd Year,7.0 – 8.0,0 – 2 hours,"ChatGPT / AI tools, WhatsApp / Telegram",2,,,,,,,,
2168,f8ecea41f5799921e46e5d82b8d41d92dba1fca7a66ca63506cc3c0aab382672,2026-03-05 17:15:01,Week 2,55,4 – 6 hours,5,5,Always,"ChatGPT, Google Gemini",6 – 10,4,"Mobile-only access, No quiet study space",5,5,False,88.0,Much better,"YouTube, NPTEL / SWAYAM",2026-01-27 17:56:30,Uttar Pradesh,Central University,B.Tech,4th Year,7.0 – 8.0,4 – 6 hours,"YouTube, NPTEL / SWAYAM, Coursera / Udemy / edX, ChatGPT / AI tools, Notion / Anki / Obsidian",5,,,,,,,,
2169,48cdb835c278ac6b10eed195f85632896d3be15d20d75197a0b916b2395939a6,2026-03-05 17:15:53,Week 4,8,0 – 2 hours,3,2,Rarely,"ChatGPT, Claude",1 – 3,3,"Mobile-only access, No quiet study space",3,2,False,,Much worse,"YouTube, NPTEL / SWAYAM, Coursera / Udemy / edX, College LMS",2026-01-27 00:18:46,Telangana,IIT / NIT,B.Sc,3rd Year,7.0 – 8.0,0 – 2 hours,"YouTube, NPTEL / SWAYAM, ChatGPT / AI tools, WhatsApp / Telegram, Physical notes only",5,,,,,,,,
2170,d2db0cecaf1edf2f34e8fcb492052acd27453600c6cc493e25700d9c3b289761,2026-03-05 17:17:21,Week 4,14,0 – 2 hours,2,2,Rarely,"ChatGPT, Google Gemini",1 – 3,2,"Poor internet, Mobile-only access",2,2,False,,Much worse,"NPTEL / SWAYAM, Coursera / Udemy / edX, WhatsApp / Telegram (for study purposes)",2026-02-02 12:56:07,Uttar Pradesh,IIT / NIT,Other,2nd Year,Prefer not to say,2 – 4 hours,"YouTube, Coursera / Udemy / edX",2,,,,,,,,
2171,27d91473394ea1f8f97a8f1740492902f4ab1abbfe0b003e4536904eaba6dca0,2026-03-05 17:18:14,Week 4,4,2 – 4 hours,2,2,Sometimes,"ChatGPT, Google Gemini, Microsoft Copilot",3 – 6,2,"Poor internet, Mobile-only access, No quiet study space",3,3,False,,Slightly worse,"YouTube, College LMS",2026-01-31 18:43:28,Tamil Nadu,IIT / NIT,B.Tech,3rd Year,7.0 – 8.0,2 – 4 hours,"YouTube, NPTEL / SWAYAM, Coursera / Udemy / edX, ChatGPT / AI tools, Notion / Anki / Obsidian, College LMS, WhatsApp / Telegram, Physical notes",8,,,,,,,,
2172,e14fc3506630213cf4dbb3dddf035e19aad46cfaf81f1761b7791f1f48a64d67,2026-03-05 17:19:01,Week 4,10,2 – 4 hours,3,2,Never,"ChatGPT, Google Gemini, Microsoft Copilot, Claude",3 – 6,2,"Poor internet, Mobile-only access, No quiet study space, Health / stress issues",2,3,False,,Slightly worse,NaN,2026-02-02 12:45:31,Madhya Pradesh,Central University,B.Tech,3rd Year,8.0 – 9.0,2 – 4 hours,"ChatGPT / AI tools, WhatsApp / Telegram",2,,,,,,,,
2173,522e39ae01bce33e97b085b9517a3680984adf0d38e718487e3314eb74127ab2,2026-03-05 17:19:53,Week 3,70,6+ hours,5,5,Always,"ChatGPT, Google Gemini",10+,5,NaN,5,3,False,77.0,Slightly better,YouTube,2026-01-31 18:48:52,Tamil Nadu,State University,B.Tech,2nd Year,Below 6.0,0 – 2 hours,"YouTube, ChatGPT / AI tools, WhatsApp / Telegram",3,,,,,,,,
2174,3d83828233d057f5e1e37a4c9e784850077d6638768e69b0f6b5d4e5e2dfc994,2026-03-05 17:20:52,Week 4,59,6+ hours,5,5,Always,"ChatGPT, Google Gemini",10+,5,Health / stress issues,5,5,False,78.0,Much better,"YouTube, NPTEL / SWAYAM",2026-01-12 21:41:37,Tamil Nadu,Private University,B.Tech,3rd Year,8.0 – 9.0,0 – 2 hours,"YouTube, ChatGPT / AI tools",2,,,,,,,,
2175,0e155a1241bd00b2d588262223a52e0f8a911a4000092f096e6968dccae9e61b,2026-03-05 17:21:43,Week 4,50,6+ hours,5,5,Sometimes,"ChatGPT, Google Gemini",10+,5,Poor internet,5,5,False,50.0,Slightly worse,YouTube,2026-02-03 11:16:29,Tamil Nadu,IIT / NIT,B.Tech,4th Year,8.0 – 9.0,2 – 4 hours,"ChatGPT / AI tools, College LMS",2,,,,,,,,
2176,d2db0cecaf1edf2f34e8fcb492052acd27453600c6cc493e25700d9c3b289761,2026-03-05 17:22:39,Week 4,3,0 – 2 hours,1,1,Never,ChatGPT,1 – 3,2,Poor internet,1,1,False,34.0,Much worse,YouTube,2026-02-02 12:56:07,Uttar Pradesh,IIT / NIT,Other,2nd Year,Prefer not to say,2 – 4 hours,"YouTube, Coursera / Udemy / edX",2,,,,,,,,
2177,b9c03c59028b4485073ac377b7c14dfe728898b0dccd931ebc2eea5d5b1d746a,2026-03-09 20:29:56,Week 7,1,0 – 2 hours,2,2,Never,ChatGPT,3 – 6,4,NaN,4,4,False,80.0,About the same,NaN,2025-12-27 14:52:29,Tamil Nadu,Central University,B.Tech,3rd Year,8.0 – 9.0,2 – 4 hours,"ChatGPT / AI tools, College LMS, WhatsApp / Telegram",3,,,,,,,,
2189,ad04e596e1af01ab238040c91de85cefe7f49fb2aabec57135e928a5ee02305e,2026-01-12 23:15:31,Week 1,2,0 – 2 hours,1,1,Never,"ChatGPT, Google Gemini",1 – 3,1,"Poor internet, No quiet study space",1,1,False,,Slightly worse,"YouTube, WhatsApp / Telegram (for study purposes), Physical Notes",2026-02-02 13:10:08,Karnataka,IIT / NIT,BBA,Others,7.0 – 8.0,2 – 4 hours,"YouTube, NPTEL / SWAYAM",2,,,,,,,,
2190,2b17d11e7d9c1af7a7fed72e60e90a5ee797f0b6e0cc8645592f6fdc2ad13cd2,2026-01-13 19:46:14,Week 2,3,2 – 4 hours,3,3,Rarely,"ChatGPT, Perplexity AI",1 – 3,3,"No quiet study space, Health / stress issues",3,3,False,,About the same,"YouTube, College LMS, Notion / Anki / Obsidian",2026-01-31 18:51:00,Tamil Nadu,State University,B.Tech,1st Year,6.0 – 7.0,2 – 4 hours,"YouTube, Coursera / Udemy / edX, ChatGPT / AI tools, Notion / Anki / Obsidian, WhatsApp / Telegram",5,,,,,,,,
2191,7b5c4bd7d59556f437489bc9729a8c19655b90085e45e8dff621cf66913fc521,2026-01-16 12:27:49,Week 1,14,2 – 4 hours,2,2,Rarely,"ChatGPT, Perplexity AI",3 – 6,4,"Mobile-only access, No quiet study space",2,4,False,,Much worse,"YouTube, Notion / Anki / Obsidian, WhatsApp / Telegram (for study purposes)",2026-02-23 10:13:22,Kerala,State University,B.Tech,3rd Year,Prefer not to say,2 – 4 hours,"YouTube, NPTEL / SWAYAM, Coursera / Udemy / edX, ChatGPT / AI tools, Notion / Anki / Obsidian, College LMS, WhatsApp / Telegram, Physical notes",8,,,,,,,,
2192,0e155a1241bd00b2d588262223a52e0f8a911a4000092f096e6968dccae9e61b,2026-01-31 11:32:52,Week 1,5,0 – 2 hours,4,4,Often,"ChatGPT, Google Gemini, Claude, Perplexity AI, Notion AI, Replit AI, Canva AI, DALL·E",3 – 6,4,Health / stress issues,4,4,False,80.0,Slightly better,"YouTube, WhatsApp / Telegram (for study purposes)",2026-02-03 11:16:29,Tamil Nadu,IIT / NIT,B.Tech,4th Year,8.0 – 9.0,2 – 4 hours,"ChatGPT / AI tools, College LMS",2,,,,,,,,
2193,e8386eec4c2f671d625ec0a877e0c9af57a196443df6751cfd908bc4bb188c51,2026-01-31 14:55:23,Week 1,60,4 – 6 hours,4,3,Sometimes,"ChatGPT, Microsoft Copilot, GitHub Copilot, Replit AI",3 – 6,3,"Poor internet, No quiet study space",3,3,False,,Slightly better,"YouTube, WhatsApp / Telegram (for study purposes), Physical Notes",2026-01-31 18:42:45,Kerala,State University,B.Com,2nd Year,Prefer not to say,2 – 4 hours,"YouTube, NPTEL / SWAYAM, Coursera / Udemy / edX, Notion / Anki / Obsidian, Physical notes",5,,,,,,,,
2194,7b5c4bd7d59556f437489bc9729a8c19655b90085e45e8dff621cf66913fc521,2026-01-31 16:07:51,Week 1,20,0 – 2 hours,3,1,Never,Google Gemini,3 – 6,5,"Poor internet, No quiet study space",2,5,False,75.0,Slightly worse,"YouTube, Notion / Anki / Obsidian",2026-02-23 10:13:22,Kerala,State University,B.Tech,3rd Year,Prefer not to say,2 – 4 hours,"YouTube, NPTEL / SWAYAM, Coursera / Udemy / edX, ChatGPT / AI tools, Notion / Anki / Obsidian, College LMS, WhatsApp / Telegram, Physical notes",8,,,,,,,,
2195,86b1b7c8fd97ac6aa33f3f67e3c3652ee35ae2226cc4798385726481eea05f57,2026-01-31 16:39:48,Week 1,20,4 – 6 hours,3,3,Sometimes,"ChatGPT, Google Gemini",1 – 3,3,Health / stress issues,3,2,False,,Slightly worse,"YouTube, NPTEL / SWAYAM, WhatsApp / Telegram (for study purposes), Physical Notes",2026-01-31 18:50:27,Tamil Nadu,Central University,B.Tech,1st Year,7.0 – 8.0,0 – 2 hours,"YouTube, ChatGPT / AI tools, College LMS, WhatsApp / Telegram",4,,,,,,,,
2196,16a56bf3b362259b32e3bc7d18a95d94213241560809ad3c4d5ddba644365acb,2026-01-31 17:56:30,Week 1,4,2 – 4 hours,1,1,Never,ChatGPT,1 – 3,3,Poor internet,1,1,False,,Much worse,Physical Notes,2026-02-19 13:19:58,Tamil Nadu,State University,B.Sc,2nd Year,8.0 – 9.0,2 – 4 hours,"YouTube, NPTEL / SWAYAM, Coursera / Udemy / edX, ChatGPT / AI tools, Notion / Anki / Obsidian",5,,,,,,,,
2197,cf47f395a464caa7ab1da1745c2d650002296d75e8eac41561b430a83f4382f8,2026-01-31 18:23:25,Week 1,13,0 – 2 hours,1,1,Never,"ChatGPT, Google Gemini, Perplexity AI, Canva AI",6 – 10,3,"Poor internet, Mobile-only access, Health / stress issues",2,3,False,50.0,Slightly worse,"YouTube, College LMS, WhatsApp / Telegram (for study purposes), Physical Notes",2026-01-31 18:49:58,Tamil Nadu,Central University,B.Sc,3rd Year,7.0 – 8.0,2 – 4 hours,"YouTube, NPTEL / SWAYAM, Coursera / Udemy / edX, ChatGPT / AI tools, Notion / Anki / Obsidian",5,,,,,,,,
2198,a091d9857e1b26dac9ad43d43de3cfab7f19df9cadb73e095b0b4a74a5e9bc3d,2026-01-31 18:55:41,Week 1,14,0 – 2 hours,1,1,Never,"ChatGPT, Google Gemini, Microsoft Copilot, Perplexity AI",3 – 6,3,"Poor internet, Mobile-only access",2,4,False,,Slightly worse,"YouTube, Coursera / Udemy / edX, College LMS, Physical Notes",2026-01-27 19:47:23,Tamil Nadu,Deemed University,B.Tech,4th Year,9.0+,0 – 2 hours,"YouTube, ChatGPT / AI tools, WhatsApp / Telegram",3,,,,,,,,
2199,c4fc9686cc1b927682fbf989fe97901e479c7d5a214ce073d7cc6062f4682ed6,2026-01-31 18:57:01,Week 1,23,2 – 4 hours,3,3,Sometimes,"ChatGPT, Google Gemini, Microsoft Copilot, Claude, Perplexity AI, Grammarly, QuillBot, GitHub Copilot, Canva AI, Khanmigo (Khan Academy AI)",6 – 10,4,No quiet study space,3,3,False,70.0,About the same,"YouTube, NPTEL / SWAYAM, Coursera / Udemy / edX, College LMS, WhatsApp / Telegram (for study purposes), Physical Notes",2026-02-23 10:06:40,Andhra Pradesh,Private University,B.Com,3rd Year,6.0 – 7.0,0 – 2 hours,"Coursera / Udemy / edX, ChatGPT / AI tools, Notion / Anki / Obsidian, WhatsApp / Telegram",4,,,,,,,,
2200,e9f047d3c2da21e5de56f3abab5c156cedf45843e25e1cc9c00e542a0848fb89,2026-01-31 19:00:49,Week 1,26,2 – 4 hours,2,2,Sometimes,"ChatGPT, Google Gemini, Microsoft Copilot, Claude, Perplexity AI, Grammarly, Notion AI, GitHub Copilot, Codeium, Canva AI, DALL·E",3 – 6,3,"Poor internet, Mobile-only access",2,4,False,70.0,Slightly worse,"YouTube, NPTEL / SWAYAM, Coursera / Udemy / edX, College LMS, WhatsApp / Telegram (for study purposes), Physical Notes",2026-02-23 10:04:41,Andhra Pradesh,Central University,B.Tech,2nd Year,7.0 – 8.0,0 – 2 hours,"YouTube, NPTEL / SWAYAM, Coursera / Udemy / edX, Notion / Anki / Obsidian, WhatsApp / Telegram",5,,,,,,,,
2201,81ddebb1fc0e6b009a5655dea87854093d1374914f03d128e615c955c9007504,2026-01-31 19:02:01,Week 1,22,2 – 4 hours,3,2,Rarely,"ChatGPT, Google Gemini, Microsoft Copilot, Claude, Perplexity AI, Grammarly, GitHub Copilot, Codeium, Replit AI, Tabnine, Canva AI",6 – 10,4,NaN,3,3,False,80.0,About the same,"YouTube, NPTEL / SWAYAM, Coursera / Udemy / edX, College LMS, WhatsApp / Telegram (for study purposes), Physical Notes",2026-01-12 20:20:23,Tamil Nadu,Private University,B.Tech,3rd Year,7.0 – 8.0,2 – 4 hours,"YouTube, ChatGPT / AI tools, WhatsApp / Telegram, Physical notes only",4,,,,,,,,
2202,a091d9857e1b26dac9ad43d43de3cfab7f19df9cadb73e095b0b4a74a5e9bc3d,2026-01-31 19:04:48,Week 1,30,2 – 4 hours,3,3,Sometimes,"ChatGPT, Google Gemini, Microsoft Copilot, Claude, QuillBot, Notion AI, GitHub Copilot, Midjourney, Adobe Firefly, Khanmigo (Khan Academy AI)",6 – 10,4,"Poor internet, Health / stress issues",3,5,False,,Slightly worse,"YouTube, NPTEL / SWAYAM, Coursera / Udemy / edX, College LMS, WhatsApp / Telegram (for study purposes), Physical Notes",2026-01-27 19:47:23,Tamil Nadu,Deemed University,B.Tech,4th Year,9.0+,0 – 2 hours,"YouTube, ChatGPT / AI tools, WhatsApp / Telegram",3,,,,,,,,
2203,cf47f395a464caa7ab1da1745c2d650002296d75e8eac41561b430a83f4382f8,2026-01-31 19:05:17,Week 1,60,4 – 6 hours,4,3,Rarely,"ChatGPT, Google Gemini",6 – 10,4,"No quiet study space, Health / stress issues",3,4,False,0.0,About the same,"YouTube, Physical Notes",2026-01-31 18:49:58,Tamil Nadu,Central University,B.Sc,3rd Year,7.0 – 8.0,2 – 4 hours,"YouTube, NPTEL / SWAYAM, Coursera / Udemy / edX, ChatGPT / AI tools, Notion / Anki / Obsidian",5,,,,,,,,
2204,2b17d11e7d9c1af7a7fed72e60e90a5ee797f0b6e0cc8645592f6fdc2ad13cd2,2026-01-31 19:06:54,Week 1,50,4 – 6 hours,3,3,Often,"ChatGPT, Google Gemini, Microsoft Copilot, Claude, Perplexity AI, GitHub Copilot",6 – 10,5,"Poor internet, No quiet study space",2,5,False,75.0,About the same,"YouTube, College LMS, WhatsApp / Telegram (for study purposes), Physical Notes",2026-01-31 18:51:00,Tamil Nadu,State University,B.Tech,1st Year,6.0 – 7.0,2 – 4 hours,"YouTube, Coursera / Udemy / edX, ChatGPT / AI tools, Notion / Anki / Obsidian, WhatsApp / Telegram",5,,,,,,,,
2205,c4fc9686cc1b927682fbf989fe97901e479c7d5a214ce073d7cc6062f4682ed6,2026-01-31 19:10:39,Week 1,40,4 – 6 hours,4,4,Sometimes,"ChatGPT, Google Gemini, Microsoft Copilot, Claude, Perplexity AI, Grammarly, Jasper AI, GitHub Copilot, Replit AI, Canva AI, Adobe Firefly, Khanmigo (Khan Academy AI)",6 – 10,5,NaN,3,3,False,80.0,Slightly better,"YouTube, NPTEL / SWAYAM, College LMS, WhatsApp / Telegram (for study purposes), Physical Notes",2026-02-23 10:06:40,Andhra Pradesh,Private University,B.Com,3rd Year,6.0 – 7.0,0 – 2 hours,"Coursera / Udemy / edX, ChatGPT / AI tools, Notion / Anki / Obsidian, WhatsApp / Telegram",4,,,,,,,,
2206,8bfc27000534160835a23ec100f95667b3894c6b3e90a6027721d3322ad782dc,2026-01-31 19:13:43,Week 1,50,6+ hours,3,2,Often,"ChatGPT, Google Gemini, Microsoft Copilot, Claude, Perplexity AI, Grammarly",3 – 6,4,No quiet study space,3,5,False,60.0,About the same,"YouTube, NPTEL / SWAYAM, Coursera / Udemy / edX, College LMS, WhatsApp / Telegram (for study purposes), Physical Notes",2026-02-05 21:46:59,Telangana,Private University,B.Tech,3rd Year,9.0+,0 – 2 hours,"YouTube, ChatGPT / AI tools, Physical notes",3,,,,,,,,
2207,1dd2975d45d1e27948cae456e3827e3b50778c013fecee985fb0422f4a492ba2,2026-01-31 19:15:02,Week 1,45,4 – 6 hours,2,2,Rarely,"ChatGPT, Google Gemini, Microsoft Copilot, Claude, Perplexity AI, Grammarly, Codeium, Replit AI, Tabnine, Canva AI",10+,5,NaN,2,4,False,70.0,Slightly worse,"YouTube, Coursera / Udemy / edX, WhatsApp / Telegram (for study purposes), Physical Notes",2026-02-19 13:17:59,Andhra Pradesh,State University,B.Tech,2nd Year,7.0 – 8.0,6+ hours,"YouTube, NPTEL / SWAYAM, Coursera / Udemy / edX, ChatGPT / AI tools, Notion / Anki / Obsidian, College LMS, WhatsApp / Telegram, Physical notes",8,,,,,,,,
2208,2b17d11e7d9c1af7a7fed72e60e90a5ee797f0b6e0cc8645592f6fdc2ad13cd2,2026-01-31 19:16:03,Week 1,35,2 – 4 hours,2,1,Never,"ChatGPT, Google Gemini",3 – 6,3,"Poor internet, No quiet study space, Health / stress issues",2,5,False,50.0,Slightly worse,"YouTube, WhatsApp / Telegram (for study purposes), Physical Notes",2026-01-31 18:51:00,Tamil Nadu,State University,B.Tech,1st Year,6.0 – 7.0,2 – 4 hours,"YouTube, Coursera / Udemy / edX, ChatGPT / AI tools, Notion / Anki / Obsidian, WhatsApp / Telegram",5,,,,,,,,
2209,219d4ac6903fffab5ab1d64d6ed0b331adcc691f0e116fb7f62cefba91f7b0ec,2026-01-31 19:17:08,Week 1,49,6+ hours,3,2,Always,"ChatGPT, Google Gemini, Microsoft Copilot, Claude, Perplexity AI, Grammarly, Jasper AI",6 – 10,5,"Poor internet, No quiet study space, Health / stress issues",3,5,False,80.0,About the same,"YouTube, NPTEL / SWAYAM, WhatsApp / Telegram (for study purposes), Physical Notes",2025-12-26 18:34:24,Andhra Pradesh,Private University,B.Tech,3rd Year,9.0+,0 – 2 hours,ChatGPT / AI tools,1,,,,,,,,
2210,132137538b93be89ed6c9815b322a7a0f58530b8c229d1809265140f5cb8c398,2026-01-31 19:18:01,Week 1,60,6+ hours,4,2,Sometimes,"ChatGPT, Google Gemini, Microsoft Copilot, Claude, Perplexity AI, Grammarly, GitHub Copilot",6 – 10,5,No quiet study space,3,3,False,75.0,About the same,"YouTube, Coursera / Udemy / edX, College LMS, WhatsApp / Telegram (for study purposes), Physical Notes",2026-01-13 19:44:22,Tamil Nadu,Deemed University,B.Tech,3rd Year,7.0 – 8.0,2 – 4 hours,"YouTube, ChatGPT / AI tools",2,,,,,,,,
2211,f8ecea41f5799921e46e5d82b8d41d92dba1fca7a66ca63506cc3c0aab382672,2026-01-31 19:38:23,Week 1,30,2 – 4 hours,3,1,Sometimes,"ChatGPT, Microsoft Copilot, Claude, Perplexity AI, Notion AI",3 – 6,4,"Poor internet, No quiet study space, Health / stress issues",3,5,False,90.0,Slightly worse,"YouTube, WhatsApp / Telegram (for study purposes), Physical Notes",2026-01-27 17:56:30,Uttar Pradesh,Central University,B.Tech,4th Year,7.0 – 8.0,4 – 6 hours,"YouTube, NPTEL / SWAYAM, Coursera / Udemy / edX, ChatGPT / AI tools, Notion / Anki / Obsidian",5,,,,,,,,
2212,794e3ecad2e18d7bce8d1013a9e08fe529cc63443905f9864cedec22f7a9459b,2026-01-31 21:34:43,Week 1,2,0 – 2 hours,3,1,Sometimes,"ChatGPT, Google Gemini, Claude, Perplexity AI, Notion AI",1 – 3,4,"Poor internet, Mobile-only access, No quiet study space, Health / stress issues",3,5,False,80.0,Slightly worse,"YouTube, Notion / Anki / Obsidian, Physical Notes",2025-12-27 12:35:23,Tamil Nadu,Deemed University,B.Tech,3rd Year,6.0 – 7.0,0 – 2 hours,"YouTube, ChatGPT / AI tools",2,,,,,,,,
2213,794e3ecad2e18d7bce8d1013a9e08fe529cc63443905f9864cedec22f7a9459b,2026-01-31 21:35:59,Week 1,22,2 – 4 hours,4,4,Sometimes,"ChatGPT, Google Gemini, Perplexity AI",6 – 10,5,"Poor internet, Mobile-only access, Health / stress issues",4,5,False,,Much better,"YouTube, College LMS, Notion / Anki / Obsidian, WhatsApp / Telegram (for study purposes), Physical Notes",2025-12-27 12:35:23,Tamil Nadu,Deemed University,B.Tech,3rd Year,6.0 – 7.0,0 – 2 hours,"YouTube, ChatGPT / AI tools",2,,,,,,,,
2214,5e849a6892d6df48c1362529cab706d619efa96a172b3f715bc1f5ccd5ca61ec,2026-02-01 20:06:39,Week 1,6,0 – 2 hours,4,1,Never,"ChatGPT, Google Gemini",3 – 6,5,Health / stress issues,5,4,False,80.0,About the same,"YouTube, WhatsApp / Telegram (for study purposes), Physical Notes",2026-02-02 13:01:28,Uttar Pradesh,IIT / NIT,BA,Others,8.0 – 9.0,2 – 4 hours,"YouTube, ChatGPT / AI tools",2,,,,,,,,
2215,3d83828233d057f5e1e37a4c9e784850077d6638768e69b0f6b5d4e5e2dfc994,2026-02-02 00:28:33,Week 1,3,0 – 2 hours,1,1,Rarely,"ChatGPT, Google Gemini, Microsoft Copilot, Claude, Perplexity AI, Grammarly",1 – 3,4,"No quiet study space, Health / stress issues",1,4,False,,About the same,"YouTube, College LMS, WhatsApp / Telegram (for study purposes), Physical Notes",2026-01-12 21:41:37,Tamil Nadu,Private University,B.Tech,3rd Year,8.0 – 9.0,0 – 2 hours,"YouTube, ChatGPT / AI tools",2,,,,,,,,
2216,ef4aca4b5a9ddc8cfe1cda04eef5cb540a47e603dac29e3f59b7bdd1a387191d,2026-02-02 21:55:05,Week 1,12,2 – 4 hours,3,3,Rarely,"ChatGPT, Google Gemini, Claude, Canva AI",3 – 6,3,Mobile-only access,3,3,False,,About the same,"YouTube, Coursera / Udemy / edX",2026-02-02 12:52:17,Maharashtra,Private University,B.Tech,Others,6.0 – 7.0,2 – 4 hours,"YouTube, ChatGPT / AI tools",2,,,,,,,,
2217,e14fc3506630213cf4dbb3dddf035e19aad46cfaf81f1761b7791f1f48a64d67,2026-02-03 10:30:21,Week 1,20,2 – 4 hours,3,1,Often,"ChatGPT, Google Gemini",10+,5,Health / stress issues,3,4,False,,About the same,YouTube,2026-02-02 12:45:31,Madhya Pradesh,Central University,B.Tech,3rd Year,8.0 – 9.0,2 – 4 hours,"ChatGPT / AI tools, WhatsApp / Telegram",2,,,,,,,,
2218,c4fc9686cc1b927682fbf989fe97901e479c7d5a214ce073d7cc6062f4682ed6,2026-02-03 10:38:09,Week 2,16,0 – 2 hours,5,5,Always,"ChatGPT, Google Gemini, Claude, Perplexity AI, GitHub Copilot",1 – 3,4,No quiet study space,4,4,False,85.0,Much better,"YouTube, Coursera / Udemy / edX, Physical Notes",2026-02-23 10:06:40,Andhra Pradesh,Private University,B.Com,3rd Year,6.0 – 7.0,0 – 2 hours,"Coursera / Udemy / edX, ChatGPT / AI tools, Notion / Anki / Obsidian, WhatsApp / Telegram",4,,,,,,,,
2219,a091d9857e1b26dac9ad43d43de3cfab7f19df9cadb73e095b0b4a74a5e9bc3d,2026-02-03 11:15:07,Week 2,9,0 – 2 hours,3,3,Sometimes,"Claude, Perplexity AI, Grammarly, QuillBot, GitHub Copilot",1 – 3,3,"Poor internet, Mobile-only access",3,3,False,,About the same,"Coursera / Udemy / edX, Notion / Anki / Obsidian",2026-01-27 19:47:23,Tamil Nadu,Deemed University,B.Tech,4th Year,9.0+,0 – 2 hours,"YouTube, ChatGPT / AI tools, WhatsApp / Telegram",3,,,,,,,,
2220,ad04e596e1af01ab238040c91de85cefe7f49fb2aabec57135e928a5ee02305e,2026-02-03 11:16:33,Week 2,5,2 – 4 hours,3,2,Sometimes,"ChatGPT, Google Gemini",6 – 10,3,"Poor internet, Mobile-only access, No quiet study space, Health / stress issues",2,4,False,50.0,Slightly worse,"YouTube, WhatsApp / Telegram (for study purposes)",2026-02-02 13:10:08,Karnataka,IIT / NIT,BBA,Others,7.0 – 8.0,2 – 4 hours,"YouTube, NPTEL / SWAYAM",2,,,,,,,,
2221,1ad669ada84e5263e09135c0723aae8e30fcb58819e440892efde165dd587a5e,2026-02-03 11:57:11,Week 1,50,6+ hours,5,5,Often,"ChatGPT, Google Gemini, Perplexity AI, Midjourney, None",10+,5,Health / stress issues,5,5,False,,Slightly better,"YouTube, College LMS, WhatsApp / Telegram (for study purposes)",2026-02-03 11:18:21,Karnataka,State University,BBA,3rd Year,7.0 – 8.0,2 – 4 hours,"YouTube, Coursera / Udemy / edX",2,,,,,,,,
2222,0e155a1241bd00b2d588262223a52e0f8a911a4000092f096e6968dccae9e61b,2026-02-03 11:58:01,Week 2,20,2 – 4 hours,3,3,Rarely,"ChatGPT, Google Gemini, Perplexity AI, Jasper AI",3 – 6,3,Mobile-only access,3,3,False,80.0,Slightly worse,"YouTube, College LMS, WhatsApp / Telegram (for study purposes)",2026-02-03 11:16:29,Tamil Nadu,IIT / NIT,B.Tech,4th Year,8.0 – 9.0,2 – 4 hours,"ChatGPT / AI tools, College LMS",2,,,,,,,,
2223,49c29b44c0f2dba949371e3de5aaea4ace47ef333c771bda5ab86551a01e7a7d,2026-02-03 12:00:28,Week 1,42,4 – 6 hours,4,4,Sometimes,"ChatGPT, Perplexity AI, Tabnine, Canva AI",1 – 3,4,NaN,4,4,False,,About the same,"YouTube, NPTEL / SWAYAM, Notion / Anki / Obsidian, Physical Notes",2026-02-02 12:49:39,Uttar Pradesh,Central University,B.Tech,Others,8.0 – 9.0,2 – 4 hours,"YouTube, ChatGPT / AI tools",2,,,,,,,,
2224,e14fc3506630213cf4dbb3dddf035e19aad46cfaf81f1761b7791f1f48a64d67,2026-02-03 12:05:44,Week 1,38,2 – 4 hours,3,2,Always,"Google Gemini, Perplexity AI, QuillBot, Codeium, Replit AI, Canva AI, Khanmigo (Khan Academy AI)",10+,4,"No quiet study space, None",3,3,False,,Much better,"YouTube, Coursera / Udemy / edX",2026-02-02 12:45:31,Madhya Pradesh,Central University,B.Tech,3rd Year,8.0 – 9.0,2 – 4 hours,"ChatGPT / AI tools, WhatsApp / Telegram",2,,,,,,,,
2225,9f7b57d47f3cd447af0a85a35c1ce5b1287d471159595088cd7493a849b93059,2026-02-03 12:20:13,Week 1,13,0 – 2 hours,3,4,Always,"ChatGPT, Microsoft Copilot, Claude, Grammarly, Notion AI, GitHub Copilot",3 – 6,3,Poor internet,2,3,False,70.0,About the same,"YouTube, NPTEL / SWAYAM, College LMS, WhatsApp / Telegram (for study purposes), Physical Notes",2026-02-02 12:38:26,Punjab,Central University,B.Tech,1st Year,6.0 – 7.0,4 – 6 hours,"YouTube, NPTEL / SWAYAM, Coursera / Udemy / edX, ChatGPT / AI tools, College LMS, WhatsApp / Telegram",6,,,,,,,,
2226,f8ecea41f5799921e46e5d82b8d41d92dba1fca7a66ca63506cc3c0aab382672,2026-02-03 12:28:44,Week 1,20,0 – 2 hours,3,4,Always,"ChatGPT, Google Gemini, Microsoft Copilot, Claude, Perplexity AI, QuillBot, Canva AI",3 – 6,3,"Poor internet, Mobile-only access, No quiet study space",2,4,False,50.0,Slightly worse,"Coursera / Udemy / edX, WhatsApp / Telegram (for study purposes), Physical Notes",2026-01-27 17:56:30,Uttar Pradesh,Central University,B.Tech,4th Year,7.0 – 8.0,4 – 6 hours,"YouTube, NPTEL / SWAYAM, Coursera / Udemy / edX, ChatGPT / AI tools, Notion / Anki / Obsidian",5,,,,,,,,
2227,1ad669ada84e5263e09135c0723aae8e30fcb58819e440892efde165dd587a5e,2026-02-03 12:29:41,Week 1,60,6+ hours,3,3,Rarely,"ChatGPT, Google Gemini, Microsoft Copilot, Claude, Perplexity AI, Grammarly, QuillBot, Replit AI, Tabnine, Canva AI, DALL·E, Midjourney",6 – 10,3,"Poor internet, Health / stress issues",3,5,False,90.0,Slightly better,"YouTube, NPTEL / SWAYAM, Coursera / Udemy / edX, College LMS",2026-02-03 11:18:21,Karnataka,State University,BBA,3rd Year,7.0 – 8.0,2 – 4 hours,"YouTube, Coursera / Udemy / edX",2,,,,,,,,
2228,81ddebb1fc0e6b009a5655dea87854093d1374914f03d128e615c955c9007504,2026-02-03 12:42:02,Week 1,25,4 – 6 hours,4,3,Sometimes,"ChatGPT, Google Gemini, Perplexity AI",3 – 6,4,NaN,4,3,False,85.0,Slightly better,"YouTube, Coursera / Udemy / edX, Notion / Anki / Obsidian",2026-01-12 20:20:23,Tamil Nadu,Private University,B.Tech,3rd Year,7.0 – 8.0,2 – 4 hours,"YouTube, ChatGPT / AI tools, WhatsApp / Telegram, Physical notes only",4,,,,,,,,
2229,c4fc9686cc1b927682fbf989fe97901e479c7d5a214ce073d7cc6062f4682ed6,2026-02-03 12:43:56,Week 1,20,2 – 4 hours,2,2,Rarely,"Claude, Grammarly",1 – 3,2,Poor internet,2,4,False,75.0,Much worse,College LMS,2026-02-23 10:06:40,Andhra Pradesh,Private University,B.Com,3rd Year,6.0 – 7.0,0 – 2 hours,"Coursera / Udemy / edX, ChatGPT / AI tools, Notion / Anki / Obsidian, WhatsApp / Telegram",4,,,,,,,,
2230,63c23cf4b390284f3ce1175699f5efa501022ba212fe21be99dc9e2d21deebbf,2026-02-03 12:46:15,Week 1,15,2 – 4 hours,2,2,Never,"ChatGPT, Microsoft Copilot",0,3,Health / stress issues,3,5,False,,About the same,YouTube,2026-02-02 12:38:59,Rajasthan,State University,B.Sc,2nd Year,7.0 – 8.0,4 – 6 hours,"Coursera / Udemy / edX, ChatGPT / AI tools, Notion / Anki / Obsidian, College LMS, Physical notes",5,,,,,,,,
2231,a0844c331d7454600df29956fea1f640e9035aa0e376172eded377ff472dedbe,2026-02-03 12:51:53,Week 1,35,6+ hours,5,4,Sometimes,"ChatGPT, Claude",6 – 10,5,"Mobile-only access, Health / stress issues",4,2,False,85.0,Slightly better,YouTube,2026-01-31 18:46:52,Karnataka,Central University,B.Sc,1st Year,7.0 – 8.0,2 – 4 hours,"NPTEL / SWAYAM, Coursera / Udemy / edX, ChatGPT / AI tools, College LMS, WhatsApp / Telegram, Physical notes",6,,,,,,,,
2232,bed0f2897fdcff9c379616ea83849b1ca59a967db6315c91cd8fcf4fcf4c7216,2026-02-03 12:53:19,Week 1,15,0 – 2 hours,2,1,Never,NaN,0,1,Poor internet,2,4,False,,About the same,"YouTube, Physical Notes",2026-01-31 18:46:23,Andhra Pradesh,State University,B.Sc,2nd Year,7.0 – 8.0,2 – 4 hours,"YouTube, NPTEL / SWAYAM, WhatsApp / Telegram",3,,,,,,,,
2233,ea6dc2fae8a61411b9d6de51699ca6787330c0036ffedddf4a649648fefe8732,2026-02-03 12:55:32,Week 1,25,2 – 4 hours,3,3,Often,ChatGPT,3 – 6,3,NaN,3,3,False,78.0,Slightly better,"YouTube, Coursera / Udemy / edX, College LMS",2026-01-31 18:48:18,Andhra Pradesh,Private University,B.Tech,4th Year,7.0 – 8.0,2 – 4 hours,"YouTube, ChatGPT / AI tools, College LMS, WhatsApp / Telegram",4,,,,,,,,
2234,b9c03c59028b4485073ac377b7c14dfe728898b0dccd931ebc2eea5d5b1d746a,2026-02-03 17:14:22,Week 3,30,2 – 4 hours,3,2,Often,"ChatGPT, Google Gemini, GitHub Copilot",10+,5,Health / stress issues,4,5,False,,Slightly better,"YouTube, College LMS",2025-12-27 14:52:29,Tamil Nadu,Central University,B.Tech,3rd Year,8.0 – 9.0,2 – 4 hours,"ChatGPT / AI tools, College LMS, WhatsApp / Telegram",3,,,,,,,,
2235,49c29b44c0f2dba949371e3de5aaea4ace47ef333c771bda5ab86551a01e7a7d,2026-02-05 21:45:35,Week 1,0,4 – 6 hours,3,3,Sometimes,"ChatGPT, Google Gemini, Claude, Perplexity AI, Canva AI",1 – 3,3,NaN,3,3,False,,About the same,"YouTube, NPTEL / SWAYAM, Coursera / Udemy / edX, College LMS, WhatsApp / Telegram (for study purposes)",2026-02-02 12:49:39,Uttar Pradesh,Central University,B.Tech,Others,8.0 – 9.0,2 – 4 hours,"YouTube, ChatGPT / AI tools",2,,,,,,,,
2236,266344e1c50b449d6d5dbec5b4b1af3236f13cc0b97871acccf3da3697283f82,2026-02-05 21:49:41,Week 1,10,0 – 2 hours,5,3,Sometimes,"ChatGPT, Google Gemini, Microsoft Copilot, Perplexity AI, GitHub Copilot, Canva AI, Khanmigo (Khan Academy AI)",1 – 3,3,"Poor internet, Mobile-only access, No quiet study space",3,5,False,94.0,Much better,"YouTube, NPTEL / SWAYAM, Coursera / Udemy / edX, College LMS, Notion / Anki / Obsidian, WhatsApp / Telegram (for study purposes), Physical Notes",2026-01-16 12:24:26,Tamil Nadu,Private University,B.Tech,3rd Year,9.0+,2 – 4 hours,"YouTube, ChatGPT / AI tools, Notion / Anki / Obsidian, WhatsApp / Telegram",4,,,,,,,,
2237,8bfc27000534160835a23ec100f95667b3894c6b3e90a6027721d3322ad782dc,2026-02-05 21:53:36,Week 1,70,2 – 4 hours,1,1,Sometimes,ChatGPT,10+,3,NaN,2,1,False,,Slightly better,"YouTube, WhatsApp / Telegram (for study purposes)",2026-02-05 21:46:59,Telangana,Private University,B.Tech,3rd Year,9.0+,0 – 2 hours,"YouTube, ChatGPT / AI tools, Physical notes",3,,,,,,,,
2238,f90ab6deefe14d178606a393182b36cdc645169d692772666b9c29214c2a4e40,2026-02-05 22:29:26,Week 1,0,0 – 2 hours,1,1,Never,"ChatGPT, Google Gemini, Microsoft Copilot",1 – 3,3,"Poor internet, Mobile-only access, No quiet study space, Health / stress issues",1,4,False,70.0,About the same,YouTube,2026-02-05 21:56:57,Telangana,Private University,B.Tech,3rd Year,7.0 – 8.0,0 – 2 hours,"ChatGPT / AI tools, WhatsApp / Telegram",2,,,,,,,,
2239,f72f420debc36def28125c58c71822ce49043914a9406e73923965f87c8cb669,2026-02-08 10:09:09,Week 2,1,0 – 2 hours,4,1,Never,"ChatGPT, Google Gemini",3 – 6,5,NaN,5,5,False,,About the same,WhatsApp / Telegram (for study purposes),2026-01-12 23:37:58,Karnataka,Private University,BA,3rd Year,8.0 – 9.0,0 – 2 hours,"YouTube, ChatGPT / AI tools, WhatsApp / Telegram, Physical notes only",4,,,,,,,,
2240,a091d9857e1b26dac9ad43d43de3cfab7f19df9cadb73e095b0b4a74a5e9bc3d,2026-02-16 08:39:48,Week 3,4,0 – 2 hours,3,1,Never,ChatGPT,6 – 10,4,NaN,4,3,False,,About the same,"YouTube, WhatsApp / Telegram (for study purposes)",2026-01-27 19:47:23,Tamil Nadu,Deemed University,B.Tech,4th Year,9.0+,0 – 2 hours,"YouTube, ChatGPT / AI tools, WhatsApp / Telegram",3,,,,,,,,
2241,f8041b50a2c1379ae1a539104ac8cfff2e7475d9225620826e59c80d286afe76,2026-02-19 09:15:03,Week 2,6,0 – 2 hours,3,3,Rarely,"ChatGPT, Google Gemini, Claude",1 – 3,4,"Poor internet, No quiet study space",4,4,False,80.0,Slightly better,"YouTube, WhatsApp / Telegram (for study purposes), Physical Notes",2026-01-31 18:25:54,Andhra Pradesh,Private University,B.Sc,3rd Year,7.0 – 8.0,0 – 2 hours,"YouTube, NPTEL / SWAYAM, Notion / Anki / Obsidian, College LMS, WhatsApp / Telegram",5,,,,,,,,
2242,c4fc9686cc1b927682fbf989fe97901e479c7d5a214ce073d7cc6062f4682ed6,2026-02-19 09:18:05,Week 3,5,0 – 2 hours,2,2,Rarely,"ChatGPT, Google Gemini",1 – 3,2,"Poor internet, No quiet study space, Health / stress issues",2,4,False,60.0,Slightly worse,"NPTEL / SWAYAM, WhatsApp / Telegram (for study purposes), Physical Notes",2026-02-23 10:06:40,Andhra Pradesh,Private University,B.Com,3rd Year,6.0 – 7.0,0 – 2 hours,"Coursera / Udemy / edX, ChatGPT / AI tools, Notion / Anki / Obsidian, WhatsApp / Telegram",4,,,,,,,,
2243,8773494ab4b07b7f7350b8d37e960ba5d05e7caf5ffbb75a943c63465a604b7f,2026-02-19 09:19:09,Week 3,6,0 – 2 hours,3,3,Never,"ChatGPT, Google Gemini, Claude, Perplexity AI, GitHub Copilot",3 – 6,3,"Poor internet, No quiet study space",3,3,False,,About the same,"YouTube, Notion / Anki / Obsidian, WhatsApp / Telegram (for study purposes), Physical Notes",2026-01-31 18:47:34,Tamil Nadu,IIT / NIT,B.Tech,2nd Year,9.0+,4 – 6 hours,"YouTube, NPTEL / SWAYAM, Coursera / Udemy / edX, ChatGPT / AI tools, College LMS, WhatsApp / Telegram, Physical notes",7,,,,,,,,
2244,7b5c4bd7d59556f437489bc9729a8c19655b90085e45e8dff621cf66913fc521,2026-02-19 09:20:04,Week 4,7,2 – 4 hours,3,4,Never,"ChatGPT, Google Gemini, Microsoft Copilot, Claude, Perplexity AI",1 – 3,3,Poor internet,3,4,False,,About the same,"YouTube, WhatsApp / Telegram (for study purposes), Physical Notes",2026-02-23 10:13:22,Kerala,State University,B.Tech,3rd Year,Prefer not to say,2 – 4 hours,"YouTube, NPTEL / SWAYAM, Coursera / Udemy / edX, ChatGPT / AI tools, Notion / Anki / Obsidian, College LMS, WhatsApp / Telegram, Physical notes",8,,,,,,,,
2245,b7c45e43b3e4defcfa15c66053995acfb95306f516892ea504b4a561e64a85b9,2026-02-19 09:21:21,Week 4,7,2 – 4 hours,3,3,Never,"ChatGPT, Google Gemini, GitHub Copilot",1 – 3,2,Health / stress issues,2,3,False,70.0,About the same,"YouTube, WhatsApp / Telegram (for study purposes), Physical Notes",2026-01-31 18:40:13,Tamil Nadu,IIT / NIT,B.Sc,2nd Year,6.0 – 7.0,0 – 2 hours,"YouTube, NPTEL / SWAYAM, ChatGPT / AI tools",3,,,,,,,,
2246,a091d9857e1b26dac9ad43d43de3cfab7f19df9cadb73e095b0b4a74a5e9bc3d,2026-02-19 09:22:29,Week 4,5,0 – 2 hours,1,1,Never,ChatGPT,1 – 3,2,Poor internet,2,2,False,,Slightly worse,YouTube,2026-01-27 19:47:23,Tamil Nadu,Deemed University,B.Tech,4th Year,9.0+,0 – 2 hours,"YouTube, ChatGPT / AI tools, WhatsApp / Telegram",3,,,,,,,,
2247,266344e1c50b449d6d5dbec5b4b1af3236f13cc0b97871acccf3da3697283f82,2026-02-19 09:23:22,Week 4,8,2 – 4 hours,4,4,Never,"ChatGPT, Google Gemini, Microsoft Copilot, Claude, GitHub Copilot",3 – 6,4,Poor internet,4,4,False,60.0,Slightly better,"YouTube, WhatsApp / Telegram (for study purposes), Physical Notes",2026-01-16 12:24:26,Tamil Nadu,Private University,B.Tech,3rd Year,9.0+,2 – 4 hours,"YouTube, ChatGPT / AI tools, Notion / Anki / Obsidian, WhatsApp / Telegram",4,,,,,,,,
2248,5e849a6892d6df48c1362529cab706d619efa96a172b3f715bc1f5ccd5ca61ec,2026-02-22 21:39:27,Week 4,6,0 – 2 hours,5,1,Never,ChatGPT,3 – 6,4,Health / stress issues,3,3,False,80.0,Slightly worse,"WhatsApp / Telegram (for study purposes), Physical Notes",2026-02-02 13:01:28,Uttar Pradesh,IIT / NIT,BA,Others,8.0 – 9.0,2 – 4 hours,"YouTube, ChatGPT / AI tools",2,,,,,,,,
2249,f90ab6deefe14d178606a393182b36cdc645169d692772666b9c29214c2a4e40,2026-02-23 10:18:52,Week 1,20,2 – 4 hours,3,3,Sometimes,"ChatGPT, Google Gemini, Microsoft Copilot, Claude, Perplexity AI, Grammarly, GitHub Copilot",3 – 6,4,"Poor internet, Mobile-only access, No quiet study space, Health / stress issues",2,2,False,,About the same,"YouTube, NPTEL / SWAYAM, Coursera / Udemy / edX, College LMS, WhatsApp / Telegram (for study purposes)",2026-02-05 21:56:57,Telangana,Private University,B.Tech,3rd Year,7.0 – 8.0,0 – 2 hours,"ChatGPT / AI tools, WhatsApp / Telegram",2,,,,,,,,
2250,16a56bf3b362259b32e3bc7d18a95d94213241560809ad3c4d5ddba644365acb,2026-02-23 10:19:54,Week 1,30,2 – 4 hours,3,3,Often,"ChatGPT, Microsoft Copilot, Perplexity AI, Grammarly, QuillBot, Codeium, Tabnine",3 – 6,4,"Poor internet, No quiet study space, Health / stress issues, None",5,4,False,50.0,About the same,"NPTEL / SWAYAM, College LMS, Notion / Anki / Obsidian",2026-02-19 13:19:58,Tamil Nadu,State University,B.Sc,2nd Year,8.0 – 9.0,2 – 4 hours,"YouTube, NPTEL / SWAYAM, Coursera / Udemy / edX, ChatGPT / AI tools, Notion / Anki / Obsidian",5,,,,,,,,
2251,63c23cf4b390284f3ce1175699f5efa501022ba212fe21be99dc9e2d21deebbf,2026-02-23 10:20:56,Week 1,35,4 – 6 hours,4,4,Often,"ChatGPT, Google Gemini, Microsoft Copilot, Perplexity AI, Grammarly, QuillBot",6 – 10,4,"Poor internet, No quiet study space, Health / stress issues",3,4,False,75.0,Slightly better,"YouTube, NPTEL / SWAYAM, Coursera / Udemy / edX, College LMS, Physical Notes",2026-02-02 12:38:59,Rajasthan,State University,B.Sc,2nd Year,7.0 – 8.0,4 – 6 hours,"Coursera / Udemy / edX, ChatGPT / AI tools, Notion / Anki / Obsidian, College LMS, Physical notes",5,,,,,,,,
2252,5e849a6892d6df48c1362529cab706d619efa96a172b3f715bc1f5ccd5ca61ec,2026-02-23 10:22:44,Week 1,30,4 – 6 hours,3,3,Sometimes,"ChatGPT, Google Gemini, Microsoft Copilot, Claude, Notion AI, GitHub Copilot, Codeium",3 – 6,4,"Mobile-only access, No quiet study space",2,3,False,,About the same,"NPTEL / SWAYAM, College LMS, Notion / Anki / Obsidian, WhatsApp / Telegram (for study purposes)",2026-02-02 13:01:28,Uttar Pradesh,IIT / NIT,BA,Others,8.0 – 9.0,2 – 4 hours,"YouTube, ChatGPT / AI tools",2,,,,,,,,
2253,caf626adf6b1139006e560ca8cc80b33ca449dfd93d89557b2b5dca8a09ea07f,2026-02-23 10:23:43,Week 1,40,4 – 6 hours,2,2,Never,"ChatGPT, Google Gemini, Microsoft Copilot, Claude, Perplexity AI, Grammarly, QuillBot, Notion AI, Jasper AI, GitHub Copilot, Codeium, Replit AI, Tabnine",3 – 6,3,No quiet study space,3,4,False,59.0,Slightly worse,"YouTube, NPTEL / SWAYAM, College LMS, Notion / Anki / Obsidian, WhatsApp / Telegram (for study purposes)",2026-02-23 10:06:05,Karnataka,Private University,BA,3rd Year,7.0 – 8.0,2 – 4 hours,"YouTube, NPTEL / SWAYAM, Coursera / Udemy / edX, ChatGPT / AI tools, Notion / Anki / Obsidian, WhatsApp / Telegram",6,,,,,,,,
2254,7b5c4bd7d59556f437489bc9729a8c19655b90085e45e8dff621cf66913fc521,2026-02-23 10:35:09,Week 2,45,4 – 6 hours,4,2,Rarely,"ChatGPT, Google Gemini, Microsoft Copilot, Claude, Perplexity AI, Grammarly, Jasper AI, Tabnine, Canva AI, Adobe Firefly",6 – 10,4,Mobile-only access,4,4,False,80.0,Slightly better,"YouTube, Coursera / Udemy / edX, Notion / Anki / Obsidian, Physical Notes",2026-02-23 10:13:22,Kerala,State University,B.Tech,3rd Year,Prefer not to say,2 – 4 hours,"YouTube, NPTEL / SWAYAM, Coursera / Udemy / edX, ChatGPT / AI tools, Notion / Anki / Obsidian, College LMS, WhatsApp / Telegram, Physical notes",8,,,,,,,,
2255,e14fc3506630213cf4dbb3dddf035e19aad46cfaf81f1761b7791f1f48a64d67,2026-02-23 10:35:57,Week 2,50,4 – 6 hours,2,2,Rarely,"ChatGPT, Google Gemini, Microsoft Copilot, Claude, Grammarly, Jasper AI, Codeium, Replit AI, DALL·E, Adobe Firefly, Khanmigo (Khan Academy AI)",6 – 10,4,NaN,4,3,False,90.0,Slightly better,"YouTube, NPTEL / SWAYAM, Coursera / Udemy / edX, College LMS, Notion / Anki / Obsidian",2026-02-02 12:45:31,Madhya Pradesh,Central University,B.Tech,3rd Year,8.0 – 9.0,2 – 4 hours,"ChatGPT / AI tools, WhatsApp / Telegram",2,,,,,,,,
2256,219d4ac6903fffab5ab1d64d6ed0b331adcc691f0e116fb7f62cefba91f7b0ec,2026-02-23 10:36:55,Week 2,60,6+ hours,3,3,Sometimes,"ChatGPT, Google Gemini, Microsoft Copilot, Claude, Grammarly, QuillBot, Jasper AI, Codeium, Tabnine, Canva AI, Adobe Firefly",10+,5,Health / stress issues,5,5,False,80.0,Slightly better,"YouTube, NPTEL / SWAYAM, Coursera / Udemy / edX, College LMS, Notion / Anki / Obsidian, WhatsApp / Telegram (for study purposes), Physical Notes",2025-12-26 18:34:24,Andhra Pradesh,Private University,B.Tech,3rd Year,9.0+,0 – 2 hours,ChatGPT / AI tools,1,,,,,,,,
2257,bed0f2897fdcff9c379616ea83849b1ca59a967db6315c91cd8fcf4fcf4c7216,2026-02-23 10:37:44,Week 2,70,6+ hours,3,3,Sometimes,"ChatGPT, Google Gemini, Microsoft Copilot, Claude, Perplexity AI, Grammarly, QuillBot, Notion AI, Codeium, Replit AI, Canva AI, DALL·E, Midjourney, Adobe Firefly",6 – 10,4,"Poor internet, No quiet study space, Health / stress issues",5,4,False,,About the same,"YouTube, NPTEL / SWAYAM, Coursera / Udemy / edX, College LMS, Notion / Anki / Obsidian, WhatsApp / Telegram (for study purposes), Physical Notes",2026-01-31 18:46:23,Andhra Pradesh,State University,B.Sc,2nd Year,7.0 – 8.0,2 – 4 hours,"YouTube, NPTEL / SWAYAM, WhatsApp / Telegram",3,,,,,,,,
2258,132137538b93be89ed6c9815b322a7a0f58530b8c229d1809265140f5cb8c398,2026-02-23 10:38:39,Week 2,60,6+ hours,3,3,Often,"ChatGPT, Google Gemini, Microsoft Copilot, Claude, Perplexity AI, Grammarly, Jasper AI, GitHub Copilot, Canva AI",6 – 10,3,NaN,4,4,False,75.0,Much better,"YouTube, NPTEL / SWAYAM, Coursera / Udemy / edX, College LMS, Notion / Anki / Obsidian, WhatsApp / Telegram (for study purposes), Physical Notes",2026-01-13 19:44:22,Tamil Nadu,Deemed University,B.Tech,3rd Year,7.0 – 8.0,2 – 4 hours,"YouTube, ChatGPT / AI tools",2,,,,,,,,
2317,2b17d11e7d9c1af7a7fed72e60e90a5ee797f0b6e0cc8645592f6fdc2ad13cd2,2026-02-26 10:41:38,Week 3,15,2 – 4 hours,2,3,Rarely,ChatGPT,3 – 6,3,NaN,2,3,False,80.0,Slightly worse,"College LMS, WhatsApp / Telegram (for study purposes)",2026-01-31 18:51:00,Tamil Nadu,State University,B.Tech,1st Year,6.0 – 7.0,2 – 4 hours,"YouTube, Coursera / Udemy / edX, ChatGPT / AI tools, Notion / Anki / Obsidian, WhatsApp / Telegram",5,,,,,,,,
2259,9c37b8db9c39e670e8422cf5afe252221762450c6f3d1f72c8ef3cdfe0a584e6,2026-02-23 10:40:54,Week 2,70,6+ hours,4,1,Often,"ChatGPT, Google Gemini, Microsoft Copilot, Claude, Perplexity AI, Grammarly, QuillBot, Notion AI, GitHub Copilot, DALL·E",10+,4,Health / stress issues,4,4,False,85.0,About the same,"YouTube, NPTEL / SWAYAM, Coursera / Udemy / edX, College LMS, Notion / Anki / Obsidian, WhatsApp / Telegram (for study purposes), Physical Notes",2026-02-23 10:10:44,Tamil Nadu,State University,B.Sc,2nd Year,7.0 – 8.0,2 – 4 hours,"YouTube, NPTEL / SWAYAM, Coursera / Udemy / edX, ChatGPT / AI tools, College LMS",5,,,,,,,,
2260,1dd2975d45d1e27948cae456e3827e3b50778c013fecee985fb0422f4a492ba2,2026-02-23 10:42:01,Week 2,65,6+ hours,4,2,Sometimes,"ChatGPT, Google Gemini, Microsoft Copilot, Claude, Perplexity AI, Grammarly, QuillBot, Notion AI, Codeium",6 – 10,4,Health / stress issues,3,3,False,70.0,Much better,"YouTube, NPTEL / SWAYAM, Coursera / Udemy / edX, College LMS, Notion / Anki / Obsidian, WhatsApp / Telegram (for study purposes), Physical Notes",2026-02-19 13:17:59,Andhra Pradesh,State University,B.Tech,2nd Year,7.0 – 8.0,6+ hours,"YouTube, NPTEL / SWAYAM, Coursera / Udemy / edX, ChatGPT / AI tools, Notion / Anki / Obsidian, College LMS, WhatsApp / Telegram, Physical notes",8,,,,,,,,
2261,b7c45e43b3e4defcfa15c66053995acfb95306f516892ea504b4a561e64a85b9,2026-02-23 10:42:59,Week 2,55,6+ hours,5,5,Always,"ChatGPT, Google Gemini, Microsoft Copilot, Claude, Perplexity AI, Grammarly, QuillBot, Jasper AI, GitHub Copilot, Replit AI",10+,5,No quiet study space,5,5,False,80.0,Slightly better,"YouTube, NPTEL / SWAYAM, Coursera / Udemy / edX, College LMS, WhatsApp / Telegram (for study purposes)",2026-01-31 18:40:13,Tamil Nadu,IIT / NIT,B.Sc,2nd Year,6.0 – 7.0,0 – 2 hours,"YouTube, NPTEL / SWAYAM, ChatGPT / AI tools",3,,,,,,,,
2262,caf626adf6b1139006e560ca8cc80b33ca449dfd93d89557b2b5dca8a09ea07f,2026-02-23 10:44:12,Week 2,50,6+ hours,5,2,Sometimes,"ChatGPT, Google Gemini, Microsoft Copilot, Claude, Perplexity AI, Grammarly, Notion AI, Codeium, Tabnine, Canva AI",10+,5,Mobile-only access,5,4,False,66.0,Slightly worse,"YouTube, NPTEL / SWAYAM, Coursera / Udemy / edX, College LMS, Notion / Anki / Obsidian, WhatsApp / Telegram (for study purposes), Physical Notes",2026-02-23 10:06:05,Karnataka,Private University,BA,3rd Year,7.0 – 8.0,2 – 4 hours,"YouTube, NPTEL / SWAYAM, Coursera / Udemy / edX, ChatGPT / AI tools, Notion / Anki / Obsidian, WhatsApp / Telegram",6,,,,,,,,
2263,e9f047d3c2da21e5de56f3abab5c156cedf45843e25e1cc9c00e542a0848fb89,2026-02-23 10:45:06,Week 2,60,6+ hours,5,3,Sometimes,"ChatGPT, Google Gemini, Microsoft Copilot, Claude, Perplexity AI, Grammarly, QuillBot, Notion AI, GitHub Copilot, Replit AI, Canva AI, Adobe Firefly",6 – 10,4,"Poor internet, No quiet study space",5,4,False,56.0,Much worse,"YouTube, NPTEL / SWAYAM, Coursera / Udemy / edX, College LMS, Notion / Anki / Obsidian, WhatsApp / Telegram (for study purposes), Physical Notes",2026-02-23 10:04:41,Andhra Pradesh,Central University,B.Tech,2nd Year,7.0 – 8.0,0 – 2 hours,"YouTube, NPTEL / SWAYAM, Coursera / Udemy / edX, Notion / Anki / Obsidian, WhatsApp / Telegram",5,,,,,,,,
2264,d2db0cecaf1edf2f34e8fcb492052acd27453600c6cc493e25700d9c3b289761,2026-02-23 10:46:14,Week 2,56,6+ hours,5,2,Sometimes,"ChatGPT, Google Gemini, Microsoft Copilot, Claude, Perplexity AI, Grammarly, QuillBot, Notion AI",10+,4,"Poor internet, Mobile-only access",3,3,False,60.0,Slightly worse,"YouTube, NPTEL / SWAYAM, Coursera / Udemy / edX, College LMS, Notion / Anki / Obsidian, WhatsApp / Telegram (for study purposes), Physical Notes",2026-02-02 12:56:07,Uttar Pradesh,IIT / NIT,Other,2nd Year,Prefer not to say,2 – 4 hours,"YouTube, Coursera / Udemy / edX",2,,,,,,,,
2265,63c23cf4b390284f3ce1175699f5efa501022ba212fe21be99dc9e2d21deebbf,2026-02-23 10:47:04,Week 2,60,4 – 6 hours,4,5,Sometimes,"ChatGPT, Google Gemini, Microsoft Copilot, Claude, Perplexity AI, Grammarly, QuillBot, Notion AI, Jasper AI",10+,5,Poor internet,5,5,False,75.0,About the same,"YouTube, College LMS, WhatsApp / Telegram (for study purposes), Physical Notes",2026-02-02 12:38:59,Rajasthan,State University,B.Sc,2nd Year,7.0 – 8.0,4 – 6 hours,"Coursera / Udemy / edX, ChatGPT / AI tools, Notion / Anki / Obsidian, College LMS, Physical notes",5,,,,,,,,
2266,b7c45e43b3e4defcfa15c66053995acfb95306f516892ea504b4a561e64a85b9,2026-02-23 10:48:16,Week 2,45,4 – 6 hours,5,3,Often,"ChatGPT, Google Gemini, Claude, Perplexity AI, Grammarly",6 – 10,4,Poor internet,5,4,False,90.0,Slightly better,"YouTube, NPTEL / SWAYAM, College LMS, WhatsApp / Telegram (for study purposes)",2026-01-31 18:40:13,Tamil Nadu,IIT / NIT,B.Sc,2nd Year,6.0 – 7.0,0 – 2 hours,"YouTube, NPTEL / SWAYAM, ChatGPT / AI tools",3,,,,,,,,
2267,ace8e293cc91c35e822f9101bc4e97d2ad904d1e130b4402fd6a6642f245665e,2026-02-23 10:49:33,Week 3,20,2 – 4 hours,2,2,Rarely,"ChatGPT, Google Gemini",3 – 6,3,Poor internet,2,2,False,,Slightly worse,"YouTube, WhatsApp / Telegram (for study purposes)",2026-02-23 10:12:43,Kerala,State University,B.Tech,2nd Year,6.0 – 7.0,0 – 2 hours,"NPTEL / SWAYAM, Notion / Anki / Obsidian",2,,,,,,,,
2268,bed0f2897fdcff9c379616ea83849b1ca59a967db6315c91cd8fcf4fcf4c7216,2026-02-23 11:07:02,Week 3,40,4 – 6 hours,3,3,Sometimes,"ChatGPT, Google Gemini, Microsoft Copilot, Claude, Perplexity AI, Grammarly",3 – 6,2,NaN,3,3,False,,Slightly worse,"YouTube, College LMS, Notion / Anki / Obsidian",2026-01-31 18:46:23,Andhra Pradesh,State University,B.Sc,2nd Year,7.0 – 8.0,2 – 4 hours,"YouTube, NPTEL / SWAYAM, WhatsApp / Telegram",3,,,,,,,,
2269,e9f047d3c2da21e5de56f3abab5c156cedf45843e25e1cc9c00e542a0848fb89,2026-02-23 11:07:50,Week 3,30,2 – 4 hours,2,2,Rarely,"ChatGPT, Google Gemini, Perplexity AI, Grammarly",1 – 3,2,NaN,3,3,False,,Slightly worse,"YouTube, NPTEL / SWAYAM, Coursera / Udemy / edX, College LMS",2026-02-23 10:04:41,Andhra Pradesh,Central University,B.Tech,2nd Year,7.0 – 8.0,0 – 2 hours,"YouTube, NPTEL / SWAYAM, Coursera / Udemy / edX, Notion / Anki / Obsidian, WhatsApp / Telegram",5,,,,,,,,
2270,f90ab6deefe14d178606a393182b36cdc645169d692772666b9c29214c2a4e40,2026-02-23 11:08:32,Week 3,30,4 – 6 hours,2,2,Sometimes,"ChatGPT, Google Gemini, Microsoft Copilot, Claude, Perplexity AI",1 – 3,2,Poor internet,2,2,False,,Much worse,"YouTube, NPTEL / SWAYAM, Coursera / Udemy / edX, College LMS",2026-02-05 21:56:57,Telangana,Private University,B.Tech,3rd Year,7.0 – 8.0,0 – 2 hours,"ChatGPT / AI tools, WhatsApp / Telegram",2,,,,,,,,
2271,132137538b93be89ed6c9815b322a7a0f58530b8c229d1809265140f5cb8c398,2026-02-23 11:09:19,Week 3,30,2 – 4 hours,3,3,Sometimes,"ChatGPT, Google Gemini, Microsoft Copilot, Claude, Perplexity AI, QuillBot",1 – 3,3,NaN,3,3,False,,About the same,"YouTube, NPTEL / SWAYAM, Coursera / Udemy / edX, College LMS",2026-01-13 19:44:22,Tamil Nadu,Deemed University,B.Tech,3rd Year,7.0 – 8.0,2 – 4 hours,"YouTube, ChatGPT / AI tools",2,,,,,,,,
2272,e14fc3506630213cf4dbb3dddf035e19aad46cfaf81f1761b7791f1f48a64d67,2026-02-23 11:12:41,Week 3,20,2 – 4 hours,3,3,Sometimes,"ChatGPT, Google Gemini, Microsoft Copilot, Claude, Perplexity AI, Grammarly, QuillBot",1 – 3,3,Health / stress issues,2,2,False,,Slightly worse,"YouTube, NPTEL / SWAYAM, Coursera / Udemy / edX, College LMS, Notion / Anki / Obsidian",2026-02-02 12:45:31,Madhya Pradesh,Central University,B.Tech,3rd Year,8.0 – 9.0,2 – 4 hours,"ChatGPT / AI tools, WhatsApp / Telegram",2,,,,,,,,
2273,caf626adf6b1139006e560ca8cc80b33ca449dfd93d89557b2b5dca8a09ea07f,2026-02-23 11:13:20,Week 3,20,2 – 4 hours,2,2,Rarely,"ChatGPT, Google Gemini, Microsoft Copilot, Claude",1 – 3,2,NaN,3,2,False,,About the same,"YouTube, Coursera / Udemy / edX, Notion / Anki / Obsidian",2026-02-23 10:06:05,Karnataka,Private University,BA,3rd Year,7.0 – 8.0,2 – 4 hours,"YouTube, NPTEL / SWAYAM, Coursera / Udemy / edX, ChatGPT / AI tools, Notion / Anki / Obsidian, WhatsApp / Telegram",6,,,,,,,,
2274,81ddebb1fc0e6b009a5655dea87854093d1374914f03d128e615c955c9007504,2026-02-23 11:14:00,Week 4,10,0 – 2 hours,1,1,Never,"ChatGPT, Google Gemini",1 – 3,2,Poor internet,1,1,False,,Much worse,"YouTube, Coursera / Udemy / edX",2026-01-12 20:20:23,Tamil Nadu,Private University,B.Tech,3rd Year,7.0 – 8.0,2 – 4 hours,"YouTube, ChatGPT / AI tools, WhatsApp / Telegram, Physical notes only",4,,,,,,,,
2275,27d91473394ea1f8f97a8f1740492902f4ab1abbfe0b003e4536904eaba6dca0,2026-02-24 12:14:09,Week 2,50,6+ hours,4,4,Sometimes,"ChatGPT, Google Gemini, Microsoft Copilot, Claude, Grammarly, QuillBot, Notion AI, Midjourney, Adobe Firefly, Khanmigo (Khan Academy AI)",6 – 10,5,"Poor internet, Mobile-only access, Health / stress issues",3,3,False,60.0,About the same,"YouTube, NPTEL / SWAYAM, Coursera / Udemy / edX, College LMS, Notion / Anki / Obsidian, WhatsApp / Telegram (for study purposes)",2026-01-31 18:43:28,Tamil Nadu,IIT / NIT,B.Tech,3rd Year,7.0 – 8.0,2 – 4 hours,"YouTube, NPTEL / SWAYAM, Coursera / Udemy / edX, ChatGPT / AI tools, Notion / Anki / Obsidian, College LMS, WhatsApp / Telegram, Physical notes",8,,,,,,,,
2276,9c37b8db9c39e670e8422cf5afe252221762450c6f3d1f72c8ef3cdfe0a584e6,2026-02-24 12:16:26,Week 2,40,4 – 6 hours,3,3,Sometimes,"ChatGPT, Google Gemini, Microsoft Copilot, Claude, Perplexity AI, Grammarly, QuillBot, GitHub Copilot, Codeium",6 – 10,4,"Poor internet, Mobile-only access, No quiet study space",3,3,False,70.0,Slightly better,"YouTube, NPTEL / SWAYAM, Coursera / Udemy / edX, College LMS, Notion / Anki / Obsidian, Physical Notes",2026-02-23 10:10:44,Tamil Nadu,State University,B.Sc,2nd Year,7.0 – 8.0,2 – 4 hours,"YouTube, NPTEL / SWAYAM, Coursera / Udemy / edX, ChatGPT / AI tools, College LMS",5,,,,,,,,
2277,a091d9857e1b26dac9ad43d43de3cfab7f19df9cadb73e095b0b4a74a5e9bc3d,2026-02-25 23:11:19,Week 3,4,2 – 4 hours,3,3,Sometimes,"ChatGPT, Microsoft Copilot, QuillBot",1 – 3,3,No quiet study space,3,3,False,,Slightly worse,YouTube,2026-01-27 19:47:23,Tamil Nadu,Deemed University,B.Tech,4th Year,9.0+,0 – 2 hours,"YouTube, ChatGPT / AI tools, WhatsApp / Telegram",3,,,,,,,,
2278,86b1b7c8fd97ac6aa33f3f67e3c3652ee35ae2226cc4798385726481eea05f57,2026-02-26 00:09:17,Week 3,2,0 – 2 hours,2,2,Rarely,ChatGPT,1 – 3,2,Poor internet,2,2,False,,Slightly worse,NaN,2026-01-31 18:50:27,Tamil Nadu,Central University,B.Tech,1st Year,7.0 – 8.0,0 – 2 hours,"YouTube, ChatGPT / AI tools, College LMS, WhatsApp / Telegram",4,,,,,,,,
2279,1dd2975d45d1e27948cae456e3827e3b50778c013fecee985fb0422f4a492ba2,2026-02-26 00:14:22,Week 2,9,6+ hours,5,5,Often,"ChatGPT, Google Gemini, Claude",3 – 6,4,NaN,4,5,False,,Much better,"YouTube, WhatsApp / Telegram (for study purposes), Physical Notes",2026-02-19 13:17:59,Andhra Pradesh,State University,B.Tech,2nd Year,7.0 – 8.0,6+ hours,"YouTube, NPTEL / SWAYAM, Coursera / Udemy / edX, ChatGPT / AI tools, Notion / Anki / Obsidian, College LMS, WhatsApp / Telegram, Physical notes",8,,,,,,,,
2280,f72f420debc36def28125c58c71822ce49043914a9406e73923965f87c8cb669,2026-02-26 00:14:46,Week 1,68,4 – 6 hours,4,4,Often,"ChatGPT, Google Gemini, Microsoft Copilot, Claude, Perplexity AI",10+,5,NaN,4,4,False,,Slightly better,YouTube,2026-01-12 23:37:58,Karnataka,Private University,BA,3rd Year,8.0 – 9.0,0 – 2 hours,"YouTube, ChatGPT / AI tools, WhatsApp / Telegram, Physical notes only",4,,,,,,,,
2281,9f7b57d47f3cd447af0a85a35c1ce5b1287d471159595088cd7493a849b93059,2026-02-26 00:16:28,Week 2,68,6+ hours,5,5,Always,"ChatGPT, Google Gemini, Microsoft Copilot, Claude, Perplexity AI",10+,5,NaN,5,5,False,80.0,Much better,"YouTube, College LMS, WhatsApp / Telegram (for study purposes), Physical Notes",2026-02-02 12:38:26,Punjab,Central University,B.Tech,1st Year,6.0 – 7.0,4 – 6 hours,"YouTube, NPTEL / SWAYAM, Coursera / Udemy / edX, ChatGPT / AI tools, College LMS, WhatsApp / Telegram",6,,,,,,,,
2282,86b1b7c8fd97ac6aa33f3f67e3c3652ee35ae2226cc4798385726481eea05f57,2026-02-26 00:17:35,Week 3,50,4 – 6 hours,3,3,Sometimes,ChatGPT,3 – 6,4,NaN,2,2,False,,Slightly worse,YouTube,2026-01-31 18:50:27,Tamil Nadu,Central University,B.Tech,1st Year,7.0 – 8.0,0 – 2 hours,"YouTube, ChatGPT / AI tools, College LMS, WhatsApp / Telegram",4,,,,,,,,
2283,e14fc3506630213cf4dbb3dddf035e19aad46cfaf81f1761b7791f1f48a64d67,2026-02-26 00:18:16,Week 4,2,0 – 2 hours,2,2,Rarely,NaN,0,1,NaN,1,1,False,,Much worse,NaN,2026-02-02 12:45:31,Madhya Pradesh,Central University,B.Tech,3rd Year,8.0 – 9.0,2 – 4 hours,"ChatGPT / AI tools, WhatsApp / Telegram",2,,,,,,,,
2284,0e155a1241bd00b2d588262223a52e0f8a911a4000092f096e6968dccae9e61b,2026-02-26 00:18:30,Week 4,40,2 – 4 hours,3,3,Never,ChatGPT,1 – 3,3,NaN,3,1,False,,Much worse,YouTube,2026-02-03 11:16:29,Tamil Nadu,IIT / NIT,B.Tech,4th Year,8.0 – 9.0,2 – 4 hours,"ChatGPT / AI tools, College LMS",2,,,,,,,,
2285,74d72de1f5b196019d5bbe209db2b90401f5ea949cebbdda60ac6b0f71acb482,2026-02-26 09:56:15,Week 1,67,6+ hours,4,4,Often,"ChatGPT, Google Gemini, Microsoft Copilot, Claude, Perplexity AI",6 – 10,4,NaN,4,4,False,,Slightly better,"YouTube, College LMS, WhatsApp / Telegram (for study purposes), Physical Notes",2026-02-02 12:43:28,Madhya Pradesh,Central University,B.Tech,2nd Year,6.0 – 7.0,2 – 4 hours,"YouTube, ChatGPT / AI tools",2,,,,,,,,
2286,16a56bf3b362259b32e3bc7d18a95d94213241560809ad3c4d5ddba644365acb,2026-02-26 09:57:57,Week 2,69,6+ hours,5,5,Always,"ChatGPT, Google Gemini, Microsoft Copilot, Claude, Perplexity AI, Canva AI",10+,5,NaN,5,5,False,80.0,Much better,"YouTube, College LMS, WhatsApp / Telegram (for study purposes), Physical Notes",2026-02-19 13:19:58,Tamil Nadu,State University,B.Sc,2nd Year,8.0 – 9.0,2 – 4 hours,"YouTube, NPTEL / SWAYAM, Coursera / Udemy / edX, ChatGPT / AI tools, Notion / Anki / Obsidian",5,,,,,,,,
2287,266344e1c50b449d6d5dbec5b4b1af3236f13cc0b97871acccf3da3697283f82,2026-02-26 10:04:30,Week 3,46,4 – 6 hours,3,3,Sometimes,"ChatGPT, Microsoft Copilot",3 – 6,2,NaN,3,2,False,,Slightly worse,"YouTube, College LMS, WhatsApp / Telegram (for study purposes), Physical Notes",2026-01-16 12:24:26,Tamil Nadu,Private University,B.Tech,3rd Year,9.0+,2 – 4 hours,"YouTube, ChatGPT / AI tools, Notion / Anki / Obsidian, WhatsApp / Telegram",4,,,,,,,,
2288,0e155a1241bd00b2d588262223a52e0f8a911a4000092f096e6968dccae9e61b,2026-02-26 10:05:56,Week 3,20,2 – 4 hours,2,2,Never,"ChatGPT, Google Gemini",1 – 3,2,NaN,2,1,False,,Slightly better,YouTube,2026-02-03 11:16:29,Tamil Nadu,IIT / NIT,B.Tech,4th Year,8.0 – 9.0,2 – 4 hours,"ChatGPT / AI tools, College LMS",2,,,,,,,,
2289,1ad669ada84e5263e09135c0723aae8e30fcb58819e440892efde165dd587a5e,2026-02-26 10:07:56,Week 3,10,0 – 2 hours,1,1,Never,"ChatGPT, Google Gemini",1 – 3,2,NaN,1,1,False,,Much worse,"YouTube, College LMS",2026-02-03 11:18:21,Karnataka,State University,BBA,3rd Year,7.0 – 8.0,2 – 4 hours,"YouTube, Coursera / Udemy / edX",2,,,,,,,,
2290,8ded4921661c4a18e633a572258dbd0f9a2c004f4aa3e9e2057a670d47566de6,2026-02-26 10:07:59,Week 3,17,6+ hours,3,3,Sometimes,"ChatGPT, Perplexity AI",6 – 10,4,NaN,4,3,False,,About the same,"YouTube, WhatsApp / Telegram (for study purposes), Physical Notes",2026-02-03 11:19:03,Kerala,Private University,B.Sc,3rd Year,Prefer not to say,2 – 4 hours,"NPTEL / SWAYAM, WhatsApp / Telegram, Physical notes",3,,,,,,,,
2291,0e155a1241bd00b2d588262223a52e0f8a911a4000092f096e6968dccae9e61b,2026-02-26 10:09:09,Week 3,15,0 – 2 hours,1,1,Never,"ChatGPT, Google Gemini",1 – 3,2,NaN,1,1,False,,Slightly worse,"YouTube, College LMS, Physical Notes",2026-02-03 11:16:29,Tamil Nadu,IIT / NIT,B.Tech,4th Year,8.0 – 9.0,2 – 4 hours,"ChatGPT / AI tools, College LMS",2,,,,,,,,
2292,3a16c6fa9dbc26f91e12cdd112bec4f2953a34f47097d3424e3f551bb022a684,2026-02-26 10:10:18,Week 3,10,0 – 2 hours,1,1,Never,ChatGPT,1 – 3,2,NaN,1,1,False,,Much worse,YouTube,2026-01-31 18:44:48,Tamil Nadu,Private University,BBA,1st Year,6.0 – 7.0,0 – 2 hours,"YouTube, Coursera / Udemy / edX, ChatGPT / AI tools, College LMS, WhatsApp / Telegram, Physical notes",6,,,,,,,,
2293,f8ecea41f5799921e46e5d82b8d41d92dba1fca7a66ca63506cc3c0aab382672,2026-02-26 10:11:24,Week 3,10,0 – 2 hours,2,2,Never,"ChatGPT, Google Gemini",1 – 3,1,NaN,2,1,False,,Much worse,YouTube,2026-01-27 17:56:30,Uttar Pradesh,Central University,B.Tech,4th Year,7.0 – 8.0,4 – 6 hours,"YouTube, NPTEL / SWAYAM, Coursera / Udemy / edX, ChatGPT / AI tools, Notion / Anki / Obsidian",5,,,,,,,,
2294,97b26b3698560201c1218be1d50871d93f4ae1f4a79deeb268b0ba686e43fdeb,2026-02-26 10:12:20,Week 3,10,2 – 4 hours,1,1,Never,ChatGPT,1 – 3,1,NaN,1,2,False,,Slightly worse,YouTube,2025-12-26 07:18:01,Tamil Nadu,Deemed University,B.Tech,3rd Year,8.0 – 9.0,0 – 2 hours,"ChatGPT / AI tools, College LMS, WhatsApp / Telegram",3,,,,,,,,
2295,6cdee50dedfbbd1a46317cf81321165ab42071b577d2f1514daac32cb4160095,2026-02-26 10:13:20,Week 3,10,2 – 4 hours,1,1,Never,"ChatGPT, Google Gemini",1 – 3,2,NaN,2,1,False,,Slightly worse,YouTube,2026-02-02 12:39:28,Gujarat,Private University,B.Tech,3rd Year,8.0 – 9.0,6+ hours,NaN,1,,,,,,,,
2296,9f7b57d47f3cd447af0a85a35c1ce5b1287d471159595088cd7493a849b93059,2026-02-26 10:14:20,Week 3,10,0 – 2 hours,1,1,Never,ChatGPT,1 – 3,2,NaN,2,1,False,,Much worse,YouTube,2026-02-02 12:38:26,Punjab,Central University,B.Tech,1st Year,6.0 – 7.0,4 – 6 hours,"YouTube, NPTEL / SWAYAM, Coursera / Udemy / edX, ChatGPT / AI tools, College LMS, WhatsApp / Telegram",6,,,,,,,,
2297,522e39ae01bce33e97b085b9517a3680984adf0d38e718487e3314eb74127ab2,2026-02-26 10:14:42,Week 4,10,6+ hours,2,2,Sometimes,"ChatGPT, Google Gemini",3 – 6,4,No quiet study space,3,3,False,,About the same,"YouTube, Coursera / Udemy / edX",2026-01-31 18:48:52,Tamil Nadu,State University,B.Tech,2nd Year,Below 6.0,0 – 2 hours,"YouTube, ChatGPT / AI tools, WhatsApp / Telegram",3,,,,,,,,
2298,e8386eec4c2f671d625ec0a877e0c9af57a196443df6751cfd908bc4bb188c51,2026-02-26 10:15:38,Week 3,8,2 – 4 hours,1,1,Never,Google Gemini,1 – 3,1,NaN,1,1,False,,Slightly worse,YouTube,2026-01-31 18:42:45,Kerala,State University,B.Com,2nd Year,Prefer not to say,2 – 4 hours,"YouTube, NPTEL / SWAYAM, Coursera / Udemy / edX, Notion / Anki / Obsidian, Physical notes",5,,,,,,,,
2299,e9f047d3c2da21e5de56f3abab5c156cedf45843e25e1cc9c00e542a0848fb89,2026-02-26 10:17:37,Week 3,9,0 – 2 hours,1,2,Never,ChatGPT,1 – 3,1,NaN,1,1,False,,Slightly worse,YouTube,2026-02-23 10:04:41,Andhra Pradesh,Central University,B.Tech,2nd Year,7.0 – 8.0,0 – 2 hours,"YouTube, NPTEL / SWAYAM, Coursera / Udemy / edX, Notion / Anki / Obsidian, WhatsApp / Telegram",5,,,,,,,,
2300,e14fc3506630213cf4dbb3dddf035e19aad46cfaf81f1761b7791f1f48a64d67,2026-02-26 10:18:30,Week 3,6,0 – 2 hours,1,1,Never,ChatGPT,1 – 3,1,NaN,1,1,False,,Much worse,YouTube,2026-02-02 12:45:31,Madhya Pradesh,Central University,B.Tech,3rd Year,8.0 – 9.0,2 – 4 hours,"ChatGPT / AI tools, WhatsApp / Telegram",2,,,,,,,,
2301,16a56bf3b362259b32e3bc7d18a95d94213241560809ad3c4d5ddba644365acb,2026-02-26 10:19:45,Week 3,8,0 – 2 hours,1,1,Never,ChatGPT,0,1,NaN,1,1,False,,Much worse,YouTube,2026-02-19 13:19:58,Tamil Nadu,State University,B.Sc,2nd Year,8.0 – 9.0,2 – 4 hours,"YouTube, NPTEL / SWAYAM, Coursera / Udemy / edX, ChatGPT / AI tools, Notion / Anki / Obsidian",5,,,,,,,,
2302,a091d9857e1b26dac9ad43d43de3cfab7f19df9cadb73e095b0b4a74a5e9bc3d,2026-02-26 10:21:01,Week 3,35,2 – 4 hours,2,2,Rarely,Google Gemini,1 – 3,1,NaN,1,2,False,,Slightly worse,YouTube,2026-01-27 19:47:23,Tamil Nadu,Deemed University,B.Tech,4th Year,9.0+,0 – 2 hours,"YouTube, ChatGPT / AI tools, WhatsApp / Telegram",3,,,,,,,,
2303,e14fc3506630213cf4dbb3dddf035e19aad46cfaf81f1761b7791f1f48a64d67,2026-02-26 10:21:57,Week 3,5,0 – 2 hours,1,1,Never,ChatGPT,0,1,NaN,1,1,False,,Much worse,YouTube,2026-02-02 12:45:31,Madhya Pradesh,Central University,B.Tech,3rd Year,8.0 – 9.0,2 – 4 hours,"ChatGPT / AI tools, WhatsApp / Telegram",2,,,,,,,,
2304,794e3ecad2e18d7bce8d1013a9e08fe529cc63443905f9864cedec22f7a9459b,2026-02-26 10:22:53,Week 3,5,0 – 2 hours,1,1,Never,ChatGPT,1 – 3,2,NaN,1,1,False,,Much worse,YouTube,2025-12-27 12:35:23,Tamil Nadu,Deemed University,B.Tech,3rd Year,6.0 – 7.0,0 – 2 hours,"YouTube, ChatGPT / AI tools",2,,,,,,,,
2305,cf47f395a464caa7ab1da1745c2d650002296d75e8eac41561b430a83f4382f8,2026-02-26 10:23:52,Week 3,6,0 – 2 hours,1,1,Never,Google Gemini,0,1,NaN,1,1,False,,Much worse,YouTube,2026-01-31 18:49:58,Tamil Nadu,Central University,B.Sc,3rd Year,7.0 – 8.0,2 – 4 hours,"YouTube, NPTEL / SWAYAM, Coursera / Udemy / edX, ChatGPT / AI tools, Notion / Anki / Obsidian",5,,,,,,,,
2306,d2db0cecaf1edf2f34e8fcb492052acd27453600c6cc493e25700d9c3b289761,2026-02-26 10:25:56,Week 3,2,0 – 2 hours,1,1,Never,ChatGPT,1 – 3,1,NaN,1,1,False,,Slightly worse,YouTube,2026-02-02 12:56:07,Uttar Pradesh,IIT / NIT,Other,2nd Year,Prefer not to say,2 – 4 hours,"YouTube, Coursera / Udemy / edX",2,,,,,,,,
2307,32b68dc8923730efba7e69129bcc4d5555495cc9359174e99e3d50570ce6de44,2026-02-26 10:27:04,Week 3,4,0 – 2 hours,1,1,Never,"Claude, GitHub Copilot",1 – 3,1,NaN,1,1,False,,Much worse,YouTube,2026-01-31 14:55:58,Kerala,State University,B.Sc,1st Year,7.0 – 8.0,0 – 2 hours,"YouTube, ChatGPT / AI tools, College LMS, WhatsApp / Telegram",4,,,,,,,,
2308,32b68dc8923730efba7e69129bcc4d5555495cc9359174e99e3d50570ce6de44,2026-02-26 10:28:22,Week 3,4,0 – 2 hours,1,1,Never,ChatGPT,0,1,NaN,1,1,False,,Much worse,YouTube,2026-01-31 14:55:58,Kerala,State University,B.Sc,1st Year,7.0 – 8.0,0 – 2 hours,"YouTube, ChatGPT / AI tools, College LMS, WhatsApp / Telegram",4,,,,,,,,
2309,522e39ae01bce33e97b085b9517a3680984adf0d38e718487e3314eb74127ab2,2026-02-26 10:29:45,Week 3,6,0 – 2 hours,1,1,Never,Claude,1 – 3,1,NaN,2,1,False,,Much worse,YouTube,2026-01-31 18:48:52,Tamil Nadu,State University,B.Tech,2nd Year,Below 6.0,0 – 2 hours,"YouTube, ChatGPT / AI tools, WhatsApp / Telegram",3,,,,,,,,
2310,63c23cf4b390284f3ce1175699f5efa501022ba212fe21be99dc9e2d21deebbf,2026-02-26 10:30:56,Week 3,10,0 – 2 hours,1,1,Never,NaN,0,1,NaN,1,1,False,,Much worse,NaN,2026-02-02 12:38:59,Rajasthan,State University,B.Sc,2nd Year,7.0 – 8.0,4 – 6 hours,"Coursera / Udemy / edX, ChatGPT / AI tools, Notion / Anki / Obsidian, College LMS, Physical notes",5,,,,,,,,
2311,f8041b50a2c1379ae1a539104ac8cfff2e7475d9225620826e59c80d286afe76,2026-02-26 10:32:20,Week 3,8,0 – 2 hours,1,1,Never,Google Gemini,1 – 3,1,NaN,1,1,False,,Much worse,YouTube,2026-01-31 18:25:54,Andhra Pradesh,Private University,B.Sc,3rd Year,7.0 – 8.0,0 – 2 hours,"YouTube, NPTEL / SWAYAM, Notion / Anki / Obsidian, College LMS, WhatsApp / Telegram",5,,,,,,,,
2312,bed0f2897fdcff9c379616ea83849b1ca59a967db6315c91cd8fcf4fcf4c7216,2026-02-26 10:33:22,Week 3,9,0 – 2 hours,1,1,Never,ChatGPT,0,1,NaN,1,1,False,,Much worse,YouTube,2026-01-31 18:46:23,Andhra Pradesh,State University,B.Sc,2nd Year,7.0 – 8.0,2 – 4 hours,"YouTube, NPTEL / SWAYAM, WhatsApp / Telegram",3,,,,,,,,
2313,a0844c331d7454600df29956fea1f640e9035aa0e376172eded377ff472dedbe,2026-02-26 10:35:00,Week 3,10,0 – 2 hours,1,1,Never,ChatGPT,0,1,NaN,1,1,False,,Much worse,YouTube,2026-01-31 18:46:52,Karnataka,Central University,B.Sc,1st Year,7.0 – 8.0,2 – 4 hours,"NPTEL / SWAYAM, Coursera / Udemy / edX, ChatGPT / AI tools, College LMS, WhatsApp / Telegram, Physical notes",6,,,,,,,,
2314,86b1b7c8fd97ac6aa33f3f67e3c3652ee35ae2226cc4798385726481eea05f57,2026-02-26 10:36:24,Week 3,3,0 – 2 hours,1,1,Never,Google Gemini,1 – 3,1,NaN,1,1,False,,Much worse,YouTube,2026-01-31 18:50:27,Tamil Nadu,Central University,B.Tech,1st Year,7.0 – 8.0,0 – 2 hours,"YouTube, ChatGPT / AI tools, College LMS, WhatsApp / Telegram",4,,,,,,,,
2315,ea6dc2fae8a61411b9d6de51699ca6787330c0036ffedddf4a649648fefe8732,2026-02-26 10:37:39,Week 3,20,2 – 4 hours,2,2,Rarely,Google Gemini,1 – 3,2,NaN,2,2,False,,Much worse,NaN,2026-01-31 18:48:18,Andhra Pradesh,Private University,B.Tech,4th Year,7.0 – 8.0,2 – 4 hours,"YouTube, ChatGPT / AI tools, College LMS, WhatsApp / Telegram",4,,,,,,,,
2316,794e3ecad2e18d7bce8d1013a9e08fe529cc63443905f9864cedec22f7a9459b,2026-02-26 10:39:41,Week 3,22,4 – 6 hours,1,2,Rarely,ChatGPT,1 – 3,2,NaN,2,1,False,,Much worse,YouTube,2025-12-27 12:35:23,Tamil Nadu,Deemed University,B.Tech,3rd Year,6.0 – 7.0,0 – 2 hours,"YouTube, ChatGPT / AI tools",2,,,,,,,,
2318,b7c45e43b3e4defcfa15c66053995acfb95306f516892ea504b4a561e64a85b9,2026-02-26 10:43:58,Week 3,30,4 – 6 hours,1,2,Rarely,Microsoft Copilot,0,1,NaN,2,1,False,,Slightly worse,YouTube,2026-01-31 18:40:13,Tamil Nadu,IIT / NIT,B.Sc,2nd Year,6.0 – 7.0,0 – 2 hours,"YouTube, NPTEL / SWAYAM, ChatGPT / AI tools",3,,,,,,,,
2319,ea6dc2fae8a61411b9d6de51699ca6787330c0036ffedddf4a649648fefe8732,2026-02-26 10:45:14,Week 3,10,2 – 4 hours,2,2,Never,Google Gemini,1 – 3,2,Poor internet,2,2,False,,Slightly worse,YouTube,2026-01-31 18:48:18,Andhra Pradesh,Private University,B.Tech,4th Year,7.0 – 8.0,2 – 4 hours,"YouTube, ChatGPT / AI tools, College LMS, WhatsApp / Telegram",4,,,,,,,,
2320,27d91473394ea1f8f97a8f1740492902f4ab1abbfe0b003e4536904eaba6dca0,2026-02-26 10:47:11,Week 3,10,2 – 4 hours,1,2,Never,ChatGPT,1 – 3,2,Poor internet,1,1,False,,Slightly worse,YouTube,2026-01-31 18:43:28,Tamil Nadu,IIT / NIT,B.Tech,3rd Year,7.0 – 8.0,2 – 4 hours,"YouTube, NPTEL / SWAYAM, Coursera / Udemy / edX, ChatGPT / AI tools, Notion / Anki / Obsidian, College LMS, WhatsApp / Telegram, Physical notes",8,,,,,,,,
2321,c4fc9686cc1b927682fbf989fe97901e479c7d5a214ce073d7cc6062f4682ed6,2026-02-26 10:47:57,Week 3,10,2 – 4 hours,2,1,Never,Google Gemini,0,1,Mobile-only access,2,1,False,,Slightly worse,YouTube,2026-02-23 10:06:40,Andhra Pradesh,Private University,B.Com,3rd Year,6.0 – 7.0,0 – 2 hours,"Coursera / Udemy / edX, ChatGPT / AI tools, Notion / Anki / Obsidian, WhatsApp / Telegram",4,,,,,,,,
2322,c4fc9686cc1b927682fbf989fe97901e479c7d5a214ce073d7cc6062f4682ed6,2026-02-26 10:48:51,Week 3,39,4 – 6 hours,2,2,Sometimes,Google Gemini,6 – 10,3,Health / stress issues,2,2,False,,Slightly worse,YouTube,2026-02-23 10:06:40,Andhra Pradesh,Private University,B.Com,3rd Year,6.0 – 7.0,0 – 2 hours,"Coursera / Udemy / edX, ChatGPT / AI tools, Notion / Anki / Obsidian, WhatsApp / Telegram",4,,,,,,,,
2323,48cdb835c278ac6b10eed195f85632896d3be15d20d75197a0b916b2395939a6,2026-02-26 10:50:06,Week 3,10,0 – 2 hours,2,1,Rarely,ChatGPT,1 – 3,1,No quiet study space,2,2,False,,Much worse,YouTube,2026-01-27 00:18:46,Telangana,IIT / NIT,B.Sc,3rd Year,7.0 – 8.0,0 – 2 hours,"YouTube, NPTEL / SWAYAM, ChatGPT / AI tools, WhatsApp / Telegram, Physical notes only",5,,,,,,,,
2324,219d4ac6903fffab5ab1d64d6ed0b331adcc691f0e116fb7f62cefba91f7b0ec,2026-02-26 10:51:30,Week 3,20,4 – 6 hours,2,2,Rarely,Google Gemini,1 – 3,2,Mobile-only access,2,2,False,,Slightly worse,YouTube,2025-12-26 18:34:24,Andhra Pradesh,Private University,B.Tech,3rd Year,9.0+,0 – 2 hours,ChatGPT / AI tools,1,,,,,,,,
2325,9c37b8db9c39e670e8422cf5afe252221762450c6f3d1f72c8ef3cdfe0a584e6,2026-02-26 10:52:28,Week 3,30,4 – 6 hours,1,2,Rarely,"ChatGPT, Google Gemini, Microsoft Copilot, Claude",6 – 10,2,NaN,3,3,False,,Slightly worse,"YouTube, College LMS",2026-02-23 10:10:44,Tamil Nadu,State University,B.Sc,2nd Year,7.0 – 8.0,2 – 4 hours,"YouTube, NPTEL / SWAYAM, Coursera / Udemy / edX, ChatGPT / AI tools, College LMS",5,,,,,,,,
2326,e14fc3506630213cf4dbb3dddf035e19aad46cfaf81f1761b7791f1f48a64d67,2026-02-26 10:53:22,Week 3,20,2 – 4 hours,2,3,Rarely,"ChatGPT, Google Gemini",1 – 3,3,NaN,2,2,False,,Slightly worse,YouTube,2026-02-02 12:45:31,Madhya Pradesh,Central University,B.Tech,3rd Year,8.0 – 9.0,2 – 4 hours,"ChatGPT / AI tools, WhatsApp / Telegram",2,,,,,,,,
2327,26234105c87439e0dc4fb999632d3a5406775cc0728c26840e4a6b26d071341b,2026-02-26 10:54:35,Week 3,20,2 – 4 hours,1,1,Never,ChatGPT,1 – 3,2,NaN,2,2,False,,Much worse,YouTube,2026-01-12 20:18:58,Tamil Nadu,Private University,B.Tech,2nd Year,6.0 – 7.0,0 – 2 hours,"YouTube, ChatGPT / AI tools, College LMS",3,,,,,,,,
2328,132137538b93be89ed6c9815b322a7a0f58530b8c229d1809265140f5cb8c398,2026-02-26 10:56:13,Week 3,10,0 – 2 hours,1,1,Never,NaN,0,1,NaN,1,1,False,,Much worse,NaN,2026-01-13 19:44:22,Tamil Nadu,Deemed University,B.Tech,3rd Year,7.0 – 8.0,2 – 4 hours,"YouTube, ChatGPT / AI tools",2,,,,,,,,
2329,b7c45e43b3e4defcfa15c66053995acfb95306f516892ea504b4a561e64a85b9,2026-02-26 10:56:57,Week 3,8,2 – 4 hours,1,1,Never,ChatGPT,1 – 3,2,Poor internet,2,2,False,,Much worse,NPTEL / SWAYAM,2026-01-31 18:40:13,Tamil Nadu,IIT / NIT,B.Sc,2nd Year,6.0 – 7.0,0 – 2 hours,"YouTube, NPTEL / SWAYAM, ChatGPT / AI tools",3,,,,,,,,
2330,384ceb85e96e6aa2ecda396e81a782b00f64a547b8639cec5570f556cec3c71d,2026-02-26 10:57:55,Week 3,19,2 – 4 hours,2,2,Rarely,Google Gemini,0,1,Mobile-only access,2,1,False,,Slightly worse,YouTube,2026-02-23 10:05:39,Kerala,Private University,B.Com,2nd Year,8.0 – 9.0,4 – 6 hours,"NPTEL / SWAYAM, Coursera / Udemy / edX, College LMS, Physical notes",4,,,,,,,,
2331,63c23cf4b390284f3ce1175699f5efa501022ba212fe21be99dc9e2d21deebbf,2026-02-26 10:58:59,Week 3,10,2 – 4 hours,1,2,Rarely,Google Gemini,3 – 6,1,Poor internet,1,2,False,,Much worse,YouTube,2026-02-02 12:38:59,Rajasthan,State University,B.Sc,2nd Year,7.0 – 8.0,4 – 6 hours,"Coursera / Udemy / edX, ChatGPT / AI tools, Notion / Anki / Obsidian, College LMS, Physical notes",5,,,,,,,,
2332,81ddebb1fc0e6b009a5655dea87854093d1374914f03d128e615c955c9007504,2026-02-26 10:59:46,Week 3,20,2 – 4 hours,3,2,Rarely,Google Gemini,0,2,Poor internet,1,2,False,,Much worse,YouTube,2026-01-12 20:20:23,Tamil Nadu,Private University,B.Tech,3rd Year,7.0 – 8.0,2 – 4 hours,"YouTube, ChatGPT / AI tools, WhatsApp / Telegram, Physical notes only",4,,,,,,,,
2333,f72f420debc36def28125c58c71822ce49043914a9406e73923965f87c8cb669,2026-02-26 11:01:22,Week 3,10,0 – 2 hours,2,1,Rarely,ChatGPT,1 – 3,3,NaN,2,2,False,,Slightly worse,YouTube,2026-01-12 23:37:58,Karnataka,Private University,BA,3rd Year,8.0 – 9.0,0 – 2 hours,"YouTube, ChatGPT / AI tools, WhatsApp / Telegram, Physical notes only",4,,,,,,,,
2334,d2db0cecaf1edf2f34e8fcb492052acd27453600c6cc493e25700d9c3b289761,2026-02-26 11:02:50,Week 3,6,0 – 2 hours,1,1,Never,ChatGPT,1 – 3,1,Poor internet,2,1,False,,Much worse,YouTube,2026-02-02 12:56:07,Uttar Pradesh,IIT / NIT,Other,2nd Year,Prefer not to say,2 – 4 hours,"YouTube, Coursera / Udemy / edX",2,,,,,,,,
2335,3d83828233d057f5e1e37a4c9e784850077d6638768e69b0f6b5d4e5e2dfc994,2026-02-26 11:03:53,Week 3,10,2 – 4 hours,1,1,Never,ChatGPT,1 – 3,2,NaN,1,2,False,,Much worse,YouTube,2026-01-12 21:41:37,Tamil Nadu,Private University,B.Tech,3rd Year,8.0 – 9.0,0 – 2 hours,"YouTube, ChatGPT / AI tools",2,,,,,,,,
2336,6cdee50dedfbbd1a46317cf81321165ab42071b577d2f1514daac32cb4160095,2026-02-26 11:05:33,Week 3,10,0 – 2 hours,1,1,Rarely,ChatGPT,1 – 3,1,NaN,2,1,False,,Much worse,YouTube,2026-02-02 12:39:28,Gujarat,Private University,B.Tech,3rd Year,8.0 – 9.0,6+ hours,NaN,1,,,,,,,,
2337,f72f420debc36def28125c58c71822ce49043914a9406e73923965f87c8cb669,2026-02-26 11:06:33,Week 3,10,2 – 4 hours,2,1,Rarely,Microsoft Copilot,1 – 3,2,Poor internet,2,2,False,,Much worse,YouTube,2026-01-12 23:37:58,Karnataka,Private University,BA,3rd Year,8.0 – 9.0,0 – 2 hours,"YouTube, ChatGPT / AI tools, WhatsApp / Telegram, Physical notes only",4,,,,,,,,
2338,266344e1c50b449d6d5dbec5b4b1af3236f13cc0b97871acccf3da3697283f82,2026-02-26 11:07:47,Week 4,30,2 – 4 hours,2,3,Sometimes,"ChatGPT, Google Gemini, Microsoft Copilot",3 – 6,3,No quiet study space,3,2,False,,Slightly worse,"YouTube, College LMS",2026-01-16 12:24:26,Tamil Nadu,Private University,B.Tech,3rd Year,9.0+,2 – 4 hours,"YouTube, ChatGPT / AI tools, Notion / Anki / Obsidian, WhatsApp / Telegram",4,,,,,,,,
2339,e14fc3506630213cf4dbb3dddf035e19aad46cfaf81f1761b7791f1f48a64d67,2026-02-26 11:08:33,Week 4,35,2 – 4 hours,3,3,Sometimes,"ChatGPT, Google Gemini, Microsoft Copilot, Claude",3 – 6,3,NaN,3,2,False,,Slightly better,"YouTube, Physical Notes",2026-02-02 12:45:31,Madhya Pradesh,Central University,B.Tech,3rd Year,8.0 – 9.0,2 – 4 hours,"ChatGPT / AI tools, WhatsApp / Telegram",2,,,,,,,,
2340,b7c45e43b3e4defcfa15c66053995acfb95306f516892ea504b4a561e64a85b9,2026-02-26 11:09:51,Week 4,43,4 – 6 hours,3,3,Sometimes,"ChatGPT, Google Gemini, Microsoft Copilot",3 – 6,2,NaN,3,2,False,,Slightly better,"YouTube, WhatsApp / Telegram (for study purposes)",2026-01-31 18:40:13,Tamil Nadu,IIT / NIT,B.Sc,2nd Year,6.0 – 7.0,0 – 2 hours,"YouTube, NPTEL / SWAYAM, ChatGPT / AI tools",3,,,,,,,,
2341,1dd2975d45d1e27948cae456e3827e3b50778c013fecee985fb0422f4a492ba2,2026-02-26 11:10:57,Week 4,40,4 – 6 hours,3,3,Sometimes,"ChatGPT, Google Gemini, Microsoft Copilot, Claude",6 – 10,3,NaN,2,3,False,,Slightly better,"YouTube, WhatsApp / Telegram (for study purposes), Physical Notes",2026-02-19 13:17:59,Andhra Pradesh,State University,B.Tech,2nd Year,7.0 – 8.0,6+ hours,"YouTube, NPTEL / SWAYAM, Coursera / Udemy / edX, ChatGPT / AI tools, Notion / Anki / Obsidian, College LMS, WhatsApp / Telegram, Physical notes",8,,,,,,,,
2342,b319601b117de5d02e9d335f82997ad5d2c20f041b094bdd7a67411b8ad1543b,2026-02-26 11:12:09,Week 4,30,4 – 6 hours,3,2,Often,"ChatGPT, Google Gemini, Microsoft Copilot, Claude, Perplexity AI",3 – 6,3,NaN,3,2,False,,Slightly better,"YouTube, College LMS",2026-01-31 11:34:19,Tamil Nadu,State University,B.Tech,4th Year,8.0 – 9.0,0 – 2 hours,"YouTube, ChatGPT / AI tools, WhatsApp / Telegram",3,,,,,,,,
2343,f8041b50a2c1379ae1a539104ac8cfff2e7475d9225620826e59c80d286afe76,2026-02-26 11:13:04,Week 4,45,4 – 6 hours,3,3,Sometimes,"ChatGPT, Google Gemini, Microsoft Copilot",3 – 6,3,NaN,2,3,False,,Slightly better,"YouTube, WhatsApp / Telegram (for study purposes)",2026-01-31 18:25:54,Andhra Pradesh,Private University,B.Sc,3rd Year,7.0 – 8.0,0 – 2 hours,"YouTube, NPTEL / SWAYAM, Notion / Anki / Obsidian, College LMS, WhatsApp / Telegram",5,,,,,,,,
2344,5e849a6892d6df48c1362529cab706d619efa96a172b3f715bc1f5ccd5ca61ec,2026-02-26 11:13:57,Week 4,40,4 – 6 hours,4,3,Sometimes,"ChatGPT, Google Gemini, Microsoft Copilot",3 – 6,2,NaN,4,3,False,,Slightly better,YouTube,2026-02-02 13:01:28,Uttar Pradesh,IIT / NIT,BA,Others,8.0 – 9.0,2 – 4 hours,"YouTube, ChatGPT / AI tools",2,,,,,,,,
2345,219d4ac6903fffab5ab1d64d6ed0b331adcc691f0e116fb7f62cefba91f7b0ec,2026-02-26 11:14:45,Week 4,30,4 – 6 hours,2,4,Sometimes,"ChatGPT, Google Gemini, Microsoft Copilot",3 – 6,3,NaN,3,2,False,,Slightly better,"YouTube, Physical Notes",2025-12-26 18:34:24,Andhra Pradesh,Private University,B.Tech,3rd Year,9.0+,0 – 2 hours,ChatGPT / AI tools,1,,,,,,,,
2346,d2db0cecaf1edf2f34e8fcb492052acd27453600c6cc493e25700d9c3b289761,2026-02-26 11:16:21,Week 4,20,2 – 4 hours,3,4,Sometimes,"ChatGPT, Google Gemini, Microsoft Copilot",3 – 6,3,NaN,2,3,False,,Slightly better,"YouTube, WhatsApp / Telegram (for study purposes)",2026-02-02 12:56:07,Uttar Pradesh,IIT / NIT,Other,2nd Year,Prefer not to say,2 – 4 hours,"YouTube, Coursera / Udemy / edX",2,,,,,,,,
2347,3a16c6fa9dbc26f91e12cdd112bec4f2953a34f47097d3424e3f551bb022a684,2026-02-26 11:17:11,Week 4,43,4 – 6 hours,3,3,Rarely,"ChatGPT, Google Gemini, Microsoft Copilot, Claude",3 – 6,2,NaN,3,3,False,,Slightly better,"NPTEL / SWAYAM, Physical Notes",2026-01-31 18:44:48,Tamil Nadu,Private University,BBA,1st Year,6.0 – 7.0,0 – 2 hours,"YouTube, Coursera / Udemy / edX, ChatGPT / AI tools, College LMS, WhatsApp / Telegram, Physical notes",6,,,,,,,,
2348,ef4aca4b5a9ddc8cfe1cda04eef5cb540a47e603dac29e3f59b7bdd1a387191d,2026-02-26 11:18:19,Week 4,45,4 – 6 hours,4,3,Rarely,"ChatGPT, Google Gemini, Microsoft Copilot",3 – 6,3,NaN,2,3,False,,Slightly better,YouTube,2026-02-02 12:52:17,Maharashtra,Private University,B.Tech,Others,6.0 – 7.0,2 – 4 hours,"YouTube, ChatGPT / AI tools",2,,,,,,,,
2349,a091d9857e1b26dac9ad43d43de3cfab7f19df9cadb73e095b0b4a74a5e9bc3d,2026-02-26 11:19:46,Week 4,42,4 – 6 hours,3,3,Sometimes,"ChatGPT, Google Gemini, Microsoft Copilot",6 – 10,2,NaN,3,3,False,,Slightly better,"YouTube, Physical Notes",2026-01-27 19:47:23,Tamil Nadu,Deemed University,B.Tech,4th Year,9.0+,0 – 2 hours,"YouTube, ChatGPT / AI tools, WhatsApp / Telegram",3,,,,,,,,
2350,63c23cf4b390284f3ce1175699f5efa501022ba212fe21be99dc9e2d21deebbf,2026-02-26 11:20:45,Week 4,41,4 – 6 hours,3,2,Sometimes,"ChatGPT, Google Gemini, Microsoft Copilot, Claude",3 – 6,3,NaN,4,3,False,,Slightly better,"YouTube, Physical Notes",2026-02-02 12:38:59,Rajasthan,State University,B.Sc,2nd Year,7.0 – 8.0,4 – 6 hours,"Coursera / Udemy / edX, ChatGPT / AI tools, Notion / Anki / Obsidian, College LMS, Physical notes",5,,,,,,,,
2351,d2db0cecaf1edf2f34e8fcb492052acd27453600c6cc493e25700d9c3b289761,2026-02-26 11:21:36,Week 4,46,4 – 6 hours,3,3,Sometimes,"ChatGPT, Google Gemini, Microsoft Copilot",6 – 10,3,NaN,3,3,False,,Slightly better,"YouTube, Physical Notes",2026-02-02 12:56:07,Uttar Pradesh,IIT / NIT,Other,2nd Year,Prefer not to say,2 – 4 hours,"YouTube, Coursera / Udemy / edX",2,,,,,,,,
2352,2b17d11e7d9c1af7a7fed72e60e90a5ee797f0b6e0cc8645592f6fdc2ad13cd2,2026-02-26 11:22:26,Week 4,35,4 – 6 hours,3,3,Rarely,"ChatGPT, Google Gemini, Microsoft Copilot, Claude",3 – 6,3,NaN,2,3,False,,Slightly better,College LMS,2026-01-31 18:51:00,Tamil Nadu,State University,B.Tech,1st Year,6.0 – 7.0,2 – 4 hours,"YouTube, Coursera / Udemy / edX, ChatGPT / AI tools, Notion / Anki / Obsidian, WhatsApp / Telegram",5,,,,,,,,
2353,ace8e293cc91c35e822f9101bc4e97d2ad904d1e130b4402fd6a6642f245665e,2026-02-26 11:23:50,Week 4,43,4 – 6 hours,3,2,Sometimes,"ChatGPT, Google Gemini, Microsoft Copilot, Claude",3 – 6,2,NaN,4,4,False,,Slightly better,"YouTube, Physical Notes",2026-02-23 10:12:43,Kerala,State University,B.Tech,2nd Year,6.0 – 7.0,0 – 2 hours,"NPTEL / SWAYAM, Notion / Anki / Obsidian",2,,,,,,,,
2354,26234105c87439e0dc4fb999632d3a5406775cc0728c26840e4a6b26d071341b,2026-02-26 11:24:37,Week 4,35,4 – 6 hours,2,3,Rarely,"ChatGPT, Google Gemini, Microsoft Copilot",1 – 3,2,NaN,3,4,False,,Slightly worse,"YouTube, Physical Notes",2026-01-12 20:18:58,Tamil Nadu,Private University,B.Tech,2nd Year,6.0 – 7.0,0 – 2 hours,"YouTube, ChatGPT / AI tools, College LMS",3,,,,,,,,
2355,f8ecea41f5799921e46e5d82b8d41d92dba1fca7a66ca63506cc3c0aab382672,2026-02-26 11:26:41,Week 4,34,2 – 4 hours,2,3,Sometimes,"ChatGPT, Google Gemini, Microsoft Copilot, Claude, Perplexity AI",3 – 6,3,NaN,3,3,False,,Slightly better,"YouTube, Physical Notes",2026-01-27 17:56:30,Uttar Pradesh,Central University,B.Tech,4th Year,7.0 – 8.0,4 – 6 hours,"YouTube, NPTEL / SWAYAM, Coursera / Udemy / edX, ChatGPT / AI tools, Notion / Anki / Obsidian",5,,,,,,,,
2356,e8386eec4c2f671d625ec0a877e0c9af57a196443df6751cfd908bc4bb188c51,2026-02-26 11:27:38,Week 4,35,4 – 6 hours,3,3,Sometimes,"ChatGPT, Google Gemini, Microsoft Copilot",3 – 6,3,NaN,2,2,False,,Slightly better,"YouTube, Physical Notes",2026-01-31 18:42:45,Kerala,State University,B.Com,2nd Year,Prefer not to say,2 – 4 hours,"YouTube, NPTEL / SWAYAM, Coursera / Udemy / edX, Notion / Anki / Obsidian, Physical notes",5,,,,,,,,
2357,74d72de1f5b196019d5bbe209db2b90401f5ea949cebbdda60ac6b0f71acb482,2026-02-26 11:28:27,Week 4,34,2 – 4 hours,2,2,Sometimes,"ChatGPT, Google Gemini, Microsoft Copilot",6 – 10,3,NaN,3,3,False,,Slightly worse,"YouTube, WhatsApp / Telegram (for study purposes)",2026-02-02 12:43:28,Madhya Pradesh,Central University,B.Tech,2nd Year,6.0 – 7.0,2 – 4 hours,"YouTube, ChatGPT / AI tools",2,,,,,,,,
2358,f90ab6deefe14d178606a393182b36cdc645169d692772666b9c29214c2a4e40,2026-02-26 11:29:18,Week 4,35,4 – 6 hours,3,3,Rarely,"ChatGPT, Google Gemini, Microsoft Copilot, Claude",3 – 6,2,NaN,2,3,False,,Slightly better,"YouTube, Physical Notes",2026-02-05 21:56:57,Telangana,Private University,B.Tech,3rd Year,7.0 – 8.0,0 – 2 hours,"ChatGPT / AI tools, WhatsApp / Telegram",2,,,,,,,,
2359,ea6dc2fae8a61411b9d6de51699ca6787330c0036ffedddf4a649648fefe8732,2026-02-26 11:30:03,Week 4,45,4 – 6 hours,3,2,Sometimes,"ChatGPT, Google Gemini, Microsoft Copilot",3 – 6,3,NaN,2,3,False,,Slightly worse,"YouTube, WhatsApp / Telegram (for study purposes)",2026-01-31 18:48:18,Andhra Pradesh,Private University,B.Tech,4th Year,7.0 – 8.0,2 – 4 hours,"YouTube, ChatGPT / AI tools, College LMS, WhatsApp / Telegram",4,,,,,,,,
2360,781a9f368166d71405348c3b65fa0645e7cab12d017be1e369eb8d7a5cd5fb1d,2026-02-26 11:30:50,Week 4,45,4 – 6 hours,3,2,Sometimes,"ChatGPT, Google Gemini, Microsoft Copilot",6 – 10,2,NaN,2,3,False,,Slightly better,"YouTube, Physical Notes",2026-02-02 12:40:04,Maharashtra,IIT / NIT,B.Com,4th Year,7.0 – 8.0,2 – 4 hours,"YouTube, NPTEL / SWAYAM, Coursera / Udemy / edX, ChatGPT / AI tools, Notion / Anki / Obsidian, College LMS, WhatsApp / Telegram, Physical notes",8,,,,,,,,
2361,ace8e293cc91c35e822f9101bc4e97d2ad904d1e130b4402fd6a6642f245665e,2026-02-26 11:31:43,Week 4,34,4 – 6 hours,3,3,Sometimes,"ChatGPT, Google Gemini, Microsoft Copilot, Claude, Perplexity AI",3 – 6,4,NaN,3,2,False,,Slightly better,"YouTube, Physical Notes",2026-02-23 10:12:43,Kerala,State University,B.Tech,2nd Year,6.0 – 7.0,0 – 2 hours,"NPTEL / SWAYAM, Notion / Anki / Obsidian",2,,,,,,,,
2362,32b68dc8923730efba7e69129bcc4d5555495cc9359174e99e3d50570ce6de44,2026-02-26 11:32:30,Week 4,45,4 – 6 hours,4,2,Sometimes,"ChatGPT, Google Gemini, Microsoft Copilot",3 – 6,3,NaN,2,3,False,,Slightly better,"YouTube, Physical Notes",2026-01-31 14:55:58,Kerala,State University,B.Sc,1st Year,7.0 – 8.0,0 – 2 hours,"YouTube, ChatGPT / AI tools, College LMS, WhatsApp / Telegram",4,,,,,,,,
2363,1dd2975d45d1e27948cae456e3827e3b50778c013fecee985fb0422f4a492ba2,2026-02-26 11:33:22,Week 4,46,4 – 6 hours,3,2,Sometimes,"ChatGPT, Google Gemini, Microsoft Copilot, QuillBot",3 – 6,3,NaN,2,2,False,,Slightly better,"YouTube, College LMS",2026-02-19 13:17:59,Andhra Pradesh,State University,B.Tech,2nd Year,7.0 – 8.0,6+ hours,"YouTube, NPTEL / SWAYAM, Coursera / Udemy / edX, ChatGPT / AI tools, Notion / Anki / Obsidian, College LMS, WhatsApp / Telegram, Physical notes",8,,,,,,,,
2364,0e155a1241bd00b2d588262223a52e0f8a911a4000092f096e6968dccae9e61b,2026-02-26 11:34:07,Week 4,33,2 – 4 hours,3,2,Sometimes,"ChatGPT, Google Gemini, Microsoft Copilot, Grammarly, QuillBot",3 – 6,3,NaN,3,3,False,,Slightly better,"YouTube, College LMS",2026-02-03 11:16:29,Tamil Nadu,IIT / NIT,B.Tech,4th Year,8.0 – 9.0,2 – 4 hours,"ChatGPT / AI tools, College LMS",2,,,,,,,,
2365,2b17d11e7d9c1af7a7fed72e60e90a5ee797f0b6e0cc8645592f6fdc2ad13cd2,2026-02-26 11:34:51,Week 4,43,4 – 6 hours,3,2,Sometimes,"ChatGPT, Google Gemini, Grammarly, QuillBot",3 – 6,2,NaN,3,3,False,,Slightly better,"YouTube, WhatsApp / Telegram (for study purposes)",2026-01-31 18:51:00,Tamil Nadu,State University,B.Tech,1st Year,6.0 – 7.0,2 – 4 hours,"YouTube, Coursera / Udemy / edX, ChatGPT / AI tools, Notion / Anki / Obsidian, WhatsApp / Telegram",5,,,,,,,,
2366,81ddebb1fc0e6b009a5655dea87854093d1374914f03d128e615c955c9007504,2026-02-26 11:35:36,Week 4,42,4 – 6 hours,3,3,Often,"ChatGPT, Google Gemini, GitHub Copilot",6 – 10,3,NaN,2,3,False,,Slightly better,"YouTube, WhatsApp / Telegram (for study purposes)",2026-01-12 20:20:23,Tamil Nadu,Private University,B.Tech,3rd Year,7.0 – 8.0,2 – 4 hours,"YouTube, ChatGPT / AI tools, WhatsApp / Telegram, Physical notes only",4,,,,,,,,
2367,9f7b57d47f3cd447af0a85a35c1ce5b1287d471159595088cd7493a849b93059,2026-02-26 11:36:40,Week 4,46,4 – 6 hours,3,3,Rarely,"ChatGPT, Google Gemini, Microsoft Copilot, Claude, Perplexity AI, QuillBot, GitHub Copilot",3 – 6,3,NaN,3,3,False,,Slightly better,"YouTube, College LMS",2026-02-02 12:38:26,Punjab,Central University,B.Tech,1st Year,6.0 – 7.0,4 – 6 hours,"YouTube, NPTEL / SWAYAM, Coursera / Udemy / edX, ChatGPT / AI tools, College LMS, WhatsApp / Telegram",6,,,,,,,,
2368,d2db0cecaf1edf2f34e8fcb492052acd27453600c6cc493e25700d9c3b289761,2026-02-26 11:37:27,Week 4,44,4 – 6 hours,3,3,Sometimes,"ChatGPT, Google Gemini, Microsoft Copilot",3 – 6,2,NaN,3,3,False,,Slightly better,"YouTube, WhatsApp / Telegram (for study purposes), Physical Notes",2026-02-02 12:56:07,Uttar Pradesh,IIT / NIT,Other,2nd Year,Prefer not to say,2 – 4 hours,"YouTube, Coursera / Udemy / edX",2,,,,,,,,
2369,522e39ae01bce33e97b085b9517a3680984adf0d38e718487e3314eb74127ab2,2026-02-26 11:38:16,Week 4,32,4 – 6 hours,2,2,Sometimes,"ChatGPT, Google Gemini, Microsoft Copilot",3 – 6,3,NaN,3,1,False,,Slightly better,"YouTube, Physical Notes",2026-01-31 18:48:52,Tamil Nadu,State University,B.Tech,2nd Year,Below 6.0,0 – 2 hours,"YouTube, ChatGPT / AI tools, WhatsApp / Telegram",3,,,,,,,,
2370,384ceb85e96e6aa2ecda396e81a782b00f64a547b8639cec5570f556cec3c71d,2026-02-26 11:39:09,Week 4,43,4 – 6 hours,3,2,Sometimes,"ChatGPT, Google Gemini, Microsoft Copilot",1 – 3,2,NaN,2,2,False,,Slightly better,"YouTube, WhatsApp / Telegram (for study purposes)",2026-02-23 10:05:39,Kerala,Private University,B.Com,2nd Year,8.0 – 9.0,4 – 6 hours,"NPTEL / SWAYAM, Coursera / Udemy / edX, College LMS, Physical notes",4,,,,,,,,
2371,7b5c4bd7d59556f437489bc9729a8c19655b90085e45e8dff621cf66913fc521,2026-02-26 11:39:55,Week 4,44,4 – 6 hours,3,3,Rarely,"ChatGPT, Google Gemini, Microsoft Copilot",3 – 6,4,NaN,3,3,False,,Slightly better,"YouTube, WhatsApp / Telegram (for study purposes)",2026-02-23 10:13:22,Kerala,State University,B.Tech,3rd Year,Prefer not to say,2 – 4 hours,"YouTube, NPTEL / SWAYAM, Coursera / Udemy / edX, ChatGPT / AI tools, Notion / Anki / Obsidian, College LMS, WhatsApp / Telegram, Physical notes",8,,,,,,,,
2372,794e3ecad2e18d7bce8d1013a9e08fe529cc63443905f9864cedec22f7a9459b,2026-02-26 11:40:43,Week 4,44,4 – 6 hours,3,3,Sometimes,"ChatGPT, Google Gemini, Microsoft Copilot",3 – 6,3,NaN,3,2,False,,Slightly better,"YouTube, WhatsApp / Telegram (for study purposes)",2025-12-27 12:35:23,Tamil Nadu,Deemed University,B.Tech,3rd Year,6.0 – 7.0,0 – 2 hours,"YouTube, ChatGPT / AI tools",2,,,,,,,,
2373,e9f047d3c2da21e5de56f3abab5c156cedf45843e25e1cc9c00e542a0848fb89,2026-02-26 11:41:27,Week 4,33,2 – 4 hours,3,2,Sometimes,"ChatGPT, Google Gemini, Microsoft Copilot",3 – 6,2,NaN,4,1,False,,Slightly better,"YouTube, WhatsApp / Telegram (for study purposes)",2026-02-23 10:04:41,Andhra Pradesh,Central University,B.Tech,2nd Year,7.0 – 8.0,0 – 2 hours,"YouTube, NPTEL / SWAYAM, Coursera / Udemy / edX, Notion / Anki / Obsidian, WhatsApp / Telegram",5,,,,,,,,
2374,f8ecea41f5799921e46e5d82b8d41d92dba1fca7a66ca63506cc3c0aab382672,2026-02-26 11:42:25,Week 4,47,4 – 6 hours,3,3,Rarely,"ChatGPT, Google Gemini, Microsoft Copilot",3 – 6,2,NaN,3,3,False,,Slightly better,"YouTube, WhatsApp / Telegram (for study purposes)",2026-01-27 17:56:30,Uttar Pradesh,Central University,B.Tech,4th Year,7.0 – 8.0,4 – 6 hours,"YouTube, NPTEL / SWAYAM, Coursera / Udemy / edX, ChatGPT / AI tools, Notion / Anki / Obsidian",5,,,,,,,,
2375,0e155a1241bd00b2d588262223a52e0f8a911a4000092f096e6968dccae9e61b,2026-02-26 11:43:07,Week 4,55,4 – 6 hours,3,4,Rarely,"ChatGPT, Google Gemini, Microsoft Copilot, Claude",6 – 10,3,NaN,3,3,False,,Slightly better,"YouTube, WhatsApp / Telegram (for study purposes)",2026-02-03 11:16:29,Tamil Nadu,IIT / NIT,B.Tech,4th Year,8.0 – 9.0,2 – 4 hours,"ChatGPT / AI tools, College LMS",2,,,,,,,,
2376,c4fc9686cc1b927682fbf989fe97901e479c7d5a214ce073d7cc6062f4682ed6,2026-02-26 11:44:03,Week 4,54,4 – 6 hours,3,3,Rarely,"ChatGPT, Google Gemini, Microsoft Copilot",1 – 3,4,NaN,3,3,False,,Slightly better,"YouTube, WhatsApp / Telegram (for study purposes)",2026-02-23 10:06:40,Andhra Pradesh,Private University,B.Com,3rd Year,6.0 – 7.0,0 – 2 hours,"Coursera / Udemy / edX, ChatGPT / AI tools, Notion / Anki / Obsidian, WhatsApp / Telegram",4,,,,,,,,
2377,1ad669ada84e5263e09135c0723aae8e30fcb58819e440892efde165dd587a5e,2026-02-26 11:45:19,Week 4,50,4 – 6 hours,3,3,Rarely,"ChatGPT, Google Gemini, Microsoft Copilot, Claude, Perplexity AI",1 – 3,2,NaN,3,4,False,,Slightly better,"YouTube, WhatsApp / Telegram (for study purposes), Physical Notes",2026-02-03 11:18:21,Karnataka,State University,BBA,3rd Year,7.0 – 8.0,2 – 4 hours,"YouTube, Coursera / Udemy / edX",2,,,,,,,,
2378,9c37b8db9c39e670e8422cf5afe252221762450c6f3d1f72c8ef3cdfe0a584e6,2026-02-26 11:46:12,Week 4,33,2 – 4 hours,2,3,Sometimes,"ChatGPT, Google Gemini, Microsoft Copilot",3 – 6,2,NaN,4,3,False,,Slightly better,"YouTube, WhatsApp / Telegram (for study purposes), Physical Notes",2026-02-23 10:10:44,Tamil Nadu,State University,B.Sc,2nd Year,7.0 – 8.0,2 – 4 hours,"YouTube, NPTEL / SWAYAM, Coursera / Udemy / edX, ChatGPT / AI tools, College LMS",5,,,,,,,,
2379,81ddebb1fc0e6b009a5655dea87854093d1374914f03d128e615c955c9007504,2026-02-26 11:47:09,Week 4,44,4 – 6 hours,2,3,Rarely,"ChatGPT, Google Gemini, Microsoft Copilot, Claude",3 – 6,3,NaN,3,2,False,,Slightly better,"YouTube, Physical Notes",2026-01-12 20:20:23,Tamil Nadu,Private University,B.Tech,3rd Year,7.0 – 8.0,2 – 4 hours,"YouTube, ChatGPT / AI tools, WhatsApp / Telegram, Physical notes only",4,,,,,,,,
2380,27d91473394ea1f8f97a8f1740492902f4ab1abbfe0b003e4536904eaba6dca0,2026-02-26 11:47:59,Week 4,44,4 – 6 hours,3,3,Often,"ChatGPT, Google Gemini, Microsoft Copilot, Claude",3 – 6,3,NaN,3,3,False,,Slightly better,"YouTube, WhatsApp / Telegram (for study purposes)",2026-01-31 18:43:28,Tamil Nadu,IIT / NIT,B.Tech,3rd Year,7.0 – 8.0,2 – 4 hours,"YouTube, NPTEL / SWAYAM, Coursera / Udemy / edX, ChatGPT / AI tools, Notion / Anki / Obsidian, College LMS, WhatsApp / Telegram, Physical notes",8,,,,,,,,
2381,a0844c331d7454600df29956fea1f640e9035aa0e376172eded377ff472dedbe,2026-02-26 11:48:57,Week 4,41,4 – 6 hours,3,2,Sometimes,"ChatGPT, Google Gemini, Microsoft Copilot, Claude",3 – 6,3,NaN,4,3,False,,Slightly better,"YouTube, WhatsApp / Telegram (for study purposes)",2026-01-31 18:46:52,Karnataka,Central University,B.Sc,1st Year,7.0 – 8.0,2 – 4 hours,"NPTEL / SWAYAM, Coursera / Udemy / edX, ChatGPT / AI tools, College LMS, WhatsApp / Telegram, Physical notes",6,,,,,,,,
2382,b319601b117de5d02e9d335f82997ad5d2c20f041b094bdd7a67411b8ad1543b,2026-02-26 11:50:14,Week 4,33,2 – 4 hours,2,3,Rarely,"ChatGPT, Google Gemini, Microsoft Copilot",3 – 6,1,NaN,2,2,False,,Slightly better,"YouTube, College LMS",2026-01-31 11:34:19,Tamil Nadu,State University,B.Tech,4th Year,8.0 – 9.0,0 – 2 hours,"YouTube, ChatGPT / AI tools, WhatsApp / Telegram",3,,,,,,,,
2383,ef4aca4b5a9ddc8cfe1cda04eef5cb540a47e603dac29e3f59b7bdd1a387191d,2026-02-26 11:51:05,Week 4,44,4 – 6 hours,2,3,Sometimes,"ChatGPT, Google Gemini, Microsoft Copilot",3 – 6,3,NaN,2,2,False,,Slightly better,"YouTube, College LMS, WhatsApp / Telegram (for study purposes)",2026-02-02 12:52:17,Maharashtra,Private University,B.Tech,Others,6.0 – 7.0,2 – 4 hours,"YouTube, ChatGPT / AI tools",2,,,,,,,,
2384,266344e1c50b449d6d5dbec5b4b1af3236f13cc0b97871acccf3da3697283f82,2026-02-26 11:51:53,Week 4,43,4 – 6 hours,3,2,Sometimes,"ChatGPT, Google Gemini, Microsoft Copilot",3 – 6,2,NaN,3,2,False,,Slightly better,"YouTube, WhatsApp / Telegram (for study purposes)",2026-01-16 12:24:26,Tamil Nadu,Private University,B.Tech,3rd Year,9.0+,2 – 4 hours,"YouTube, ChatGPT / AI tools, Notion / Anki / Obsidian, WhatsApp / Telegram",4,,,,,,,,
2385,f90ab6deefe14d178606a393182b36cdc645169d692772666b9c29214c2a4e40,2026-02-26 11:52:52,Week 4,45,4 – 6 hours,2,2,Sometimes,"ChatGPT, QuillBot",3 – 6,3,NaN,3,3,False,,Slightly better,"YouTube, College LMS",2026-02-05 21:56:57,Telangana,Private University,B.Tech,3rd Year,7.0 – 8.0,0 – 2 hours,"ChatGPT / AI tools, WhatsApp / Telegram",2,,,,,,,,
2386,c4fc9686cc1b927682fbf989fe97901e479c7d5a214ce073d7cc6062f4682ed6,2026-02-26 11:53:38,Week 4,44,2 – 4 hours,3,3,Rarely,"ChatGPT, Google Gemini, Microsoft Copilot, Claude",3 – 6,3,NaN,3,2,False,,Slightly better,"YouTube, WhatsApp / Telegram (for study purposes)",2026-02-23 10:06:40,Andhra Pradesh,Private University,B.Com,3rd Year,6.0 – 7.0,0 – 2 hours,"Coursera / Udemy / edX, ChatGPT / AI tools, Notion / Anki / Obsidian, WhatsApp / Telegram",4,,,,,,,,
2387,781a9f368166d71405348c3b65fa0645e7cab12d017be1e369eb8d7a5cd5fb1d,2026-02-26 16:28:05,Week 1,0,0 – 2 hours,1,1,Never,"ChatGPT, Google Gemini, Microsoft Copilot",1 – 3,4,Health / stress issues,1,2,False,,About the same,YouTube,2026-02-02 12:40:04,Maharashtra,IIT / NIT,B.Com,4th Year,7.0 – 8.0,2 – 4 hours,"YouTube, NPTEL / SWAYAM, Coursera / Udemy / edX, ChatGPT / AI tools, Notion / Anki / Obsidian, College LMS, WhatsApp / Telegram, Physical notes",8,,,,,,,,
2388,32b68dc8923730efba7e69129bcc4d5555495cc9359174e99e3d50570ce6de44,2026-03-01 20:17:48,Week 6,5,0 – 2 hours,4,1,Never,ChatGPT,3 – 6,4,NaN,4,4,False,,About the same,WhatsApp / Telegram (for study purposes),2026-01-31 14:55:58,Kerala,State University,B.Sc,1st Year,7.0 – 8.0,0 – 2 hours,"YouTube, ChatGPT / AI tools, College LMS, WhatsApp / Telegram",4,,,,,,,,
2389,d2db0cecaf1edf2f34e8fcb492052acd27453600c6cc493e25700d9c3b289761,2026-03-05 16:57:48,Week 1,7,2 – 4 hours,2,2,Never,"ChatGPT, Google Gemini, Claude, QuillBot",3 – 6,2,"No quiet study space, Health / stress issues",2,2,False,70.0,Much worse,NaN,2026-02-02 12:56:07,Uttar Pradesh,IIT / NIT,Other,2nd Year,Prefer not to say,2 – 4 hours,"YouTube, Coursera / Udemy / edX",2,,,,,,,,
2390,7b5c4bd7d59556f437489bc9729a8c19655b90085e45e8dff621cf66913fc521,2026-03-05 16:58:48,Week 1,4,2 – 4 hours,3,3,Sometimes,"ChatGPT, Google Gemini",3 – 6,3,Mobile-only access,2,2,False,,Slightly worse,College LMS,2026-02-23 10:13:22,Kerala,State University,B.Tech,3rd Year,Prefer not to say,2 – 4 hours,"YouTube, NPTEL / SWAYAM, Coursera / Udemy / edX, ChatGPT / AI tools, Notion / Anki / Obsidian, College LMS, WhatsApp / Telegram, Physical notes",8,,,,,,,,
2391,e9f047d3c2da21e5de56f3abab5c156cedf45843e25e1cc9c00e542a0848fb89,2026-03-05 16:59:42,Week 1,4,2 – 4 hours,3,2,Rarely,"ChatGPT, Google Gemini",1 – 3,2,"Poor internet, Mobile-only access",2,2,False,,Slightly worse,"NPTEL / SWAYAM, College LMS",2026-02-23 10:04:41,Andhra Pradesh,Central University,B.Tech,2nd Year,7.0 – 8.0,0 – 2 hours,"YouTube, NPTEL / SWAYAM, Coursera / Udemy / edX, Notion / Anki / Obsidian, WhatsApp / Telegram",5,,,,,,,,
2392,e8386eec4c2f671d625ec0a877e0c9af57a196443df6751cfd908bc4bb188c51,2026-03-05 17:00:39,Week 1,3,2 – 4 hours,2,3,Rarely,"ChatGPT, Google Gemini",3 – 6,2,"Mobile-only access, No quiet study space",2,2,False,,Slightly worse,"YouTube, NPTEL / SWAYAM, Coursera / Udemy / edX",2026-01-31 18:42:45,Kerala,State University,B.Com,2nd Year,Prefer not to say,2 – 4 hours,"YouTube, NPTEL / SWAYAM, Coursera / Udemy / edX, Notion / Anki / Obsidian, Physical notes",5,,,,,,,,
2393,cf47f395a464caa7ab1da1745c2d650002296d75e8eac41561b430a83f4382f8,2026-03-05 17:01:25,Week 1,3,2 – 4 hours,2,2,Rarely,"ChatGPT, Google Gemini",1 – 3,2,"Poor internet, Mobile-only access",2,2,False,,Slightly worse,"YouTube, NPTEL / SWAYAM, Coursera / Udemy / edX",2026-01-31 18:49:58,Tamil Nadu,Central University,B.Sc,3rd Year,7.0 – 8.0,2 – 4 hours,"YouTube, NPTEL / SWAYAM, Coursera / Udemy / edX, ChatGPT / AI tools, Notion / Anki / Obsidian",5,,,,,,,,
2394,ef4aca4b5a9ddc8cfe1cda04eef5cb540a47e603dac29e3f59b7bdd1a387191d,2026-03-05 17:03:10,Week 2,6,2 – 4 hours,2,2,Sometimes,"ChatGPT, Google Gemini, Claude",3 – 6,3,"Poor internet, Mobile-only access, No quiet study space",3,3,False,,About the same,"YouTube, NPTEL / SWAYAM, College LMS",2026-02-02 12:52:17,Maharashtra,Private University,B.Tech,Others,6.0 – 7.0,2 – 4 hours,"YouTube, ChatGPT / AI tools",2,,,,,,,,
2395,27d91473394ea1f8f97a8f1740492902f4ab1abbfe0b003e4536904eaba6dca0,2026-03-05 17:04:26,Week 2,13,2 – 4 hours,3,4,Often,"ChatGPT, Google Gemini",6 – 10,5,"No quiet study space, Health / stress issues, None",5,5,False,,Slightly better,"YouTube, NPTEL / SWAYAM",2026-01-31 18:43:28,Tamil Nadu,IIT / NIT,B.Tech,3rd Year,7.0 – 8.0,2 – 4 hours,"YouTube, NPTEL / SWAYAM, Coursera / Udemy / edX, ChatGPT / AI tools, Notion / Anki / Obsidian, College LMS, WhatsApp / Telegram, Physical notes",8,,,,,,,,
2396,794e3ecad2e18d7bce8d1013a9e08fe529cc63443905f9864cedec22f7a9459b,2026-03-05 17:05:29,Week 1,30,4 – 6 hours,4,4,Always,"ChatGPT, Claude, Canva AI",6 – 10,3,Health / stress issues,3,3,False,80.0,Slightly worse,YouTube,2025-12-27 12:35:23,Tamil Nadu,Deemed University,B.Tech,3rd Year,6.0 – 7.0,0 – 2 hours,"YouTube, ChatGPT / AI tools",2,,,,,,,,
2397,2b17d11e7d9c1af7a7fed72e60e90a5ee797f0b6e0cc8645592f6fdc2ad13cd2,2026-03-05 17:06:14,Week 2,20,6+ hours,5,5,Often,"ChatGPT, Google Gemini",6 – 10,4,"Poor internet, Mobile-only access",4,4,False,,Slightly better,"YouTube, NPTEL / SWAYAM, Coursera / Udemy / edX",2026-01-31 18:51:00,Tamil Nadu,State University,B.Tech,1st Year,6.0 – 7.0,2 – 4 hours,"YouTube, Coursera / Udemy / edX, ChatGPT / AI tools, Notion / Anki / Obsidian, WhatsApp / Telegram",5,,,,,,,,
2398,219d4ac6903fffab5ab1d64d6ed0b331adcc691f0e116fb7f62cefba91f7b0ec,2026-03-05 17:07:04,Week 2,20,6+ hours,5,5,Sometimes,"ChatGPT, Google Gemini, Microsoft Copilot, Claude",6 – 10,4,"Poor internet, Mobile-only access",5,5,False,,About the same,"YouTube, College LMS",2025-12-26 18:34:24,Andhra Pradesh,Private University,B.Tech,3rd Year,9.0+,0 – 2 hours,ChatGPT / AI tools,1,,,,,,,,
2399,f90ab6deefe14d178606a393182b36cdc645169d692772666b9c29214c2a4e40,2026-03-05 17:07:50,Week 3,3,0 – 2 hours,2,1,Never,"ChatGPT, Google Gemini",1 – 3,1,Poor internet,1,1,False,,Much worse,College LMS,2026-02-05 21:56:57,Telangana,Private University,B.Tech,3rd Year,7.0 – 8.0,0 – 2 hours,"ChatGPT / AI tools, WhatsApp / Telegram",2,,,,,,,,
2400,cf47f395a464caa7ab1da1745c2d650002296d75e8eac41561b430a83f4382f8,2026-03-05 17:08:35,Week 3,2,0 – 2 hours,2,2,Rarely,Google Gemini,1 – 3,2,"Mobile-only access, No quiet study space",2,1,False,,Slightly worse,Coursera / Udemy / edX,2026-01-31 18:49:58,Tamil Nadu,Central University,B.Sc,3rd Year,7.0 – 8.0,2 – 4 hours,"YouTube, NPTEL / SWAYAM, Coursera / Udemy / edX, ChatGPT / AI tools, Notion / Anki / Obsidian",5,,,,,,,,
2401,16a56bf3b362259b32e3bc7d18a95d94213241560809ad3c4d5ddba644365acb,2026-03-05 17:08:36,Week 1,39,4 – 6 hours,4,3,Sometimes,"ChatGPT, Claude",6 – 10,4,Poor internet,4,4,False,,Slightly better,"YouTube, College LMS",2026-02-19 13:19:58,Tamil Nadu,State University,B.Sc,2nd Year,8.0 – 9.0,2 – 4 hours,"YouTube, NPTEL / SWAYAM, Coursera / Udemy / edX, ChatGPT / AI tools, Notion / Anki / Obsidian",5,,,,,,,,
2402,9c37b8db9c39e670e8422cf5afe252221762450c6f3d1f72c8ef3cdfe0a584e6,2026-03-05 17:09:59,Week 3,5,0 – 2 hours,2,2,Rarely,Google Gemini,1 – 3,2,Poor internet,2,3,False,,Much worse,NPTEL / SWAYAM,2026-02-23 10:10:44,Tamil Nadu,State University,B.Sc,2nd Year,7.0 – 8.0,2 – 4 hours,"YouTube, NPTEL / SWAYAM, Coursera / Udemy / edX, ChatGPT / AI tools, College LMS",5,,,,,,,,
2403,384ceb85e96e6aa2ecda396e81a782b00f64a547b8639cec5570f556cec3c71d,2026-03-05 17:10:05,Week 1,22,4 – 6 hours,4,4,Never,"ChatGPT, Google Gemini",6 – 10,4,Poor internet,4,3,False,66.0,About the same,NPTEL / SWAYAM,2026-02-23 10:05:39,Kerala,Private University,B.Com,2nd Year,8.0 – 9.0,4 – 6 hours,"NPTEL / SWAYAM, Coursera / Udemy / edX, College LMS, Physical notes",4,,,,,,,,
2404,522e39ae01bce33e97b085b9517a3680984adf0d38e718487e3314eb74127ab2,2026-03-05 17:11:27,Week 3,3,2 – 4 hours,1,2,Rarely,"Claude, QuillBot",1 – 3,3,"Poor internet, Mobile-only access, No quiet study space, Health / stress issues, None",2,2,False,,Slightly worse,"Notion / Anki / Obsidian, Physical Notes",2026-01-31 18:48:52,Tamil Nadu,State University,B.Tech,2nd Year,Below 6.0,0 – 2 hours,"YouTube, ChatGPT / AI tools, WhatsApp / Telegram",3,,,,,,,,
2405,e14fc3506630213cf4dbb3dddf035e19aad46cfaf81f1761b7791f1f48a64d67,2026-03-05 17:11:45,Week 2,35,4 – 6 hours,4,4,Often,"ChatGPT, Perplexity AI",6 – 10,4,Mobile-only access,4,4,False,75.0,About the same,"YouTube, NPTEL / SWAYAM",2026-02-02 12:45:31,Madhya Pradesh,Central University,B.Tech,3rd Year,8.0 – 9.0,2 – 4 hours,"ChatGPT / AI tools, WhatsApp / Telegram",2,,,,,,,,
2406,522e39ae01bce33e97b085b9517a3680984adf0d38e718487e3314eb74127ab2,2026-03-05 17:13:19,Week 3,8,2 – 4 hours,2,3,Never,"ChatGPT, Google Gemini, Microsoft Copilot, Claude, Perplexity AI, Grammarly, QuillBot, Notion AI, Jasper AI, GitHub Copilot, Codeium, Replit AI, Tabnine, Canva AI, DALL·E, Midjourney, Adobe Firefly, Khanmigo (Khan Academy AI)",1 – 3,1,"Poor internet, Mobile-only access, No quiet study space, Health / stress issues",1,1,False,,Much worse,"YouTube, NPTEL / SWAYAM, Coursera / Udemy / edX, College LMS, Notion / Anki / Obsidian, WhatsApp / Telegram (for study purposes), Physical Notes",2026-01-31 18:48:52,Tamil Nadu,State University,B.Tech,2nd Year,Below 6.0,0 – 2 hours,"YouTube, ChatGPT / AI tools, WhatsApp / Telegram",3,,,,,,,,
2407,f8041b50a2c1379ae1a539104ac8cfff2e7475d9225620826e59c80d286afe76,2026-03-05 17:14:13,Week 2,49,4 – 6 hours,5,4,Often,"ChatGPT, Google Gemini",6 – 10,4,"Poor internet, Health / stress issues",4,5,False,70.0,Much better,"YouTube, NPTEL / SWAYAM",2026-01-31 18:25:54,Andhra Pradesh,Private University,B.Sc,3rd Year,7.0 – 8.0,0 – 2 hours,"YouTube, NPTEL / SWAYAM, Notion / Anki / Obsidian, College LMS, WhatsApp / Telegram",5,,,,,,,,
2408,d2db0cecaf1edf2f34e8fcb492052acd27453600c6cc493e25700d9c3b289761,2026-03-05 17:14:43,Week 4,0,0 – 2 hours,4,1,Rarely,"ChatGPT, Google Gemini, Claude, Perplexity AI",3 – 6,3,"Poor internet, Mobile-only access, No quiet study space, Health / stress issues",2,1,False,,Much worse,"College LMS, Notion / Anki / Obsidian",2026-02-02 12:56:07,Uttar Pradesh,IIT / NIT,Other,2nd Year,Prefer not to say,2 – 4 hours,"YouTube, Coursera / Udemy / edX",2,,,,,,,,
2409,27d91473394ea1f8f97a8f1740492902f4ab1abbfe0b003e4536904eaba6dca0,2026-03-05 17:15:01,Week 2,55,4 – 6 hours,5,5,Always,"ChatGPT, Google Gemini",6 – 10,4,"Mobile-only access, No quiet study space",5,5,False,88.0,Much better,"YouTube, NPTEL / SWAYAM",2026-01-31 18:43:28,Tamil Nadu,IIT / NIT,B.Tech,3rd Year,7.0 – 8.0,2 – 4 hours,"YouTube, NPTEL / SWAYAM, Coursera / Udemy / edX, ChatGPT / AI tools, Notion / Anki / Obsidian, College LMS, WhatsApp / Telegram, Physical notes",8,,,,,,,,
2410,522e39ae01bce33e97b085b9517a3680984adf0d38e718487e3314eb74127ab2,2026-03-05 17:15:53,Week 4,8,0 – 2 hours,3,2,Rarely,"ChatGPT, Claude",1 – 3,3,"Mobile-only access, No quiet study space",3,2,False,,Much worse,"YouTube, NPTEL / SWAYAM, Coursera / Udemy / edX, College LMS",2026-01-31 18:48:52,Tamil Nadu,State University,B.Tech,2nd Year,Below 6.0,0 – 2 hours,"YouTube, ChatGPT / AI tools, WhatsApp / Telegram",3,,,,,,,,
2411,c4fc9686cc1b927682fbf989fe97901e479c7d5a214ce073d7cc6062f4682ed6,2026-03-05 17:17:21,Week 4,14,0 – 2 hours,2,2,Rarely,"ChatGPT, Google Gemini",1 – 3,2,"Poor internet, Mobile-only access",2,2,False,,Much worse,"NPTEL / SWAYAM, Coursera / Udemy / edX, WhatsApp / Telegram (for study purposes)",2026-02-23 10:06:40,Andhra Pradesh,Private University,B.Com,3rd Year,6.0 – 7.0,0 – 2 hours,"Coursera / Udemy / edX, ChatGPT / AI tools, Notion / Anki / Obsidian, WhatsApp / Telegram",4,,,,,,,,
2412,266344e1c50b449d6d5dbec5b4b1af3236f13cc0b97871acccf3da3697283f82,2026-03-05 17:18:14,Week 4,4,2 – 4 hours,2,2,Sometimes,"ChatGPT, Google Gemini, Microsoft Copilot",3 – 6,2,"Poor internet, Mobile-only access, No quiet study space",3,3,False,,Slightly worse,"YouTube, College LMS",2026-01-16 12:24:26,Tamil Nadu,Private University,B.Tech,3rd Year,9.0+,2 – 4 hours,"YouTube, ChatGPT / AI tools, Notion / Anki / Obsidian, WhatsApp / Telegram",4,,,,,,,,
2413,ad04e596e1af01ab238040c91de85cefe7f49fb2aabec57135e928a5ee02305e,2026-03-05 17:19:01,Week 4,10,2 – 4 hours,3,2,Never,"ChatGPT, Google Gemini, Microsoft Copilot, Claude",3 – 6,2,"Poor internet, Mobile-only access, No quiet study space, Health / stress issues",2,3,False,,Slightly worse,NaN,2026-02-02 13:10:08,Karnataka,IIT / NIT,BBA,Others,7.0 – 8.0,2 – 4 hours,"YouTube, NPTEL / SWAYAM",2,,,,,,,,
2414,1dd2975d45d1e27948cae456e3827e3b50778c013fecee985fb0422f4a492ba2,2026-03-05 17:19:53,Week 3,70,6+ hours,5,5,Always,"ChatGPT, Google Gemini",10+,5,NaN,5,3,False,77.0,Slightly better,YouTube,2026-02-19 13:17:59,Andhra Pradesh,State University,B.Tech,2nd Year,7.0 – 8.0,6+ hours,"YouTube, NPTEL / SWAYAM, Coursera / Udemy / edX, ChatGPT / AI tools, Notion / Anki / Obsidian, College LMS, WhatsApp / Telegram, Physical notes",8,,,,,,,,
2415,f5df30de694992a770d857d674587e781574c81ffc40be127f93b6a3d3a95f48,2026-03-05 17:20:52,Week 4,59,6+ hours,5,5,Always,"ChatGPT, Google Gemini",10+,5,Health / stress issues,5,5,False,78.0,Much better,"YouTube, NPTEL / SWAYAM",2026-02-23 10:05:11,Andhra Pradesh,State University,B.Sc,3rd Year,Prefer not to say,2 – 4 hours,"YouTube, Coursera / Udemy / edX, Notion / Anki / Obsidian, WhatsApp / Telegram, Physical notes",5,,,,,,,,
2416,522e39ae01bce33e97b085b9517a3680984adf0d38e718487e3314eb74127ab2,2026-03-05 17:21:43,Week 4,50,6+ hours,5,5,Sometimes,"ChatGPT, Google Gemini",10+,5,Poor internet,5,5,False,50.0,Slightly worse,YouTube,2026-01-31 18:48:52,Tamil Nadu,State University,B.Tech,2nd Year,Below 6.0,0 – 2 hours,"YouTube, ChatGPT / AI tools, WhatsApp / Telegram",3,,,,,,,,
2417,e14fc3506630213cf4dbb3dddf035e19aad46cfaf81f1761b7791f1f48a64d67,2026-03-05 17:22:39,Week 4,3,0 – 2 hours,1,1,Never,ChatGPT,1 – 3,2,Poor internet,1,1,False,34.0,Much worse,YouTube,2026-02-02 12:45:31,Madhya Pradesh,Central University,B.Tech,3rd Year,8.0 – 9.0,2 – 4 hours,"ChatGPT / AI tools, WhatsApp / Telegram",2,,,,,,,,
2418,1dd2975d45d1e27948cae456e3827e3b50778c013fecee985fb0422f4a492ba2,2026-03-09 20:29:56,Week 7,1,0 – 2 hours,2,2,Never,ChatGPT,3 – 6,4,NaN,4,4,False,80.0,About the same,NaN,2026-02-19 13:17:59,Andhra Pradesh,State University,B.Tech,2nd Year,7.0 – 8.0,6+ hours,"YouTube, NPTEL / SWAYAM, Coursera / Udemy / edX, ChatGPT / AI tools, Notion / Anki / Obsidian, College LMS, WhatsApp / Telegram, Physical notes",8,,,,,,,,
2419,caf626adf6b1139006e560ca8cc80b33ca449dfd93d89557b2b5dca8a09ea07f,2025-12-26 07:20:19,Week 1,18,0 – 2 hours,3,1,Often,"ChatGPT / AI tools, College LMS, WhatsApp / Telegram",6 – 10,4,"Poor internet, No quiet study space",3,4,False,70.0,About the same,NaN,2026-02-23 10:06:05,Karnataka,Private University,BA,3rd Year,7.0 – 8.0,2 – 4 hours,"YouTube, NPTEL / SWAYAM, Coursera / Udemy / edX, ChatGPT / AI tools, Notion / Anki / Obsidian, WhatsApp / Telegram",6,,,,,,,,
2420,522e39ae01bce33e97b085b9517a3680984adf0d38e718487e3314eb74127ab2,2025-12-26 19:16:08,Week 1,0,6+ hours,5,1,Never,NaN,0,1,Poor internet,5,5,False,0.0,Much better,NaN,2026-01-31 18:48:52,Tamil Nadu,State University,B.Tech,2nd Year,Below 6.0,0 – 2 hours,"YouTube, ChatGPT / AI tools, WhatsApp / Telegram",3,,,,,,,,
2421,81ddebb1fc0e6b009a5655dea87854093d1374914f03d128e615c955c9007504,2025-12-27 12:32:17,Week 1,30,6+ hours,5,5,Always,"YouTube, NPTEL / SWAYAM, Coursera / Udemy / edX, ChatGPT / AI tools, Notion / Anki / Obsidian, College LMS, WhatsApp / Telegram, Physical notes only, None",3 – 6,5,No quiet study space,5,5,False,10.0,Much better,NaN,2026-01-12 20:20:23,Tamil Nadu,Private University,B.Tech,3rd Year,7.0 – 8.0,2 – 4 hours,"YouTube, ChatGPT / AI tools, WhatsApp / Telegram, Physical notes only",4,,,,,,,,
2422,63c23cf4b390284f3ce1175699f5efa501022ba212fe21be99dc9e2d21deebbf,2025-12-27 12:37:17,Week 1,3,0 – 2 hours,3,1,Rarely,"YouTube, ChatGPT / AI tools, Physical notes only",3 – 6,3,"Poor internet, No quiet study space, Health / stress issues",2,1,False,70.0,Slightly worse,NaN,2026-02-02 12:38:59,Rajasthan,State University,B.Sc,2nd Year,7.0 – 8.0,4 – 6 hours,"Coursera / Udemy / edX, ChatGPT / AI tools, Notion / Anki / Obsidian, College LMS, Physical notes",5,,,,,,,,
2423,0e155a1241bd00b2d588262223a52e0f8a911a4000092f096e6968dccae9e61b,2025-12-27 14:54:03,Week 1,10,0 – 2 hours,2,1,Rarely,"Coursera / Udemy / edX, ChatGPT / AI tools, College LMS, WhatsApp / Telegram",3 – 6,4,"Poor internet, Mobile-only access, Health / stress issues",5,5,False,50.0,About the same,NaN,2026-02-03 11:16:29,Tamil Nadu,IIT / NIT,B.Tech,4th Year,8.0 – 9.0,2 – 4 hours,"ChatGPT / AI tools, College LMS",2,,,,,,,,
2424,e8386eec4c2f671d625ec0a877e0c9af57a196443df6751cfd908bc4bb188c51,2025-12-29 14:24:18,Week 1,42,6+ hours,4,4,Often,"YouTube, Coursera / Udemy / edX, ChatGPT / AI tools, Notion / Anki / Obsidian, College LMS, WhatsApp / Telegram",6 – 10,5,NaN,5,3,False,85.0,Slightly better,NaN,2026-01-31 18:42:45,Kerala,State University,B.Com,2nd Year,Prefer not to say,2 – 4 hours,"YouTube, NPTEL / SWAYAM, Coursera / Udemy / edX, Notion / Anki / Obsidian, Physical notes",5,,,,,,,,
2425,caf626adf6b1139006e560ca8cc80b33ca449dfd93d89557b2b5dca8a09ea07f,2026-01-12 20:21:27,Week 1,10,0 – 2 hours,3,1,Rarely,"ChatGPT, Google Gemini, Microsoft Copilot, Claude",3 – 6,3,"No quiet study space, Health / stress issues",3,5,False,85.0,About the same,"YouTube, College LMS, WhatsApp / Telegram (for study purposes), Physical Notes",2026-02-23 10:06:05,Karnataka,Private University,BA,3rd Year,7.0 – 8.0,2 – 4 hours,"YouTube, NPTEL / SWAYAM, Coursera / Udemy / edX, ChatGPT / AI tools, Notion / Anki / Obsidian, WhatsApp / Telegram",6,,,,,,,,
2426,522e39ae01bce33e97b085b9517a3680984adf0d38e718487e3314eb74127ab2,2026-01-12 20:23:04,Week 1,4,0 – 2 hours,3,2,Often,"ChatGPT, Google Gemini, Perplexity AI",1 – 3,4,"Poor internet, No quiet study space",3,2,False,77.0,About the same,"YouTube, Coursera / Udemy / edX, WhatsApp / Telegram (for study purposes)",2026-01-31 18:48:52,Tamil Nadu,State University,B.Tech,2nd Year,Below 6.0,0 – 2 hours,"YouTube, ChatGPT / AI tools, WhatsApp / Telegram",3,,,,,,,,
2427,2b17d11e7d9c1af7a7fed72e60e90a5ee797f0b6e0cc8645592f6fdc2ad13cd2,2026-01-12 21:35:58,Week 1,5,2 – 4 hours,2,1,Rarely,"ChatGPT, Google Gemini, Microsoft Copilot, Perplexity AI, GitHub Copilot",3 – 6,3,"Poor internet, Mobile-only access, No quiet study space",3,3,False,50.0,Slightly worse,"YouTube, NPTEL / SWAYAM, WhatsApp / Telegram (for study purposes), Physical Notes",2026-01-31 18:51:00,Tamil Nadu,State University,B.Tech,1st Year,6.0 – 7.0,2 – 4 hours,"YouTube, Coursera / Udemy / edX, ChatGPT / AI tools, Notion / Anki / Obsidian, WhatsApp / Telegram",5,,,,,,,,
2428,781a9f368166d71405348c3b65fa0645e7cab12d017be1e369eb8d7a5cd5fb1d,2026-01-12 21:44:30,Week 1,3,0 – 2 hours,1,1,Rarely,"ChatGPT, Google Gemini, Microsoft Copilot",1 – 3,3,NaN,2,2,False,,About the same,YouTube,2026-02-02 12:40:04,Maharashtra,IIT / NIT,B.Com,4th Year,7.0 – 8.0,2 – 4 hours,"YouTube, NPTEL / SWAYAM, Coursera / Udemy / edX, ChatGPT / AI tools, Notion / Anki / Obsidian, College LMS, WhatsApp / Telegram, Physical notes",8,,,,,,,,
2429,26234105c87439e0dc4fb999632d3a5406775cc0728c26840e4a6b26d071341b,2026-01-12 22:33:54,Week 1,5,0 – 2 hours,3,2,Sometimes,"ChatGPT, Perplexity AI, Replit AI",3 – 6,4,Poor internet,3,3,False,,About the same,YouTube,2026-01-12 20:18:58,Tamil Nadu,Private University,B.Tech,2nd Year,6.0 – 7.0,0 – 2 hours,"YouTube, ChatGPT / AI tools, College LMS",3,,,,,,,,
2430,49c29b44c0f2dba949371e3de5aaea4ace47ef333c771bda5ab86551a01e7a7d,2026-01-12 23:15:31,Week 1,2,0 – 2 hours,1,1,Never,"ChatGPT, Google Gemini",1 – 3,1,"Poor internet, No quiet study space",1,1,False,,Slightly worse,"YouTube, WhatsApp / Telegram (for study purposes), Physical Notes",2026-02-02 12:49:39,Uttar Pradesh,Central University,B.Tech,Others,8.0 – 9.0,2 – 4 hours,"YouTube, ChatGPT / AI tools",2,,,,,,,,
2431,cf47f395a464caa7ab1da1745c2d650002296d75e8eac41561b430a83f4382f8,2026-01-13 19:46:14,Week 2,3,2 – 4 hours,3,3,Rarely,"ChatGPT, Perplexity AI",1 – 3,3,"No quiet study space, Health / stress issues",3,3,False,,About the same,"YouTube, College LMS, Notion / Anki / Obsidian",2026-01-31 18:49:58,Tamil Nadu,Central University,B.Sc,3rd Year,7.0 – 8.0,2 – 4 hours,"YouTube, NPTEL / SWAYAM, Coursera / Udemy / edX, ChatGPT / AI tools, Notion / Anki / Obsidian",5,,,,,,,,
2432,e14fc3506630213cf4dbb3dddf035e19aad46cfaf81f1761b7791f1f48a64d67,2026-01-16 12:27:49,Week 1,14,2 – 4 hours,2,2,Rarely,"ChatGPT, Perplexity AI",3 – 6,4,"Mobile-only access, No quiet study space",2,4,False,,Much worse,"YouTube, Notion / Anki / Obsidian, WhatsApp / Telegram (for study purposes)",2026-02-02 12:45:31,Madhya Pradesh,Central University,B.Tech,3rd Year,8.0 – 9.0,2 – 4 hours,"ChatGPT / AI tools, WhatsApp / Telegram",2,,,,,,,,
2433,219d4ac6903fffab5ab1d64d6ed0b331adcc691f0e116fb7f62cefba91f7b0ec,2026-01-31 11:32:52,Week 1,5,0 – 2 hours,4,4,Often,"ChatGPT, Google Gemini, Claude, Perplexity AI, Notion AI, Replit AI, Canva AI, DALL·E",3 – 6,4,Health / stress issues,4,4,False,80.0,Slightly better,"YouTube, WhatsApp / Telegram (for study purposes)",2025-12-26 18:34:24,Andhra Pradesh,Private University,B.Tech,3rd Year,9.0+,0 – 2 hours,ChatGPT / AI tools,1,,,,,,,,
2524,16a56bf3b362259b32e3bc7d18a95d94213241560809ad3c4d5ddba644365acb,2026-02-26 00:18:16,Week 4,2,0 – 2 hours,2,2,Rarely,NaN,0,1,NaN,1,1,False,,Much worse,NaN,2026-02-19 13:19:58,Tamil Nadu,State University,B.Sc,2nd Year,8.0 – 9.0,2 – 4 hours,"YouTube, NPTEL / SWAYAM, Coursera / Udemy / edX, ChatGPT / AI tools, Notion / Anki / Obsidian",5,,,,,,,,
2434,63c23cf4b390284f3ce1175699f5efa501022ba212fe21be99dc9e2d21deebbf,2026-01-31 14:55:23,Week 1,60,4 – 6 hours,4,3,Sometimes,"ChatGPT, Microsoft Copilot, GitHub Copilot, Replit AI",3 – 6,3,"Poor internet, No quiet study space",3,3,False,,Slightly better,"YouTube, WhatsApp / Telegram (for study purposes), Physical Notes",2026-02-02 12:38:59,Rajasthan,State University,B.Sc,2nd Year,7.0 – 8.0,4 – 6 hours,"Coursera / Udemy / edX, ChatGPT / AI tools, Notion / Anki / Obsidian, College LMS, Physical notes",5,,,,,,,,
2435,5e849a6892d6df48c1362529cab706d619efa96a172b3f715bc1f5ccd5ca61ec,2026-01-31 16:07:51,Week 1,20,0 – 2 hours,3,1,Never,Google Gemini,3 – 6,5,"Poor internet, No quiet study space",2,5,False,75.0,Slightly worse,"YouTube, Notion / Anki / Obsidian",2026-02-02 13:01:28,Uttar Pradesh,IIT / NIT,BA,Others,8.0 – 9.0,2 – 4 hours,"YouTube, ChatGPT / AI tools",2,,,,,,,,
2436,a091d9857e1b26dac9ad43d43de3cfab7f19df9cadb73e095b0b4a74a5e9bc3d,2026-01-31 16:39:48,Week 1,20,4 – 6 hours,3,3,Sometimes,"ChatGPT, Google Gemini",1 – 3,3,Health / stress issues,3,2,False,,Slightly worse,"YouTube, NPTEL / SWAYAM, WhatsApp / Telegram (for study purposes), Physical Notes",2026-01-27 19:47:23,Tamil Nadu,Deemed University,B.Tech,4th Year,9.0+,0 – 2 hours,"YouTube, ChatGPT / AI tools, WhatsApp / Telegram",3,,,,,,,,
2437,16a56bf3b362259b32e3bc7d18a95d94213241560809ad3c4d5ddba644365acb,2026-01-31 17:56:30,Week 1,4,2 – 4 hours,1,1,Never,ChatGPT,1 – 3,3,Poor internet,1,1,False,,Much worse,Physical Notes,2026-02-19 13:19:58,Tamil Nadu,State University,B.Sc,2nd Year,8.0 – 9.0,2 – 4 hours,"YouTube, NPTEL / SWAYAM, Coursera / Udemy / edX, ChatGPT / AI tools, Notion / Anki / Obsidian",5,,,,,,,,
2438,219d4ac6903fffab5ab1d64d6ed0b331adcc691f0e116fb7f62cefba91f7b0ec,2026-01-31 18:23:25,Week 1,13,0 – 2 hours,1,1,Never,"ChatGPT, Google Gemini, Perplexity AI, Canva AI",6 – 10,3,"Poor internet, Mobile-only access, Health / stress issues",2,3,False,50.0,Slightly worse,"YouTube, College LMS, WhatsApp / Telegram (for study purposes), Physical Notes",2025-12-26 18:34:24,Andhra Pradesh,Private University,B.Tech,3rd Year,9.0+,0 – 2 hours,ChatGPT / AI tools,1,,,,,,,,
2439,f90ab6deefe14d178606a393182b36cdc645169d692772666b9c29214c2a4e40,2026-01-31 18:55:41,Week 1,14,0 – 2 hours,1,1,Never,"ChatGPT, Google Gemini, Microsoft Copilot, Perplexity AI",3 – 6,3,"Poor internet, Mobile-only access",2,4,False,,Slightly worse,"YouTube, Coursera / Udemy / edX, College LMS, Physical Notes",2026-02-05 21:56:57,Telangana,Private University,B.Tech,3rd Year,7.0 – 8.0,0 – 2 hours,"ChatGPT / AI tools, WhatsApp / Telegram",2,,,,,,,,
2440,49c29b44c0f2dba949371e3de5aaea4ace47ef333c771bda5ab86551a01e7a7d,2026-01-31 18:57:01,Week 1,23,2 – 4 hours,3,3,Sometimes,"ChatGPT, Google Gemini, Microsoft Copilot, Claude, Perplexity AI, Grammarly, QuillBot, GitHub Copilot, Canva AI, Khanmigo (Khan Academy AI)",6 – 10,4,No quiet study space,3,3,False,70.0,About the same,"YouTube, NPTEL / SWAYAM, Coursera / Udemy / edX, College LMS, WhatsApp / Telegram (for study purposes), Physical Notes",2026-02-02 12:49:39,Uttar Pradesh,Central University,B.Tech,Others,8.0 – 9.0,2 – 4 hours,"YouTube, ChatGPT / AI tools",2,,,,,,,,
2441,b9c03c59028b4485073ac377b7c14dfe728898b0dccd931ebc2eea5d5b1d746a,2026-01-31 19:00:49,Week 1,26,2 – 4 hours,2,2,Sometimes,"ChatGPT, Google Gemini, Microsoft Copilot, Claude, Perplexity AI, Grammarly, Notion AI, GitHub Copilot, Codeium, Canva AI, DALL·E",3 – 6,3,"Poor internet, Mobile-only access",2,4,False,70.0,Slightly worse,"YouTube, NPTEL / SWAYAM, Coursera / Udemy / edX, College LMS, WhatsApp / Telegram (for study purposes), Physical Notes",2025-12-27 14:52:29,Tamil Nadu,Central University,B.Tech,3rd Year,8.0 – 9.0,2 – 4 hours,"ChatGPT / AI tools, College LMS, WhatsApp / Telegram",3,,,,,,,,
2442,48cdb835c278ac6b10eed195f85632896d3be15d20d75197a0b916b2395939a6,2026-01-31 19:02:01,Week 1,22,2 – 4 hours,3,2,Rarely,"ChatGPT, Google Gemini, Microsoft Copilot, Claude, Perplexity AI, Grammarly, GitHub Copilot, Codeium, Replit AI, Tabnine, Canva AI",6 – 10,4,NaN,3,3,False,80.0,About the same,"YouTube, NPTEL / SWAYAM, Coursera / Udemy / edX, College LMS, WhatsApp / Telegram (for study purposes), Physical Notes",2026-01-27 00:18:46,Telangana,IIT / NIT,B.Sc,3rd Year,7.0 – 8.0,0 – 2 hours,"YouTube, NPTEL / SWAYAM, ChatGPT / AI tools, WhatsApp / Telegram, Physical notes only",5,,,,,,,,
2443,132137538b93be89ed6c9815b322a7a0f58530b8c229d1809265140f5cb8c398,2026-01-31 19:04:48,Week 1,30,2 – 4 hours,3,3,Sometimes,"ChatGPT, Google Gemini, Microsoft Copilot, Claude, QuillBot, Notion AI, GitHub Copilot, Midjourney, Adobe Firefly, Khanmigo (Khan Academy AI)",6 – 10,4,"Poor internet, Health / stress issues",3,5,False,,Slightly worse,"YouTube, NPTEL / SWAYAM, Coursera / Udemy / edX, College LMS, WhatsApp / Telegram (for study purposes), Physical Notes",2026-01-13 19:44:22,Tamil Nadu,Deemed University,B.Tech,3rd Year,7.0 – 8.0,2 – 4 hours,"YouTube, ChatGPT / AI tools",2,,,,,,,,
2444,e14fc3506630213cf4dbb3dddf035e19aad46cfaf81f1761b7791f1f48a64d67,2026-01-31 19:05:17,Week 1,60,4 – 6 hours,4,3,Rarely,"ChatGPT, Google Gemini",6 – 10,4,"No quiet study space, Health / stress issues",3,4,False,0.0,About the same,"YouTube, Physical Notes",2026-02-02 12:45:31,Madhya Pradesh,Central University,B.Tech,3rd Year,8.0 – 9.0,2 – 4 hours,"ChatGPT / AI tools, WhatsApp / Telegram",2,,,,,,,,
2445,3d83828233d057f5e1e37a4c9e784850077d6638768e69b0f6b5d4e5e2dfc994,2026-01-31 19:06:54,Week 1,50,4 – 6 hours,3,3,Often,"ChatGPT, Google Gemini, Microsoft Copilot, Claude, Perplexity AI, GitHub Copilot",6 – 10,5,"Poor internet, No quiet study space",2,5,False,75.0,About the same,"YouTube, College LMS, WhatsApp / Telegram (for study purposes), Physical Notes",2026-01-12 21:41:37,Tamil Nadu,Private University,B.Tech,3rd Year,8.0 – 9.0,0 – 2 hours,"YouTube, ChatGPT / AI tools",2,,,,,,,,
2446,3a16c6fa9dbc26f91e12cdd112bec4f2953a34f47097d3424e3f551bb022a684,2026-01-31 19:10:39,Week 1,40,4 – 6 hours,4,4,Sometimes,"ChatGPT, Google Gemini, Microsoft Copilot, Claude, Perplexity AI, Grammarly, Jasper AI, GitHub Copilot, Replit AI, Canva AI, Adobe Firefly, Khanmigo (Khan Academy AI)",6 – 10,5,NaN,3,3,False,80.0,Slightly better,"YouTube, NPTEL / SWAYAM, College LMS, WhatsApp / Telegram (for study purposes), Physical Notes",2026-01-31 18:44:48,Tamil Nadu,Private University,BBA,1st Year,6.0 – 7.0,0 – 2 hours,"YouTube, Coursera / Udemy / edX, ChatGPT / AI tools, College LMS, WhatsApp / Telegram, Physical notes",6,,,,,,,,
2447,f8ecea41f5799921e46e5d82b8d41d92dba1fca7a66ca63506cc3c0aab382672,2026-01-31 19:13:43,Week 1,50,6+ hours,3,2,Often,"ChatGPT, Google Gemini, Microsoft Copilot, Claude, Perplexity AI, Grammarly",3 – 6,4,No quiet study space,3,5,False,60.0,About the same,"YouTube, NPTEL / SWAYAM, Coursera / Udemy / edX, College LMS, WhatsApp / Telegram (for study purposes), Physical Notes",2026-01-27 17:56:30,Uttar Pradesh,Central University,B.Tech,4th Year,7.0 – 8.0,4 – 6 hours,"YouTube, NPTEL / SWAYAM, Coursera / Udemy / edX, ChatGPT / AI tools, Notion / Anki / Obsidian",5,,,,,,,,
2448,5e849a6892d6df48c1362529cab706d619efa96a172b3f715bc1f5ccd5ca61ec,2026-01-31 19:15:02,Week 1,45,4 – 6 hours,2,2,Rarely,"ChatGPT, Google Gemini, Microsoft Copilot, Claude, Perplexity AI, Grammarly, Codeium, Replit AI, Tabnine, Canva AI",10+,5,NaN,2,4,False,70.0,Slightly worse,"YouTube, Coursera / Udemy / edX, WhatsApp / Telegram (for study purposes), Physical Notes",2026-02-02 13:01:28,Uttar Pradesh,IIT / NIT,BA,Others,8.0 – 9.0,2 – 4 hours,"YouTube, ChatGPT / AI tools",2,,,,,,,,
2449,781a9f368166d71405348c3b65fa0645e7cab12d017be1e369eb8d7a5cd5fb1d,2026-01-31 19:16:03,Week 1,35,2 – 4 hours,2,1,Never,"ChatGPT, Google Gemini",3 – 6,3,"Poor internet, No quiet study space, Health / stress issues",2,5,False,50.0,Slightly worse,"YouTube, WhatsApp / Telegram (for study purposes), Physical Notes",2026-02-02 12:40:04,Maharashtra,IIT / NIT,B.Com,4th Year,7.0 – 8.0,2 – 4 hours,"YouTube, NPTEL / SWAYAM, Coursera / Udemy / edX, ChatGPT / AI tools, Notion / Anki / Obsidian, College LMS, WhatsApp / Telegram, Physical notes",8,,,,,,,,
2450,ad04e596e1af01ab238040c91de85cefe7f49fb2aabec57135e928a5ee02305e,2026-01-31 19:17:08,Week 1,49,6+ hours,3,2,Always,"ChatGPT, Google Gemini, Microsoft Copilot, Claude, Perplexity AI, Grammarly, Jasper AI",6 – 10,5,"Poor internet, No quiet study space, Health / stress issues",3,5,False,80.0,About the same,"YouTube, NPTEL / SWAYAM, WhatsApp / Telegram (for study purposes), Physical Notes",2026-02-02 13:10:08,Karnataka,IIT / NIT,BBA,Others,7.0 – 8.0,2 – 4 hours,"YouTube, NPTEL / SWAYAM",2,,,,,,,,
2451,3a16c6fa9dbc26f91e12cdd112bec4f2953a34f47097d3424e3f551bb022a684,2026-01-31 19:18:01,Week 1,60,6+ hours,4,2,Sometimes,"ChatGPT, Google Gemini, Microsoft Copilot, Claude, Perplexity AI, Grammarly, GitHub Copilot",6 – 10,5,No quiet study space,3,3,False,75.0,About the same,"YouTube, Coursera / Udemy / edX, College LMS, WhatsApp / Telegram (for study purposes), Physical Notes",2026-01-31 18:44:48,Tamil Nadu,Private University,BBA,1st Year,6.0 – 7.0,0 – 2 hours,"YouTube, Coursera / Udemy / edX, ChatGPT / AI tools, College LMS, WhatsApp / Telegram, Physical notes",6,,,,,,,,
2452,ace8e293cc91c35e822f9101bc4e97d2ad904d1e130b4402fd6a6642f245665e,2026-01-31 19:38:23,Week 1,30,2 – 4 hours,3,1,Sometimes,"ChatGPT, Microsoft Copilot, Claude, Perplexity AI, Notion AI",3 – 6,4,"Poor internet, No quiet study space, Health / stress issues",3,5,False,90.0,Slightly worse,"YouTube, WhatsApp / Telegram (for study purposes), Physical Notes",2026-02-23 10:12:43,Kerala,State University,B.Tech,2nd Year,6.0 – 7.0,0 – 2 hours,"NPTEL / SWAYAM, Notion / Anki / Obsidian",2,,,,,,,,
2453,27d91473394ea1f8f97a8f1740492902f4ab1abbfe0b003e4536904eaba6dca0,2026-01-31 21:34:43,Week 1,2,0 – 2 hours,3,1,Sometimes,"ChatGPT, Google Gemini, Claude, Perplexity AI, Notion AI",1 – 3,4,"Poor internet, Mobile-only access, No quiet study space, Health / stress issues",3,5,False,80.0,Slightly worse,"YouTube, Notion / Anki / Obsidian, Physical Notes",2026-01-31 18:43:28,Tamil Nadu,IIT / NIT,B.Tech,3rd Year,7.0 – 8.0,2 – 4 hours,"YouTube, NPTEL / SWAYAM, Coursera / Udemy / edX, ChatGPT / AI tools, Notion / Anki / Obsidian, College LMS, WhatsApp / Telegram, Physical notes",8,,,,,,,,
2454,32b68dc8923730efba7e69129bcc4d5555495cc9359174e99e3d50570ce6de44,2026-01-31 21:35:59,Week 1,22,2 – 4 hours,4,4,Sometimes,"ChatGPT, Google Gemini, Perplexity AI",6 – 10,5,"Poor internet, Mobile-only access, Health / stress issues",4,5,False,,Much better,"YouTube, College LMS, Notion / Anki / Obsidian, WhatsApp / Telegram (for study purposes), Physical Notes",2026-01-31 14:55:58,Kerala,State University,B.Sc,1st Year,7.0 – 8.0,0 – 2 hours,"YouTube, ChatGPT / AI tools, College LMS, WhatsApp / Telegram",4,,,,,,,,
2455,cf47f395a464caa7ab1da1745c2d650002296d75e8eac41561b430a83f4382f8,2026-02-01 20:06:39,Week 1,6,0 – 2 hours,4,1,Never,"ChatGPT, Google Gemini",3 – 6,5,Health / stress issues,5,4,False,80.0,About the same,"YouTube, WhatsApp / Telegram (for study purposes), Physical Notes",2026-01-31 18:49:58,Tamil Nadu,Central University,B.Sc,3rd Year,7.0 – 8.0,2 – 4 hours,"YouTube, NPTEL / SWAYAM, Coursera / Udemy / edX, ChatGPT / AI tools, Notion / Anki / Obsidian",5,,,,,,,,
2456,219d4ac6903fffab5ab1d64d6ed0b331adcc691f0e116fb7f62cefba91f7b0ec,2026-02-02 00:28:33,Week 1,3,0 – 2 hours,1,1,Rarely,"ChatGPT, Google Gemini, Microsoft Copilot, Claude, Perplexity AI, Grammarly",1 – 3,4,"No quiet study space, Health / stress issues",1,4,False,,About the same,"YouTube, College LMS, WhatsApp / Telegram (for study purposes), Physical Notes",2025-12-26 18:34:24,Andhra Pradesh,Private University,B.Tech,3rd Year,9.0+,0 – 2 hours,ChatGPT / AI tools,1,,,,,,,,
2457,1ad669ada84e5263e09135c0723aae8e30fcb58819e440892efde165dd587a5e,2026-02-02 21:55:05,Week 1,12,2 – 4 hours,3,3,Rarely,"ChatGPT, Google Gemini, Claude, Canva AI",3 – 6,3,Mobile-only access,3,3,False,,About the same,"YouTube, Coursera / Udemy / edX",2026-02-03 11:18:21,Karnataka,State University,BBA,3rd Year,7.0 – 8.0,2 – 4 hours,"YouTube, Coursera / Udemy / edX",2,,,,,,,,
2458,b9c03c59028b4485073ac377b7c14dfe728898b0dccd931ebc2eea5d5b1d746a,2026-02-03 10:30:21,Week 1,20,2 – 4 hours,3,1,Often,"ChatGPT, Google Gemini",10+,5,Health / stress issues,3,4,False,,About the same,YouTube,2025-12-27 14:52:29,Tamil Nadu,Central University,B.Tech,3rd Year,8.0 – 9.0,2 – 4 hours,"ChatGPT / AI tools, College LMS, WhatsApp / Telegram",3,,,,,,,,
2459,1dd2975d45d1e27948cae456e3827e3b50778c013fecee985fb0422f4a492ba2,2026-02-03 10:38:09,Week 2,16,0 – 2 hours,5,5,Always,"ChatGPT, Google Gemini, Claude, Perplexity AI, GitHub Copilot",1 – 3,4,No quiet study space,4,4,False,85.0,Much better,"YouTube, Coursera / Udemy / edX, Physical Notes",2026-02-19 13:17:59,Andhra Pradesh,State University,B.Tech,2nd Year,7.0 – 8.0,6+ hours,"YouTube, NPTEL / SWAYAM, Coursera / Udemy / edX, ChatGPT / AI tools, Notion / Anki / Obsidian, College LMS, WhatsApp / Telegram, Physical notes",8,,,,,,,,
2460,27d91473394ea1f8f97a8f1740492902f4ab1abbfe0b003e4536904eaba6dca0,2026-02-03 11:15:07,Week 2,9,0 – 2 hours,3,3,Sometimes,"Claude, Perplexity AI, Grammarly, QuillBot, GitHub Copilot",1 – 3,3,"Poor internet, Mobile-only access",3,3,False,,About the same,"Coursera / Udemy / edX, Notion / Anki / Obsidian",2026-01-31 18:43:28,Tamil Nadu,IIT / NIT,B.Tech,3rd Year,7.0 – 8.0,2 – 4 hours,"YouTube, NPTEL / SWAYAM, Coursera / Udemy / edX, ChatGPT / AI tools, Notion / Anki / Obsidian, College LMS, WhatsApp / Telegram, Physical notes",8,,,,,,,,
2461,3a16c6fa9dbc26f91e12cdd112bec4f2953a34f47097d3424e3f551bb022a684,2026-02-03 11:16:33,Week 2,5,2 – 4 hours,3,2,Sometimes,"ChatGPT, Google Gemini",6 – 10,3,"Poor internet, Mobile-only access, No quiet study space, Health / stress issues",2,4,False,50.0,Slightly worse,"YouTube, WhatsApp / Telegram (for study purposes)",2026-01-31 18:44:48,Tamil Nadu,Private University,BBA,1st Year,6.0 – 7.0,0 – 2 hours,"YouTube, Coursera / Udemy / edX, ChatGPT / AI tools, College LMS, WhatsApp / Telegram, Physical notes",6,,,,,,,,
2462,9c37b8db9c39e670e8422cf5afe252221762450c6f3d1f72c8ef3cdfe0a584e6,2026-02-03 11:57:11,Week 1,50,6+ hours,5,5,Often,"ChatGPT, Google Gemini, Perplexity AI, Midjourney, None",10+,5,Health / stress issues,5,5,False,,Slightly better,"YouTube, College LMS, WhatsApp / Telegram (for study purposes)",2026-02-23 10:10:44,Tamil Nadu,State University,B.Sc,2nd Year,7.0 – 8.0,2 – 4 hours,"YouTube, NPTEL / SWAYAM, Coursera / Udemy / edX, ChatGPT / AI tools, College LMS",5,,,,,,,,
2463,384ceb85e96e6aa2ecda396e81a782b00f64a547b8639cec5570f556cec3c71d,2026-02-03 11:58:01,Week 2,20,2 – 4 hours,3,3,Rarely,"ChatGPT, Google Gemini, Perplexity AI, Jasper AI",3 – 6,3,Mobile-only access,3,3,False,80.0,Slightly worse,"YouTube, College LMS, WhatsApp / Telegram (for study purposes)",2026-02-23 10:05:39,Kerala,Private University,B.Com,2nd Year,8.0 – 9.0,4 – 6 hours,"NPTEL / SWAYAM, Coursera / Udemy / edX, College LMS, Physical notes",4,,,,,,,,
2464,384ceb85e96e6aa2ecda396e81a782b00f64a547b8639cec5570f556cec3c71d,2026-02-03 12:00:28,Week 1,42,4 – 6 hours,4,4,Sometimes,"ChatGPT, Perplexity AI, Tabnine, Canva AI",1 – 3,4,NaN,4,4,False,,About the same,"YouTube, NPTEL / SWAYAM, Notion / Anki / Obsidian, Physical Notes",2026-02-23 10:05:39,Kerala,Private University,B.Com,2nd Year,8.0 – 9.0,4 – 6 hours,"NPTEL / SWAYAM, Coursera / Udemy / edX, College LMS, Physical notes",4,,,,,,,,
2465,97b26b3698560201c1218be1d50871d93f4ae1f4a79deeb268b0ba686e43fdeb,2026-02-03 12:05:44,Week 1,38,2 – 4 hours,3,2,Always,"Google Gemini, Perplexity AI, QuillBot, Codeium, Replit AI, Canva AI, Khanmigo (Khan Academy AI)",10+,4,"No quiet study space, None",3,3,False,,Much better,"YouTube, Coursera / Udemy / edX",2025-12-26 07:18:01,Tamil Nadu,Deemed University,B.Tech,3rd Year,8.0 – 9.0,0 – 2 hours,"ChatGPT / AI tools, College LMS, WhatsApp / Telegram",3,,,,,,,,
2466,16a56bf3b362259b32e3bc7d18a95d94213241560809ad3c4d5ddba644365acb,2026-02-03 12:20:13,Week 1,13,0 – 2 hours,3,4,Always,"ChatGPT, Microsoft Copilot, Claude, Grammarly, Notion AI, GitHub Copilot",3 – 6,3,Poor internet,2,3,False,70.0,About the same,"YouTube, NPTEL / SWAYAM, College LMS, WhatsApp / Telegram (for study purposes), Physical Notes",2026-02-19 13:19:58,Tamil Nadu,State University,B.Sc,2nd Year,8.0 – 9.0,2 – 4 hours,"YouTube, NPTEL / SWAYAM, Coursera / Udemy / edX, ChatGPT / AI tools, Notion / Anki / Obsidian",5,,,,,,,,
2467,e14fc3506630213cf4dbb3dddf035e19aad46cfaf81f1761b7791f1f48a64d67,2026-02-03 12:28:44,Week 1,20,0 – 2 hours,3,4,Always,"ChatGPT, Google Gemini, Microsoft Copilot, Claude, Perplexity AI, QuillBot, Canva AI",3 – 6,3,"Poor internet, Mobile-only access, No quiet study space",2,4,False,50.0,Slightly worse,"Coursera / Udemy / edX, WhatsApp / Telegram (for study purposes), Physical Notes",2026-02-02 12:45:31,Madhya Pradesh,Central University,B.Tech,3rd Year,8.0 – 9.0,2 – 4 hours,"ChatGPT / AI tools, WhatsApp / Telegram",2,,,,,,,,
2468,27d91473394ea1f8f97a8f1740492902f4ab1abbfe0b003e4536904eaba6dca0,2026-02-03 12:29:41,Week 1,60,6+ hours,3,3,Rarely,"ChatGPT, Google Gemini, Microsoft Copilot, Claude, Perplexity AI, Grammarly, QuillBot, Replit AI, Tabnine, Canva AI, DALL·E, Midjourney",6 – 10,3,"Poor internet, Health / stress issues",3,5,False,90.0,Slightly better,"YouTube, NPTEL / SWAYAM, Coursera / Udemy / edX, College LMS",2026-01-31 18:43:28,Tamil Nadu,IIT / NIT,B.Tech,3rd Year,7.0 – 8.0,2 – 4 hours,"YouTube, NPTEL / SWAYAM, Coursera / Udemy / edX, ChatGPT / AI tools, Notion / Anki / Obsidian, College LMS, WhatsApp / Telegram, Physical notes",8,,,,,,,,
2469,3a16c6fa9dbc26f91e12cdd112bec4f2953a34f47097d3424e3f551bb022a684,2026-02-03 12:42:02,Week 1,25,4 – 6 hours,4,3,Sometimes,"ChatGPT, Google Gemini, Perplexity AI",3 – 6,4,NaN,4,3,False,85.0,Slightly better,"YouTube, Coursera / Udemy / edX, Notion / Anki / Obsidian",2026-01-31 18:44:48,Tamil Nadu,Private University,BBA,1st Year,6.0 – 7.0,0 – 2 hours,"YouTube, Coursera / Udemy / edX, ChatGPT / AI tools, College LMS, WhatsApp / Telegram, Physical notes",6,,,,,,,,
2470,16a56bf3b362259b32e3bc7d18a95d94213241560809ad3c4d5ddba644365acb,2026-02-03 12:43:56,Week 1,20,2 – 4 hours,2,2,Rarely,"Claude, Grammarly",1 – 3,2,Poor internet,2,4,False,75.0,Much worse,College LMS,2026-02-19 13:19:58,Tamil Nadu,State University,B.Sc,2nd Year,8.0 – 9.0,2 – 4 hours,"YouTube, NPTEL / SWAYAM, Coursera / Udemy / edX, ChatGPT / AI tools, Notion / Anki / Obsidian",5,,,,,,,,
2471,f8ecea41f5799921e46e5d82b8d41d92dba1fca7a66ca63506cc3c0aab382672,2026-02-03 12:46:15,Week 1,15,2 – 4 hours,2,2,Never,"ChatGPT, Microsoft Copilot",0,3,Health / stress issues,3,5,False,,About the same,YouTube,2026-01-27 17:56:30,Uttar Pradesh,Central University,B.Tech,4th Year,7.0 – 8.0,4 – 6 hours,"YouTube, NPTEL / SWAYAM, Coursera / Udemy / edX, ChatGPT / AI tools, Notion / Anki / Obsidian",5,,,,,,,,
2472,e14fc3506630213cf4dbb3dddf035e19aad46cfaf81f1761b7791f1f48a64d67,2026-02-03 12:51:53,Week 1,35,6+ hours,5,4,Sometimes,"ChatGPT, Claude",6 – 10,5,"Mobile-only access, Health / stress issues",4,2,False,85.0,Slightly better,YouTube,2026-02-02 12:45:31,Madhya Pradesh,Central University,B.Tech,3rd Year,8.0 – 9.0,2 – 4 hours,"ChatGPT / AI tools, WhatsApp / Telegram",2,,,,,,,,
2473,e8386eec4c2f671d625ec0a877e0c9af57a196443df6751cfd908bc4bb188c51,2026-02-03 12:53:19,Week 1,15,0 – 2 hours,2,1,Never,NaN,0,1,Poor internet,2,4,False,,About the same,"YouTube, Physical Notes",2026-01-31 18:42:45,Kerala,State University,B.Com,2nd Year,Prefer not to say,2 – 4 hours,"YouTube, NPTEL / SWAYAM, Coursera / Udemy / edX, Notion / Anki / Obsidian, Physical notes",5,,,,,,,,
2474,b7c45e43b3e4defcfa15c66053995acfb95306f516892ea504b4a561e64a85b9,2026-02-03 12:55:32,Week 1,25,2 – 4 hours,3,3,Often,ChatGPT,3 – 6,3,NaN,3,3,False,78.0,Slightly better,"YouTube, Coursera / Udemy / edX, College LMS",2026-01-31 18:40:13,Tamil Nadu,IIT / NIT,B.Sc,2nd Year,6.0 – 7.0,0 – 2 hours,"YouTube, NPTEL / SWAYAM, ChatGPT / AI tools",3,,,,,,,,
2475,32b68dc8923730efba7e69129bcc4d5555495cc9359174e99e3d50570ce6de44,2026-02-03 17:14:22,Week 3,30,2 – 4 hours,3,2,Often,"ChatGPT, Google Gemini, GitHub Copilot",10+,5,Health / stress issues,4,5,False,,Slightly better,"YouTube, College LMS",2026-01-31 14:55:58,Kerala,State University,B.Sc,1st Year,7.0 – 8.0,0 – 2 hours,"YouTube, ChatGPT / AI tools, College LMS, WhatsApp / Telegram",4,,,,,,,,
2476,266344e1c50b449d6d5dbec5b4b1af3236f13cc0b97871acccf3da3697283f82,2026-02-05 21:45:35,Week 1,0,4 – 6 hours,3,3,Sometimes,"ChatGPT, Google Gemini, Claude, Perplexity AI, Canva AI",1 – 3,3,NaN,3,3,False,,About the same,"YouTube, NPTEL / SWAYAM, Coursera / Udemy / edX, College LMS, WhatsApp / Telegram (for study purposes)",2026-01-16 12:24:26,Tamil Nadu,Private University,B.Tech,3rd Year,9.0+,2 – 4 hours,"YouTube, ChatGPT / AI tools, Notion / Anki / Obsidian, WhatsApp / Telegram",4,,,,,,,,
2477,6cdee50dedfbbd1a46317cf81321165ab42071b577d2f1514daac32cb4160095,2026-02-05 21:49:41,Week 1,10,0 – 2 hours,5,3,Sometimes,"ChatGPT, Google Gemini, Microsoft Copilot, Perplexity AI, GitHub Copilot, Canva AI, Khanmigo (Khan Academy AI)",1 – 3,3,"Poor internet, Mobile-only access, No quiet study space",3,5,False,94.0,Much better,"YouTube, NPTEL / SWAYAM, Coursera / Udemy / edX, College LMS, Notion / Anki / Obsidian, WhatsApp / Telegram (for study purposes), Physical Notes",2026-02-02 12:39:28,Gujarat,Private University,B.Tech,3rd Year,8.0 – 9.0,6+ hours,NaN,1,,,,,,,,
2478,f8041b50a2c1379ae1a539104ac8cfff2e7475d9225620826e59c80d286afe76,2026-02-05 21:53:36,Week 1,70,2 – 4 hours,1,1,Sometimes,ChatGPT,10+,3,NaN,2,1,False,,Slightly better,"YouTube, WhatsApp / Telegram (for study purposes)",2026-01-31 18:25:54,Andhra Pradesh,Private University,B.Sc,3rd Year,7.0 – 8.0,0 – 2 hours,"YouTube, NPTEL / SWAYAM, Notion / Anki / Obsidian, College LMS, WhatsApp / Telegram",5,,,,,,,,
2479,5e849a6892d6df48c1362529cab706d619efa96a172b3f715bc1f5ccd5ca61ec,2026-02-05 22:29:26,Week 1,0,0 – 2 hours,1,1,Never,"ChatGPT, Google Gemini, Microsoft Copilot",1 – 3,3,"Poor internet, Mobile-only access, No quiet study space, Health / stress issues",1,4,False,70.0,About the same,YouTube,2026-02-02 13:01:28,Uttar Pradesh,IIT / NIT,BA,Others,8.0 – 9.0,2 – 4 hours,"YouTube, ChatGPT / AI tools",2,,,,,,,,
2525,e14fc3506630213cf4dbb3dddf035e19aad46cfaf81f1761b7791f1f48a64d67,2026-02-26 00:18:30,Week 4,40,2 – 4 hours,3,3,Never,ChatGPT,1 – 3,3,NaN,3,1,False,,Much worse,YouTube,2026-02-02 12:45:31,Madhya Pradesh,Central University,B.Tech,3rd Year,8.0 – 9.0,2 – 4 hours,"ChatGPT / AI tools, WhatsApp / Telegram",2,,,,,,,,
2480,f5df30de694992a770d857d674587e781574c81ffc40be127f93b6a3d3a95f48,2026-02-08 10:09:09,Week 2,1,0 – 2 hours,4,1,Never,"ChatGPT, Google Gemini",3 – 6,5,NaN,5,5,False,,About the same,WhatsApp / Telegram (for study purposes),2026-02-23 10:05:11,Andhra Pradesh,State University,B.Sc,3rd Year,Prefer not to say,2 – 4 hours,"YouTube, Coursera / Udemy / edX, Notion / Anki / Obsidian, WhatsApp / Telegram, Physical notes",5,,,,,,,,
2481,ad04e596e1af01ab238040c91de85cefe7f49fb2aabec57135e928a5ee02305e,2026-02-16 08:39:48,Week 3,4,0 – 2 hours,3,1,Never,ChatGPT,6 – 10,4,NaN,4,3,False,,About the same,"YouTube, WhatsApp / Telegram (for study purposes)",2026-02-02 13:10:08,Karnataka,IIT / NIT,BBA,Others,7.0 – 8.0,2 – 4 hours,"YouTube, NPTEL / SWAYAM",2,,,,,,,,
2482,74d72de1f5b196019d5bbe209db2b90401f5ea949cebbdda60ac6b0f71acb482,2026-02-19 09:15:03,Week 2,6,0 – 2 hours,3,3,Rarely,"ChatGPT, Google Gemini, Claude",1 – 3,4,"Poor internet, No quiet study space",4,4,False,80.0,Slightly better,"YouTube, WhatsApp / Telegram (for study purposes), Physical Notes",2026-02-02 12:43:28,Madhya Pradesh,Central University,B.Tech,2nd Year,6.0 – 7.0,2 – 4 hours,"YouTube, ChatGPT / AI tools",2,,,,,,,,
2483,794e3ecad2e18d7bce8d1013a9e08fe529cc63443905f9864cedec22f7a9459b,2026-02-19 09:18:05,Week 3,5,0 – 2 hours,2,2,Rarely,"ChatGPT, Google Gemini",1 – 3,2,"Poor internet, No quiet study space, Health / stress issues",2,4,False,60.0,Slightly worse,"NPTEL / SWAYAM, WhatsApp / Telegram (for study purposes), Physical Notes",2025-12-27 12:35:23,Tamil Nadu,Deemed University,B.Tech,3rd Year,6.0 – 7.0,0 – 2 hours,"YouTube, ChatGPT / AI tools",2,,,,,,,,
2484,f8ecea41f5799921e46e5d82b8d41d92dba1fca7a66ca63506cc3c0aab382672,2026-02-19 09:19:09,Week 3,6,0 – 2 hours,3,3,Never,"ChatGPT, Google Gemini, Claude, Perplexity AI, GitHub Copilot",3 – 6,3,"Poor internet, No quiet study space",3,3,False,,About the same,"YouTube, Notion / Anki / Obsidian, WhatsApp / Telegram (for study purposes), Physical Notes",2026-01-27 17:56:30,Uttar Pradesh,Central University,B.Tech,4th Year,7.0 – 8.0,4 – 6 hours,"YouTube, NPTEL / SWAYAM, Coursera / Udemy / edX, ChatGPT / AI tools, Notion / Anki / Obsidian",5,,,,,,,,
2485,8bfc27000534160835a23ec100f95667b3894c6b3e90a6027721d3322ad782dc,2026-02-19 09:20:04,Week 4,7,2 – 4 hours,3,4,Never,"ChatGPT, Google Gemini, Microsoft Copilot, Claude, Perplexity AI",1 – 3,3,Poor internet,3,4,False,,About the same,"YouTube, WhatsApp / Telegram (for study purposes), Physical Notes",2026-02-05 21:46:59,Telangana,Private University,B.Tech,3rd Year,9.0+,0 – 2 hours,"YouTube, ChatGPT / AI tools, Physical notes",3,,,,,,,,
2486,0e155a1241bd00b2d588262223a52e0f8a911a4000092f096e6968dccae9e61b,2026-02-19 09:21:21,Week 4,7,2 – 4 hours,3,3,Never,"ChatGPT, Google Gemini, GitHub Copilot",1 – 3,2,Health / stress issues,2,3,False,70.0,About the same,"YouTube, WhatsApp / Telegram (for study purposes), Physical Notes",2026-02-03 11:16:29,Tamil Nadu,IIT / NIT,B.Tech,4th Year,8.0 – 9.0,2 – 4 hours,"ChatGPT / AI tools, College LMS",2,,,,,,,,
2487,219d4ac6903fffab5ab1d64d6ed0b331adcc691f0e116fb7f62cefba91f7b0ec,2026-02-19 09:22:29,Week 4,5,0 – 2 hours,1,1,Never,ChatGPT,1 – 3,2,Poor internet,2,2,False,,Slightly worse,YouTube,2025-12-26 18:34:24,Andhra Pradesh,Private University,B.Tech,3rd Year,9.0+,0 – 2 hours,ChatGPT / AI tools,1,,,,,,,,
2488,e9f047d3c2da21e5de56f3abab5c156cedf45843e25e1cc9c00e542a0848fb89,2026-02-19 09:23:22,Week 4,8,2 – 4 hours,4,4,Never,"ChatGPT, Google Gemini, Microsoft Copilot, Claude, GitHub Copilot",3 – 6,4,Poor internet,4,4,False,60.0,Slightly better,"YouTube, WhatsApp / Telegram (for study purposes), Physical Notes",2026-02-23 10:04:41,Andhra Pradesh,Central University,B.Tech,2nd Year,7.0 – 8.0,0 – 2 hours,"YouTube, NPTEL / SWAYAM, Coursera / Udemy / edX, Notion / Anki / Obsidian, WhatsApp / Telegram",5,,,,,,,,
2489,97b26b3698560201c1218be1d50871d93f4ae1f4a79deeb268b0ba686e43fdeb,2026-02-22 21:39:27,Week 4,6,0 – 2 hours,5,1,Never,ChatGPT,3 – 6,4,Health / stress issues,3,3,False,80.0,Slightly worse,"WhatsApp / Telegram (for study purposes), Physical Notes",2025-12-26 07:18:01,Tamil Nadu,Deemed University,B.Tech,3rd Year,8.0 – 9.0,0 – 2 hours,"ChatGPT / AI tools, College LMS, WhatsApp / Telegram",3,,,,,,,,
2490,7b5c4bd7d59556f437489bc9729a8c19655b90085e45e8dff621cf66913fc521,2026-02-23 10:18:52,Week 1,20,2 – 4 hours,3,3,Sometimes,"ChatGPT, Google Gemini, Microsoft Copilot, Claude, Perplexity AI, Grammarly, GitHub Copilot",3 – 6,4,"Poor internet, Mobile-only access, No quiet study space, Health / stress issues",2,2,False,,About the same,"YouTube, NPTEL / SWAYAM, Coursera / Udemy / edX, College LMS, WhatsApp / Telegram (for study purposes)",2026-02-23 10:13:22,Kerala,State University,B.Tech,3rd Year,Prefer not to say,2 – 4 hours,"YouTube, NPTEL / SWAYAM, Coursera / Udemy / edX, ChatGPT / AI tools, Notion / Anki / Obsidian, College LMS, WhatsApp / Telegram, Physical notes",8,,,,,,,,
2491,26234105c87439e0dc4fb999632d3a5406775cc0728c26840e4a6b26d071341b,2026-02-23 10:19:54,Week 1,30,2 – 4 hours,3,3,Often,"ChatGPT, Microsoft Copilot, Perplexity AI, Grammarly, QuillBot, Codeium, Tabnine",3 – 6,4,"Poor internet, No quiet study space, Health / stress issues, None",5,4,False,50.0,About the same,"NPTEL / SWAYAM, College LMS, Notion / Anki / Obsidian",2026-01-12 20:18:58,Tamil Nadu,Private University,B.Tech,2nd Year,6.0 – 7.0,0 – 2 hours,"YouTube, ChatGPT / AI tools, College LMS",3,,,,,,,,
2492,8773494ab4b07b7f7350b8d37e960ba5d05e7caf5ffbb75a943c63465a604b7f,2026-02-23 10:20:56,Week 1,35,4 – 6 hours,4,4,Often,"ChatGPT, Google Gemini, Microsoft Copilot, Perplexity AI, Grammarly, QuillBot",6 – 10,4,"Poor internet, No quiet study space, Health / stress issues",3,4,False,75.0,Slightly better,"YouTube, NPTEL / SWAYAM, Coursera / Udemy / edX, College LMS, Physical Notes",2026-01-31 18:47:34,Tamil Nadu,IIT / NIT,B.Tech,2nd Year,9.0+,4 – 6 hours,"YouTube, NPTEL / SWAYAM, Coursera / Udemy / edX, ChatGPT / AI tools, College LMS, WhatsApp / Telegram, Physical notes",7,,,,,,,,
2493,ef4aca4b5a9ddc8cfe1cda04eef5cb540a47e603dac29e3f59b7bdd1a387191d,2026-02-23 10:22:44,Week 1,30,4 – 6 hours,3,3,Sometimes,"ChatGPT, Google Gemini, Microsoft Copilot, Claude, Notion AI, GitHub Copilot, Codeium",3 – 6,4,"Mobile-only access, No quiet study space",2,3,False,,About the same,"NPTEL / SWAYAM, College LMS, Notion / Anki / Obsidian, WhatsApp / Telegram (for study purposes)",2026-02-02 12:52:17,Maharashtra,Private University,B.Tech,Others,6.0 – 7.0,2 – 4 hours,"YouTube, ChatGPT / AI tools",2,,,,,,,,
2494,1ad669ada84e5263e09135c0723aae8e30fcb58819e440892efde165dd587a5e,2026-02-23 10:23:43,Week 1,40,4 – 6 hours,2,2,Never,"ChatGPT, Google Gemini, Microsoft Copilot, Claude, Perplexity AI, Grammarly, QuillBot, Notion AI, Jasper AI, GitHub Copilot, Codeium, Replit AI, Tabnine",3 – 6,3,No quiet study space,3,4,False,59.0,Slightly worse,"YouTube, NPTEL / SWAYAM, College LMS, Notion / Anki / Obsidian, WhatsApp / Telegram (for study purposes)",2026-02-03 11:18:21,Karnataka,State University,BBA,3rd Year,7.0 – 8.0,2 – 4 hours,"YouTube, Coursera / Udemy / edX",2,,,,,,,,
2495,e14fc3506630213cf4dbb3dddf035e19aad46cfaf81f1761b7791f1f48a64d67,2026-02-23 10:35:09,Week 2,45,4 – 6 hours,4,2,Rarely,"ChatGPT, Google Gemini, Microsoft Copilot, Claude, Perplexity AI, Grammarly, Jasper AI, Tabnine, Canva AI, Adobe Firefly",6 – 10,4,Mobile-only access,4,4,False,80.0,Slightly better,"YouTube, Coursera / Udemy / edX, Notion / Anki / Obsidian, Physical Notes",2026-02-02 12:45:31,Madhya Pradesh,Central University,B.Tech,3rd Year,8.0 – 9.0,2 – 4 hours,"ChatGPT / AI tools, WhatsApp / Telegram",2,,,,,,,,
2496,5e849a6892d6df48c1362529cab706d619efa96a172b3f715bc1f5ccd5ca61ec,2026-02-23 10:35:57,Week 2,50,4 – 6 hours,2,2,Rarely,"ChatGPT, Google Gemini, Microsoft Copilot, Claude, Grammarly, Jasper AI, Codeium, Replit AI, DALL·E, Adobe Firefly, Khanmigo (Khan Academy AI)",6 – 10,4,NaN,4,3,False,90.0,Slightly better,"YouTube, NPTEL / SWAYAM, Coursera / Udemy / edX, College LMS, Notion / Anki / Obsidian",2026-02-02 13:01:28,Uttar Pradesh,IIT / NIT,BA,Others,8.0 – 9.0,2 – 4 hours,"YouTube, ChatGPT / AI tools",2,,,,,,,,
2497,6cdee50dedfbbd1a46317cf81321165ab42071b577d2f1514daac32cb4160095,2026-02-23 10:36:55,Week 2,60,6+ hours,3,3,Sometimes,"ChatGPT, Google Gemini, Microsoft Copilot, Claude, Grammarly, QuillBot, Jasper AI, Codeium, Tabnine, Canva AI, Adobe Firefly",10+,5,Health / stress issues,5,5,False,80.0,Slightly better,"YouTube, NPTEL / SWAYAM, Coursera / Udemy / edX, College LMS, Notion / Anki / Obsidian, WhatsApp / Telegram (for study purposes), Physical Notes",2026-02-02 12:39:28,Gujarat,Private University,B.Tech,3rd Year,8.0 – 9.0,6+ hours,NaN,1,,,,,,,,
2498,1dd2975d45d1e27948cae456e3827e3b50778c013fecee985fb0422f4a492ba2,2026-02-23 10:37:44,Week 2,70,6+ hours,3,3,Sometimes,"ChatGPT, Google Gemini, Microsoft Copilot, Claude, Perplexity AI, Grammarly, QuillBot, Notion AI, Codeium, Replit AI, Canva AI, DALL·E, Midjourney, Adobe Firefly",6 – 10,4,"Poor internet, No quiet study space, Health / stress issues",5,4,False,,About the same,"YouTube, NPTEL / SWAYAM, Coursera / Udemy / edX, College LMS, Notion / Anki / Obsidian, WhatsApp / Telegram (for study purposes), Physical Notes",2026-02-19 13:17:59,Andhra Pradesh,State University,B.Tech,2nd Year,7.0 – 8.0,6+ hours,"YouTube, NPTEL / SWAYAM, Coursera / Udemy / edX, ChatGPT / AI tools, Notion / Anki / Obsidian, College LMS, WhatsApp / Telegram, Physical notes",8,,,,,,,,
2499,1dd2975d45d1e27948cae456e3827e3b50778c013fecee985fb0422f4a492ba2,2026-02-23 10:38:39,Week 2,60,6+ hours,3,3,Often,"ChatGPT, Google Gemini, Microsoft Copilot, Claude, Perplexity AI, Grammarly, Jasper AI, GitHub Copilot, Canva AI",6 – 10,3,NaN,4,4,False,75.0,Much better,"YouTube, NPTEL / SWAYAM, Coursera / Udemy / edX, College LMS, Notion / Anki / Obsidian, WhatsApp / Telegram (for study purposes), Physical Notes",2026-02-19 13:17:59,Andhra Pradesh,State University,B.Tech,2nd Year,7.0 – 8.0,6+ hours,"YouTube, NPTEL / SWAYAM, Coursera / Udemy / edX, ChatGPT / AI tools, Notion / Anki / Obsidian, College LMS, WhatsApp / Telegram, Physical notes",8,,,,,,,,
2500,b319601b117de5d02e9d335f82997ad5d2c20f041b094bdd7a67411b8ad1543b,2026-02-23 10:40:54,Week 2,70,6+ hours,4,1,Often,"ChatGPT, Google Gemini, Microsoft Copilot, Claude, Perplexity AI, Grammarly, QuillBot, Notion AI, GitHub Copilot, DALL·E",10+,4,Health / stress issues,4,4,False,85.0,About the same,"YouTube, NPTEL / SWAYAM, Coursera / Udemy / edX, College LMS, Notion / Anki / Obsidian, WhatsApp / Telegram (for study purposes), Physical Notes",2026-01-31 11:34:19,Tamil Nadu,State University,B.Tech,4th Year,8.0 – 9.0,0 – 2 hours,"YouTube, ChatGPT / AI tools, WhatsApp / Telegram",3,,,,,,,,
2501,63c23cf4b390284f3ce1175699f5efa501022ba212fe21be99dc9e2d21deebbf,2026-02-23 10:42:01,Week 2,65,6+ hours,4,2,Sometimes,"ChatGPT, Google Gemini, Microsoft Copilot, Claude, Perplexity AI, Grammarly, QuillBot, Notion AI, Codeium",6 – 10,4,Health / stress issues,3,3,False,70.0,Much better,"YouTube, NPTEL / SWAYAM, Coursera / Udemy / edX, College LMS, Notion / Anki / Obsidian, WhatsApp / Telegram (for study purposes), Physical Notes",2026-02-02 12:38:59,Rajasthan,State University,B.Sc,2nd Year,7.0 – 8.0,4 – 6 hours,"Coursera / Udemy / edX, ChatGPT / AI tools, Notion / Anki / Obsidian, College LMS, Physical notes",5,,,,,,,,
2502,266344e1c50b449d6d5dbec5b4b1af3236f13cc0b97871acccf3da3697283f82,2026-02-23 10:42:59,Week 2,55,6+ hours,5,5,Always,"ChatGPT, Google Gemini, Microsoft Copilot, Claude, Perplexity AI, Grammarly, QuillBot, Jasper AI, GitHub Copilot, Replit AI",10+,5,No quiet study space,5,5,False,80.0,Slightly better,"YouTube, NPTEL / SWAYAM, Coursera / Udemy / edX, College LMS, WhatsApp / Telegram (for study purposes)",2026-01-16 12:24:26,Tamil Nadu,Private University,B.Tech,3rd Year,9.0+,2 – 4 hours,"YouTube, ChatGPT / AI tools, Notion / Anki / Obsidian, WhatsApp / Telegram",4,,,,,,,,
2503,cf47f395a464caa7ab1da1745c2d650002296d75e8eac41561b430a83f4382f8,2026-02-23 10:44:12,Week 2,50,6+ hours,5,2,Sometimes,"ChatGPT, Google Gemini, Microsoft Copilot, Claude, Perplexity AI, Grammarly, Notion AI, Codeium, Tabnine, Canva AI",10+,5,Mobile-only access,5,4,False,66.0,Slightly worse,"YouTube, NPTEL / SWAYAM, Coursera / Udemy / edX, College LMS, Notion / Anki / Obsidian, WhatsApp / Telegram (for study purposes), Physical Notes",2026-01-31 18:49:58,Tamil Nadu,Central University,B.Sc,3rd Year,7.0 – 8.0,2 – 4 hours,"YouTube, NPTEL / SWAYAM, Coursera / Udemy / edX, ChatGPT / AI tools, Notion / Anki / Obsidian",5,,,,,,,,
2504,0e155a1241bd00b2d588262223a52e0f8a911a4000092f096e6968dccae9e61b,2026-02-23 10:45:06,Week 2,60,6+ hours,5,3,Sometimes,"ChatGPT, Google Gemini, Microsoft Copilot, Claude, Perplexity AI, Grammarly, QuillBot, Notion AI, GitHub Copilot, Replit AI, Canva AI, Adobe Firefly",6 – 10,4,"Poor internet, No quiet study space",5,4,False,56.0,Much worse,"YouTube, NPTEL / SWAYAM, Coursera / Udemy / edX, College LMS, Notion / Anki / Obsidian, WhatsApp / Telegram (for study purposes), Physical Notes",2026-02-03 11:16:29,Tamil Nadu,IIT / NIT,B.Tech,4th Year,8.0 – 9.0,2 – 4 hours,"ChatGPT / AI tools, College LMS",2,,,,,,,,
2505,49c29b44c0f2dba949371e3de5aaea4ace47ef333c771bda5ab86551a01e7a7d,2026-02-23 10:46:14,Week 2,56,6+ hours,5,2,Sometimes,"ChatGPT, Google Gemini, Microsoft Copilot, Claude, Perplexity AI, Grammarly, QuillBot, Notion AI",10+,4,"Poor internet, Mobile-only access",3,3,False,60.0,Slightly worse,"YouTube, NPTEL / SWAYAM, Coursera / Udemy / edX, College LMS, Notion / Anki / Obsidian, WhatsApp / Telegram (for study purposes), Physical Notes",2026-02-02 12:49:39,Uttar Pradesh,Central University,B.Tech,Others,8.0 – 9.0,2 – 4 hours,"YouTube, ChatGPT / AI tools",2,,,,,,,,
2506,0e155a1241bd00b2d588262223a52e0f8a911a4000092f096e6968dccae9e61b,2026-02-23 10:47:04,Week 2,60,4 – 6 hours,4,5,Sometimes,"ChatGPT, Google Gemini, Microsoft Copilot, Claude, Perplexity AI, Grammarly, QuillBot, Notion AI, Jasper AI",10+,5,Poor internet,5,5,False,75.0,About the same,"YouTube, College LMS, WhatsApp / Telegram (for study purposes), Physical Notes",2026-02-03 11:16:29,Tamil Nadu,IIT / NIT,B.Tech,4th Year,8.0 – 9.0,2 – 4 hours,"ChatGPT / AI tools, College LMS",2,,,,,,,,
2507,a0844c331d7454600df29956fea1f640e9035aa0e376172eded377ff472dedbe,2026-02-23 10:48:16,Week 2,45,4 – 6 hours,5,3,Often,"ChatGPT, Google Gemini, Claude, Perplexity AI, Grammarly",6 – 10,4,Poor internet,5,4,False,90.0,Slightly better,"YouTube, NPTEL / SWAYAM, College LMS, WhatsApp / Telegram (for study purposes)",2026-01-31 18:46:52,Karnataka,Central University,B.Sc,1st Year,7.0 – 8.0,2 – 4 hours,"NPTEL / SWAYAM, Coursera / Udemy / edX, ChatGPT / AI tools, College LMS, WhatsApp / Telegram, Physical notes",6,,,,,,,,
2508,ea6dc2fae8a61411b9d6de51699ca6787330c0036ffedddf4a649648fefe8732,2026-02-23 10:49:33,Week 3,20,2 – 4 hours,2,2,Rarely,"ChatGPT, Google Gemini",3 – 6,3,Poor internet,2,2,False,,Slightly worse,"YouTube, WhatsApp / Telegram (for study purposes)",2026-01-31 18:48:18,Andhra Pradesh,Private University,B.Tech,4th Year,7.0 – 8.0,2 – 4 hours,"YouTube, ChatGPT / AI tools, College LMS, WhatsApp / Telegram",4,,,,,,,,
2509,16a56bf3b362259b32e3bc7d18a95d94213241560809ad3c4d5ddba644365acb,2026-02-23 11:07:02,Week 3,40,4 – 6 hours,3,3,Sometimes,"ChatGPT, Google Gemini, Microsoft Copilot, Claude, Perplexity AI, Grammarly",3 – 6,2,NaN,3,3,False,,Slightly worse,"YouTube, College LMS, Notion / Anki / Obsidian",2026-02-19 13:19:58,Tamil Nadu,State University,B.Sc,2nd Year,8.0 – 9.0,2 – 4 hours,"YouTube, NPTEL / SWAYAM, Coursera / Udemy / edX, ChatGPT / AI tools, Notion / Anki / Obsidian",5,,,,,,,,
2510,c4fc9686cc1b927682fbf989fe97901e479c7d5a214ce073d7cc6062f4682ed6,2026-02-23 11:07:50,Week 3,30,2 – 4 hours,2,2,Rarely,"ChatGPT, Google Gemini, Perplexity AI, Grammarly",1 – 3,2,NaN,3,3,False,,Slightly worse,"YouTube, NPTEL / SWAYAM, Coursera / Udemy / edX, College LMS",2026-02-23 10:06:40,Andhra Pradesh,Private University,B.Com,3rd Year,6.0 – 7.0,0 – 2 hours,"Coursera / Udemy / edX, ChatGPT / AI tools, Notion / Anki / Obsidian, WhatsApp / Telegram",4,,,,,,,,
2511,b9c03c59028b4485073ac377b7c14dfe728898b0dccd931ebc2eea5d5b1d746a,2026-02-23 11:08:32,Week 3,30,4 – 6 hours,2,2,Sometimes,"ChatGPT, Google Gemini, Microsoft Copilot, Claude, Perplexity AI",1 – 3,2,Poor internet,2,2,False,,Much worse,"YouTube, NPTEL / SWAYAM, Coursera / Udemy / edX, College LMS",2025-12-27 14:52:29,Tamil Nadu,Central University,B.Tech,3rd Year,8.0 – 9.0,2 – 4 hours,"ChatGPT / AI tools, College LMS, WhatsApp / Telegram",3,,,,,,,,
2512,f72f420debc36def28125c58c71822ce49043914a9406e73923965f87c8cb669,2026-02-23 11:09:19,Week 3,30,2 – 4 hours,3,3,Sometimes,"ChatGPT, Google Gemini, Microsoft Copilot, Claude, Perplexity AI, QuillBot",1 – 3,3,NaN,3,3,False,,About the same,"YouTube, NPTEL / SWAYAM, Coursera / Udemy / edX, College LMS",2026-01-12 23:37:58,Karnataka,Private University,BA,3rd Year,8.0 – 9.0,0 – 2 hours,"YouTube, ChatGPT / AI tools, WhatsApp / Telegram, Physical notes only",4,,,,,,,,
2513,f72f420debc36def28125c58c71822ce49043914a9406e73923965f87c8cb669,2026-02-23 11:12:41,Week 3,20,2 – 4 hours,3,3,Sometimes,"ChatGPT, Google Gemini, Microsoft Copilot, Claude, Perplexity AI, Grammarly, QuillBot",1 – 3,3,Health / stress issues,2,2,False,,Slightly worse,"YouTube, NPTEL / SWAYAM, Coursera / Udemy / edX, College LMS, Notion / Anki / Obsidian",2026-01-12 23:37:58,Karnataka,Private University,BA,3rd Year,8.0 – 9.0,0 – 2 hours,"YouTube, ChatGPT / AI tools, WhatsApp / Telegram, Physical notes only",4,,,,,,,,
2514,0e155a1241bd00b2d588262223a52e0f8a911a4000092f096e6968dccae9e61b,2026-02-23 11:13:20,Week 3,20,2 – 4 hours,2,2,Rarely,"ChatGPT, Google Gemini, Microsoft Copilot, Claude",1 – 3,2,NaN,3,2,False,,About the same,"YouTube, Coursera / Udemy / edX, Notion / Anki / Obsidian",2026-02-03 11:16:29,Tamil Nadu,IIT / NIT,B.Tech,4th Year,8.0 – 9.0,2 – 4 hours,"ChatGPT / AI tools, College LMS",2,,,,,,,,
2515,d2db0cecaf1edf2f34e8fcb492052acd27453600c6cc493e25700d9c3b289761,2026-02-23 11:14:00,Week 4,10,0 – 2 hours,1,1,Never,"ChatGPT, Google Gemini",1 – 3,2,Poor internet,1,1,False,,Much worse,"YouTube, Coursera / Udemy / edX",2026-02-02 12:56:07,Uttar Pradesh,IIT / NIT,Other,2nd Year,Prefer not to say,2 – 4 hours,"YouTube, Coursera / Udemy / edX",2,,,,,,,,
2516,3d83828233d057f5e1e37a4c9e784850077d6638768e69b0f6b5d4e5e2dfc994,2026-02-24 12:14:09,Week 2,50,6+ hours,4,4,Sometimes,"ChatGPT, Google Gemini, Microsoft Copilot, Claude, Grammarly, QuillBot, Notion AI, Midjourney, Adobe Firefly, Khanmigo (Khan Academy AI)",6 – 10,5,"Poor internet, Mobile-only access, Health / stress issues",3,3,False,60.0,About the same,"YouTube, NPTEL / SWAYAM, Coursera / Udemy / edX, College LMS, Notion / Anki / Obsidian, WhatsApp / Telegram (for study purposes)",2026-01-12 21:41:37,Tamil Nadu,Private University,B.Tech,3rd Year,8.0 – 9.0,0 – 2 hours,"YouTube, ChatGPT / AI tools",2,,,,,,,,
2517,a0844c331d7454600df29956fea1f640e9035aa0e376172eded377ff472dedbe,2026-02-24 12:16:26,Week 2,40,4 – 6 hours,3,3,Sometimes,"ChatGPT, Google Gemini, Microsoft Copilot, Claude, Perplexity AI, Grammarly, QuillBot, GitHub Copilot, Codeium",6 – 10,4,"Poor internet, Mobile-only access, No quiet study space",3,3,False,70.0,Slightly better,"YouTube, NPTEL / SWAYAM, Coursera / Udemy / edX, College LMS, Notion / Anki / Obsidian, Physical Notes",2026-01-31 18:46:52,Karnataka,Central University,B.Sc,1st Year,7.0 – 8.0,2 – 4 hours,"NPTEL / SWAYAM, Coursera / Udemy / edX, ChatGPT / AI tools, College LMS, WhatsApp / Telegram, Physical notes",6,,,,,,,,
2518,3d83828233d057f5e1e37a4c9e784850077d6638768e69b0f6b5d4e5e2dfc994,2026-02-25 23:11:19,Week 3,4,2 – 4 hours,3,3,Sometimes,"ChatGPT, Microsoft Copilot, QuillBot",1 – 3,3,No quiet study space,3,3,False,,Slightly worse,YouTube,2026-01-12 21:41:37,Tamil Nadu,Private University,B.Tech,3rd Year,8.0 – 9.0,0 – 2 hours,"YouTube, ChatGPT / AI tools",2,,,,,,,,
2519,8ded4921661c4a18e633a572258dbd0f9a2c004f4aa3e9e2057a670d47566de6,2026-02-26 00:09:17,Week 3,2,0 – 2 hours,2,2,Rarely,ChatGPT,1 – 3,2,Poor internet,2,2,False,,Slightly worse,NaN,2026-02-03 11:19:03,Kerala,Private University,B.Sc,3rd Year,Prefer not to say,2 – 4 hours,"NPTEL / SWAYAM, WhatsApp / Telegram, Physical notes",3,,,,,,,,
2520,1dd2975d45d1e27948cae456e3827e3b50778c013fecee985fb0422f4a492ba2,2026-02-26 00:14:22,Week 2,9,6+ hours,5,5,Often,"ChatGPT, Google Gemini, Claude",3 – 6,4,NaN,4,5,False,,Much better,"YouTube, WhatsApp / Telegram (for study purposes), Physical Notes",2026-02-19 13:17:59,Andhra Pradesh,State University,B.Tech,2nd Year,7.0 – 8.0,6+ hours,"YouTube, NPTEL / SWAYAM, Coursera / Udemy / edX, ChatGPT / AI tools, Notion / Anki / Obsidian, College LMS, WhatsApp / Telegram, Physical notes",8,,,,,,,,
2521,781a9f368166d71405348c3b65fa0645e7cab12d017be1e369eb8d7a5cd5fb1d,2026-02-26 00:14:46,Week 1,68,4 – 6 hours,4,4,Often,"ChatGPT, Google Gemini, Microsoft Copilot, Claude, Perplexity AI",10+,5,NaN,4,4,False,,Slightly better,YouTube,2026-02-02 12:40:04,Maharashtra,IIT / NIT,B.Com,4th Year,7.0 – 8.0,2 – 4 hours,"YouTube, NPTEL / SWAYAM, Coursera / Udemy / edX, ChatGPT / AI tools, Notion / Anki / Obsidian, College LMS, WhatsApp / Telegram, Physical notes",8,,,,,,,,
2522,c4fc9686cc1b927682fbf989fe97901e479c7d5a214ce073d7cc6062f4682ed6,2026-02-26 00:16:28,Week 2,68,6+ hours,5,5,Always,"ChatGPT, Google Gemini, Microsoft Copilot, Claude, Perplexity AI",10+,5,NaN,5,5,False,80.0,Much better,"YouTube, College LMS, WhatsApp / Telegram (for study purposes), Physical Notes",2026-02-23 10:06:40,Andhra Pradesh,Private University,B.Com,3rd Year,6.0 – 7.0,0 – 2 hours,"Coursera / Udemy / edX, ChatGPT / AI tools, Notion / Anki / Obsidian, WhatsApp / Telegram",4,,,,,,,,
2523,32b68dc8923730efba7e69129bcc4d5555495cc9359174e99e3d50570ce6de44,2026-02-26 00:17:35,Week 3,50,4 – 6 hours,3,3,Sometimes,ChatGPT,3 – 6,4,NaN,2,2,False,,Slightly worse,YouTube,2026-01-31 14:55:58,Kerala,State University,B.Sc,1st Year,7.0 – 8.0,0 – 2 hours,"YouTube, ChatGPT / AI tools, College LMS, WhatsApp / Telegram",4,,,,,,,,
2526,97b26b3698560201c1218be1d50871d93f4ae1f4a79deeb268b0ba686e43fdeb,2026-02-26 09:56:15,Week 1,67,6+ hours,4,4,Often,"ChatGPT, Google Gemini, Microsoft Copilot, Claude, Perplexity AI",6 – 10,4,NaN,4,4,False,,Slightly better,"YouTube, College LMS, WhatsApp / Telegram (for study purposes), Physical Notes",2025-12-26 07:18:01,Tamil Nadu,Deemed University,B.Tech,3rd Year,8.0 – 9.0,0 – 2 hours,"ChatGPT / AI tools, College LMS, WhatsApp / Telegram",3,,,,,,,,
2527,26234105c87439e0dc4fb999632d3a5406775cc0728c26840e4a6b26d071341b,2026-02-26 09:57:57,Week 2,69,6+ hours,5,5,Always,"ChatGPT, Google Gemini, Microsoft Copilot, Claude, Perplexity AI, Canva AI",10+,5,NaN,5,5,False,80.0,Much better,"YouTube, College LMS, WhatsApp / Telegram (for study purposes), Physical Notes",2026-01-12 20:18:58,Tamil Nadu,Private University,B.Tech,2nd Year,6.0 – 7.0,0 – 2 hours,"YouTube, ChatGPT / AI tools, College LMS",3,,,,,,,,
2528,c4fc9686cc1b927682fbf989fe97901e479c7d5a214ce073d7cc6062f4682ed6,2026-02-26 10:04:30,Week 3,46,4 – 6 hours,3,3,Sometimes,"ChatGPT, Microsoft Copilot",3 – 6,2,NaN,3,2,False,,Slightly worse,"YouTube, College LMS, WhatsApp / Telegram (for study purposes), Physical Notes",2026-02-23 10:06:40,Andhra Pradesh,Private University,B.Com,3rd Year,6.0 – 7.0,0 – 2 hours,"Coursera / Udemy / edX, ChatGPT / AI tools, Notion / Anki / Obsidian, WhatsApp / Telegram",4,,,,,,,,
2529,384ceb85e96e6aa2ecda396e81a782b00f64a547b8639cec5570f556cec3c71d,2026-02-26 10:05:56,Week 3,20,2 – 4 hours,2,2,Never,"ChatGPT, Google Gemini",1 – 3,2,NaN,2,1,False,,Slightly better,YouTube,2026-02-23 10:05:39,Kerala,Private University,B.Com,2nd Year,8.0 – 9.0,4 – 6 hours,"NPTEL / SWAYAM, Coursera / Udemy / edX, College LMS, Physical notes",4,,,,,,,,
2530,781a9f368166d71405348c3b65fa0645e7cab12d017be1e369eb8d7a5cd5fb1d,2026-02-26 10:07:56,Week 3,10,0 – 2 hours,1,1,Never,"ChatGPT, Google Gemini",1 – 3,2,NaN,1,1,False,,Much worse,"YouTube, College LMS",2026-02-02 12:40:04,Maharashtra,IIT / NIT,B.Com,4th Year,7.0 – 8.0,2 – 4 hours,"YouTube, NPTEL / SWAYAM, Coursera / Udemy / edX, ChatGPT / AI tools, Notion / Anki / Obsidian, College LMS, WhatsApp / Telegram, Physical notes",8,,,,,,,,
2531,e8386eec4c2f671d625ec0a877e0c9af57a196443df6751cfd908bc4bb188c51,2026-02-26 10:07:59,Week 3,17,6+ hours,3,3,Sometimes,"ChatGPT, Perplexity AI",6 – 10,4,NaN,4,3,False,,About the same,"YouTube, WhatsApp / Telegram (for study purposes), Physical Notes",2026-01-31 18:42:45,Kerala,State University,B.Com,2nd Year,Prefer not to say,2 – 4 hours,"YouTube, NPTEL / SWAYAM, Coursera / Udemy / edX, Notion / Anki / Obsidian, Physical notes",5,,,,,,,,
2532,d2db0cecaf1edf2f34e8fcb492052acd27453600c6cc493e25700d9c3b289761,2026-02-26 10:09:09,Week 3,15,0 – 2 hours,1,1,Never,"ChatGPT, Google Gemini",1 – 3,2,NaN,1,1,False,,Slightly worse,"YouTube, College LMS, Physical Notes",2026-02-02 12:56:07,Uttar Pradesh,IIT / NIT,Other,2nd Year,Prefer not to say,2 – 4 hours,"YouTube, Coursera / Udemy / edX",2,,,,,,,,
2533,cf47f395a464caa7ab1da1745c2d650002296d75e8eac41561b430a83f4382f8,2026-02-26 10:10:18,Week 3,10,0 – 2 hours,1,1,Never,ChatGPT,1 – 3,2,NaN,1,1,False,,Much worse,YouTube,2026-01-31 18:49:58,Tamil Nadu,Central University,B.Sc,3rd Year,7.0 – 8.0,2 – 4 hours,"YouTube, NPTEL / SWAYAM, Coursera / Udemy / edX, ChatGPT / AI tools, Notion / Anki / Obsidian",5,,,,,,,,
2534,a0844c331d7454600df29956fea1f640e9035aa0e376172eded377ff472dedbe,2026-02-26 10:11:24,Week 3,10,0 – 2 hours,2,2,Never,"ChatGPT, Google Gemini",1 – 3,1,NaN,2,1,False,,Much worse,YouTube,2026-01-31 18:46:52,Karnataka,Central University,B.Sc,1st Year,7.0 – 8.0,2 – 4 hours,"NPTEL / SWAYAM, Coursera / Udemy / edX, ChatGPT / AI tools, College LMS, WhatsApp / Telegram, Physical notes",6,,,,,,,,
2535,0e155a1241bd00b2d588262223a52e0f8a911a4000092f096e6968dccae9e61b,2026-02-26 10:12:20,Week 3,10,2 – 4 hours,1,1,Never,ChatGPT,1 – 3,1,NaN,1,2,False,,Slightly worse,YouTube,2026-02-03 11:16:29,Tamil Nadu,IIT / NIT,B.Tech,4th Year,8.0 – 9.0,2 – 4 hours,"ChatGPT / AI tools, College LMS",2,,,,,,,,
2536,caf626adf6b1139006e560ca8cc80b33ca449dfd93d89557b2b5dca8a09ea07f,2026-02-26 10:13:20,Week 3,10,2 – 4 hours,1,1,Never,"ChatGPT, Google Gemini",1 – 3,2,NaN,2,1,False,,Slightly worse,YouTube,2026-02-23 10:06:05,Karnataka,Private University,BA,3rd Year,7.0 – 8.0,2 – 4 hours,"YouTube, NPTEL / SWAYAM, Coursera / Udemy / edX, ChatGPT / AI tools, Notion / Anki / Obsidian, WhatsApp / Telegram",6,,,,,,,,
2537,3a16c6fa9dbc26f91e12cdd112bec4f2953a34f47097d3424e3f551bb022a684,2026-02-26 10:14:20,Week 3,10,0 – 2 hours,1,1,Never,ChatGPT,1 – 3,2,NaN,2,1,False,,Much worse,YouTube,2026-01-31 18:44:48,Tamil Nadu,Private University,BBA,1st Year,6.0 – 7.0,0 – 2 hours,"YouTube, Coursera / Udemy / edX, ChatGPT / AI tools, College LMS, WhatsApp / Telegram, Physical notes",6,,,,,,,,
2538,132137538b93be89ed6c9815b322a7a0f58530b8c229d1809265140f5cb8c398,2026-02-26 10:14:42,Week 4,10,6+ hours,2,2,Sometimes,"ChatGPT, Google Gemini",3 – 6,4,No quiet study space,3,3,False,,About the same,"YouTube, Coursera / Udemy / edX",2026-01-13 19:44:22,Tamil Nadu,Deemed University,B.Tech,3rd Year,7.0 – 8.0,2 – 4 hours,"YouTube, ChatGPT / AI tools",2,,,,,,,,
2539,81ddebb1fc0e6b009a5655dea87854093d1374914f03d128e615c955c9007504,2026-02-26 10:15:38,Week 3,8,2 – 4 hours,1,1,Never,Google Gemini,1 – 3,1,NaN,1,1,False,,Slightly worse,YouTube,2026-01-12 20:20:23,Tamil Nadu,Private University,B.Tech,3rd Year,7.0 – 8.0,2 – 4 hours,"YouTube, ChatGPT / AI tools, WhatsApp / Telegram, Physical notes only",4,,,,,,,,
2540,b319601b117de5d02e9d335f82997ad5d2c20f041b094bdd7a67411b8ad1543b,2026-02-26 10:17:37,Week 3,9,0 – 2 hours,1,2,Never,ChatGPT,1 – 3,1,NaN,1,1,False,,Slightly worse,YouTube,2026-01-31 11:34:19,Tamil Nadu,State University,B.Tech,4th Year,8.0 – 9.0,0 – 2 hours,"YouTube, ChatGPT / AI tools, WhatsApp / Telegram",3,,,,,,,,
2541,a0844c331d7454600df29956fea1f640e9035aa0e376172eded377ff472dedbe,2026-02-26 10:18:30,Week 3,6,0 – 2 hours,1,1,Never,ChatGPT,1 – 3,1,NaN,1,1,False,,Much worse,YouTube,2026-01-31 18:46:52,Karnataka,Central University,B.Sc,1st Year,7.0 – 8.0,2 – 4 hours,"NPTEL / SWAYAM, Coursera / Udemy / edX, ChatGPT / AI tools, College LMS, WhatsApp / Telegram, Physical notes",6,,,,,,,,
2542,a0844c331d7454600df29956fea1f640e9035aa0e376172eded377ff472dedbe,2026-02-26 10:19:45,Week 3,8,0 – 2 hours,1,1,Never,ChatGPT,0,1,NaN,1,1,False,,Much worse,YouTube,2026-01-31 18:46:52,Karnataka,Central University,B.Sc,1st Year,7.0 – 8.0,2 – 4 hours,"NPTEL / SWAYAM, Coursera / Udemy / edX, ChatGPT / AI tools, College LMS, WhatsApp / Telegram, Physical notes",6,,,,,,,,
2543,16a56bf3b362259b32e3bc7d18a95d94213241560809ad3c4d5ddba644365acb,2026-02-26 10:21:01,Week 3,35,2 – 4 hours,2,2,Rarely,Google Gemini,1 – 3,1,NaN,1,2,False,,Slightly worse,YouTube,2026-02-19 13:19:58,Tamil Nadu,State University,B.Sc,2nd Year,8.0 – 9.0,2 – 4 hours,"YouTube, NPTEL / SWAYAM, Coursera / Udemy / edX, ChatGPT / AI tools, Notion / Anki / Obsidian",5,,,,,,,,
2544,cf47f395a464caa7ab1da1745c2d650002296d75e8eac41561b430a83f4382f8,2026-02-26 10:21:57,Week 3,5,0 – 2 hours,1,1,Never,ChatGPT,0,1,NaN,1,1,False,,Much worse,YouTube,2026-01-31 18:49:58,Tamil Nadu,Central University,B.Sc,3rd Year,7.0 – 8.0,2 – 4 hours,"YouTube, NPTEL / SWAYAM, Coursera / Udemy / edX, ChatGPT / AI tools, Notion / Anki / Obsidian",5,,,,,,,,
2545,132137538b93be89ed6c9815b322a7a0f58530b8c229d1809265140f5cb8c398,2026-02-26 10:22:53,Week 3,5,0 – 2 hours,1,1,Never,ChatGPT,1 – 3,2,NaN,1,1,False,,Much worse,YouTube,2026-01-13 19:44:22,Tamil Nadu,Deemed University,B.Tech,3rd Year,7.0 – 8.0,2 – 4 hours,"YouTube, ChatGPT / AI tools",2,,,,,,,,
2546,cf47f395a464caa7ab1da1745c2d650002296d75e8eac41561b430a83f4382f8,2026-02-26 10:23:52,Week 3,6,0 – 2 hours,1,1,Never,Google Gemini,0,1,NaN,1,1,False,,Much worse,YouTube,2026-01-31 18:49:58,Tamil Nadu,Central University,B.Sc,3rd Year,7.0 – 8.0,2 – 4 hours,"YouTube, NPTEL / SWAYAM, Coursera / Udemy / edX, ChatGPT / AI tools, Notion / Anki / Obsidian",5,,,,,,,,
2547,1dd2975d45d1e27948cae456e3827e3b50778c013fecee985fb0422f4a492ba2,2026-02-26 10:25:56,Week 3,2,0 – 2 hours,1,1,Never,ChatGPT,1 – 3,1,NaN,1,1,False,,Slightly worse,YouTube,2026-02-19 13:17:59,Andhra Pradesh,State University,B.Tech,2nd Year,7.0 – 8.0,6+ hours,"YouTube, NPTEL / SWAYAM, Coursera / Udemy / edX, ChatGPT / AI tools, Notion / Anki / Obsidian, College LMS, WhatsApp / Telegram, Physical notes",8,,,,,,,,
2548,219d4ac6903fffab5ab1d64d6ed0b331adcc691f0e116fb7f62cefba91f7b0ec,2026-02-26 10:27:04,Week 3,4,0 – 2 hours,1,1,Never,"Claude, GitHub Copilot",1 – 3,1,NaN,1,1,False,,Much worse,YouTube,2025-12-26 18:34:24,Andhra Pradesh,Private University,B.Tech,3rd Year,9.0+,0 – 2 hours,ChatGPT / AI tools,1,,,,,,,,
2549,8ded4921661c4a18e633a572258dbd0f9a2c004f4aa3e9e2057a670d47566de6,2026-02-26 10:28:22,Week 3,4,0 – 2 hours,1,1,Never,ChatGPT,0,1,NaN,1,1,False,,Much worse,YouTube,2026-02-03 11:19:03,Kerala,Private University,B.Sc,3rd Year,Prefer not to say,2 – 4 hours,"NPTEL / SWAYAM, WhatsApp / Telegram, Physical notes",3,,,,,,,,
2550,384ceb85e96e6aa2ecda396e81a782b00f64a547b8639cec5570f556cec3c71d,2026-02-26 10:29:45,Week 3,6,0 – 2 hours,1,1,Never,Claude,1 – 3,1,NaN,2,1,False,,Much worse,YouTube,2026-02-23 10:05:39,Kerala,Private University,B.Com,2nd Year,8.0 – 9.0,4 – 6 hours,"NPTEL / SWAYAM, Coursera / Udemy / edX, College LMS, Physical notes",4,,,,,,,,
2551,3d83828233d057f5e1e37a4c9e784850077d6638768e69b0f6b5d4e5e2dfc994,2026-02-26 10:30:56,Week 3,10,0 – 2 hours,1,1,Never,NaN,0,1,NaN,1,1,False,,Much worse,NaN,2026-01-12 21:41:37,Tamil Nadu,Private University,B.Tech,3rd Year,8.0 – 9.0,0 – 2 hours,"YouTube, ChatGPT / AI tools",2,,,,,,,,
2552,266344e1c50b449d6d5dbec5b4b1af3236f13cc0b97871acccf3da3697283f82,2026-02-26 10:32:20,Week 3,8,0 – 2 hours,1,1,Never,Google Gemini,1 – 3,1,NaN,1,1,False,,Much worse,YouTube,2026-01-16 12:24:26,Tamil Nadu,Private University,B.Tech,3rd Year,9.0+,2 – 4 hours,"YouTube, ChatGPT / AI tools, Notion / Anki / Obsidian, WhatsApp / Telegram",4,,,,,,,,
2553,ef4aca4b5a9ddc8cfe1cda04eef5cb540a47e603dac29e3f59b7bdd1a387191d,2026-02-26 10:33:22,Week 3,9,0 – 2 hours,1,1,Never,ChatGPT,0,1,NaN,1,1,False,,Much worse,YouTube,2026-02-02 12:52:17,Maharashtra,Private University,B.Tech,Others,6.0 – 7.0,2 – 4 hours,"YouTube, ChatGPT / AI tools",2,,,,,,,,
2554,9c37b8db9c39e670e8422cf5afe252221762450c6f3d1f72c8ef3cdfe0a584e6,2026-02-26 10:35:00,Week 3,10,0 – 2 hours,1,1,Never,ChatGPT,0,1,NaN,1,1,False,,Much worse,YouTube,2026-02-23 10:10:44,Tamil Nadu,State University,B.Sc,2nd Year,7.0 – 8.0,2 – 4 hours,"YouTube, NPTEL / SWAYAM, Coursera / Udemy / edX, ChatGPT / AI tools, College LMS",5,,,,,,,,
2555,1dd2975d45d1e27948cae456e3827e3b50778c013fecee985fb0422f4a492ba2,2026-02-26 10:36:24,Week 3,3,0 – 2 hours,1,1,Never,Google Gemini,1 – 3,1,NaN,1,1,False,,Much worse,YouTube,2026-02-19 13:17:59,Andhra Pradesh,State University,B.Tech,2nd Year,7.0 – 8.0,6+ hours,"YouTube, NPTEL / SWAYAM, Coursera / Udemy / edX, ChatGPT / AI tools, Notion / Anki / Obsidian, College LMS, WhatsApp / Telegram, Physical notes",8,,,,,,,,
2556,9f7b57d47f3cd447af0a85a35c1ce5b1287d471159595088cd7493a849b93059,2026-02-26 10:37:39,Week 3,20,2 – 4 hours,2,2,Rarely,Google Gemini,1 – 3,2,NaN,2,2,False,,Much worse,NaN,2026-02-02 12:38:26,Punjab,Central University,B.Tech,1st Year,6.0 – 7.0,4 – 6 hours,"YouTube, NPTEL / SWAYAM, Coursera / Udemy / edX, ChatGPT / AI tools, College LMS, WhatsApp / Telegram",6,,,,,,,,
2557,9c37b8db9c39e670e8422cf5afe252221762450c6f3d1f72c8ef3cdfe0a584e6,2026-02-26 10:39:41,Week 3,22,4 – 6 hours,1,2,Rarely,ChatGPT,1 – 3,2,NaN,2,1,False,,Much worse,YouTube,2026-02-23 10:10:44,Tamil Nadu,State University,B.Sc,2nd Year,7.0 – 8.0,2 – 4 hours,"YouTube, NPTEL / SWAYAM, Coursera / Udemy / edX, ChatGPT / AI tools, College LMS",5,,,,,,,,
2558,384ceb85e96e6aa2ecda396e81a782b00f64a547b8639cec5570f556cec3c71d,2026-02-26 10:41:38,Week 3,15,2 – 4 hours,2,3,Rarely,ChatGPT,3 – 6,3,NaN,2,3,False,80.0,Slightly worse,"College LMS, WhatsApp / Telegram (for study purposes)",2026-02-23 10:05:39,Kerala,Private University,B.Com,2nd Year,8.0 – 9.0,4 – 6 hours,"NPTEL / SWAYAM, Coursera / Udemy / edX, College LMS, Physical notes",4,,,,,,,,
2559,781a9f368166d71405348c3b65fa0645e7cab12d017be1e369eb8d7a5cd5fb1d,2026-02-26 10:43:58,Week 3,30,4 – 6 hours,1,2,Rarely,Microsoft Copilot,0,1,NaN,2,1,False,,Slightly worse,YouTube,2026-02-02 12:40:04,Maharashtra,IIT / NIT,B.Com,4th Year,7.0 – 8.0,2 – 4 hours,"YouTube, NPTEL / SWAYAM, Coursera / Udemy / edX, ChatGPT / AI tools, Notion / Anki / Obsidian, College LMS, WhatsApp / Telegram, Physical notes",8,,,,,,,,
2560,ef4aca4b5a9ddc8cfe1cda04eef5cb540a47e603dac29e3f59b7bdd1a387191d,2026-02-26 10:45:14,Week 3,10,2 – 4 hours,2,2,Never,Google Gemini,1 – 3,2,Poor internet,2,2,False,,Slightly worse,YouTube,2026-02-02 12:52:17,Maharashtra,Private University,B.Tech,Others,6.0 – 7.0,2 – 4 hours,"YouTube, ChatGPT / AI tools",2,,,,,,,,
2561,caf626adf6b1139006e560ca8cc80b33ca449dfd93d89557b2b5dca8a09ea07f,2026-02-26 10:47:11,Week 3,10,2 – 4 hours,1,2,Never,ChatGPT,1 – 3,2,Poor internet,1,1,False,,Slightly worse,YouTube,2026-02-23 10:06:05,Karnataka,Private University,BA,3rd Year,7.0 – 8.0,2 – 4 hours,"YouTube, NPTEL / SWAYAM, Coursera / Udemy / edX, ChatGPT / AI tools, Notion / Anki / Obsidian, WhatsApp / Telegram",6,,,,,,,,
2562,b7c45e43b3e4defcfa15c66053995acfb95306f516892ea504b4a561e64a85b9,2026-02-26 10:47:57,Week 3,10,2 – 4 hours,2,1,Never,Google Gemini,0,1,Mobile-only access,2,1,False,,Slightly worse,YouTube,2026-01-31 18:40:13,Tamil Nadu,IIT / NIT,B.Sc,2nd Year,6.0 – 7.0,0 – 2 hours,"YouTube, NPTEL / SWAYAM, ChatGPT / AI tools",3,,,,,,,,
2563,49c29b44c0f2dba949371e3de5aaea4ace47ef333c771bda5ab86551a01e7a7d,2026-02-26 10:48:51,Week 3,39,4 – 6 hours,2,2,Sometimes,Google Gemini,6 – 10,3,Health / stress issues,2,2,False,,Slightly worse,YouTube,2026-02-02 12:49:39,Uttar Pradesh,Central University,B.Tech,Others,8.0 – 9.0,2 – 4 hours,"YouTube, ChatGPT / AI tools",2,,,,,,,,
2564,32b68dc8923730efba7e69129bcc4d5555495cc9359174e99e3d50570ce6de44,2026-02-26 10:50:06,Week 3,10,0 – 2 hours,2,1,Rarely,ChatGPT,1 – 3,1,No quiet study space,2,2,False,,Much worse,YouTube,2026-01-31 14:55:58,Kerala,State University,B.Sc,1st Year,7.0 – 8.0,0 – 2 hours,"YouTube, ChatGPT / AI tools, College LMS, WhatsApp / Telegram",4,,,,,,,,
2565,e8386eec4c2f671d625ec0a877e0c9af57a196443df6751cfd908bc4bb188c51,2026-02-26 10:51:30,Week 3,20,4 – 6 hours,2,2,Rarely,Google Gemini,1 – 3,2,Mobile-only access,2,2,False,,Slightly worse,YouTube,2026-01-31 18:42:45,Kerala,State University,B.Com,2nd Year,Prefer not to say,2 – 4 hours,"YouTube, NPTEL / SWAYAM, Coursera / Udemy / edX, Notion / Anki / Obsidian, Physical notes",5,,,,,,,,
2566,2b17d11e7d9c1af7a7fed72e60e90a5ee797f0b6e0cc8645592f6fdc2ad13cd2,2026-02-26 10:52:28,Week 3,30,4 – 6 hours,1,2,Rarely,"ChatGPT, Google Gemini, Microsoft Copilot, Claude",6 – 10,2,NaN,3,3,False,,Slightly worse,"YouTube, College LMS",2026-01-31 18:51:00,Tamil Nadu,State University,B.Tech,1st Year,6.0 – 7.0,2 – 4 hours,"YouTube, Coursera / Udemy / edX, ChatGPT / AI tools, Notion / Anki / Obsidian, WhatsApp / Telegram",5,,,,,,,,
2567,f8041b50a2c1379ae1a539104ac8cfff2e7475d9225620826e59c80d286afe76,2026-02-26 10:53:22,Week 3,20,2 – 4 hours,2,3,Rarely,"ChatGPT, Google Gemini",1 – 3,3,NaN,2,2,False,,Slightly worse,YouTube,2026-01-31 18:25:54,Andhra Pradesh,Private University,B.Sc,3rd Year,7.0 – 8.0,0 – 2 hours,"YouTube, NPTEL / SWAYAM, Notion / Anki / Obsidian, College LMS, WhatsApp / Telegram",5,,,,,,,,
2568,781a9f368166d71405348c3b65fa0645e7cab12d017be1e369eb8d7a5cd5fb1d,2026-02-26 10:54:35,Week 3,20,2 – 4 hours,1,1,Never,ChatGPT,1 – 3,2,NaN,2,2,False,,Much worse,YouTube,2026-02-02 12:40:04,Maharashtra,IIT / NIT,B.Com,4th Year,7.0 – 8.0,2 – 4 hours,"YouTube, NPTEL / SWAYAM, Coursera / Udemy / edX, ChatGPT / AI tools, Notion / Anki / Obsidian, College LMS, WhatsApp / Telegram, Physical notes",8,,,,,,,,
2569,48cdb835c278ac6b10eed195f85632896d3be15d20d75197a0b916b2395939a6,2026-02-26 10:56:13,Week 3,10,0 – 2 hours,1,1,Never,NaN,0,1,NaN,1,1,False,,Much worse,NaN,2026-01-27 00:18:46,Telangana,IIT / NIT,B.Sc,3rd Year,7.0 – 8.0,0 – 2 hours,"YouTube, NPTEL / SWAYAM, ChatGPT / AI tools, WhatsApp / Telegram, Physical notes only",5,,,,,,,,
2570,ad04e596e1af01ab238040c91de85cefe7f49fb2aabec57135e928a5ee02305e,2026-02-26 10:56:57,Week 3,8,2 – 4 hours,1,1,Never,ChatGPT,1 – 3,2,Poor internet,2,2,False,,Much worse,NPTEL / SWAYAM,2026-02-02 13:10:08,Karnataka,IIT / NIT,BBA,Others,7.0 – 8.0,2 – 4 hours,"YouTube, NPTEL / SWAYAM",2,,,,,,,,
2571,f8041b50a2c1379ae1a539104ac8cfff2e7475d9225620826e59c80d286afe76,2026-02-26 10:57:55,Week 3,19,2 – 4 hours,2,2,Rarely,Google Gemini,0,1,Mobile-only access,2,1,False,,Slightly worse,YouTube,2026-01-31 18:25:54,Andhra Pradesh,Private University,B.Sc,3rd Year,7.0 – 8.0,0 – 2 hours,"YouTube, NPTEL / SWAYAM, Notion / Anki / Obsidian, College LMS, WhatsApp / Telegram",5,,,,,,,,
2572,5e849a6892d6df48c1362529cab706d619efa96a172b3f715bc1f5ccd5ca61ec,2026-02-26 10:58:59,Week 3,10,2 – 4 hours,1,2,Rarely,Google Gemini,3 – 6,1,Poor internet,1,2,False,,Much worse,YouTube,2026-02-02 13:01:28,Uttar Pradesh,IIT / NIT,BA,Others,8.0 – 9.0,2 – 4 hours,"YouTube, ChatGPT / AI tools",2,,,,,,,,
2573,f90ab6deefe14d178606a393182b36cdc645169d692772666b9c29214c2a4e40,2026-02-26 10:59:46,Week 3,20,2 – 4 hours,3,2,Rarely,Google Gemini,0,2,Poor internet,1,2,False,,Much worse,YouTube,2026-02-05 21:56:57,Telangana,Private University,B.Tech,3rd Year,7.0 – 8.0,0 – 2 hours,"ChatGPT / AI tools, WhatsApp / Telegram",2,,,,,,,,
2574,8ded4921661c4a18e633a572258dbd0f9a2c004f4aa3e9e2057a670d47566de6,2026-02-26 11:01:22,Week 3,10,0 – 2 hours,2,1,Rarely,ChatGPT,1 – 3,3,NaN,2,2,False,,Slightly worse,YouTube,2026-02-03 11:19:03,Kerala,Private University,B.Sc,3rd Year,Prefer not to say,2 – 4 hours,"NPTEL / SWAYAM, WhatsApp / Telegram, Physical notes",3,,,,,,,,
2575,63c23cf4b390284f3ce1175699f5efa501022ba212fe21be99dc9e2d21deebbf,2026-02-26 11:02:50,Week 3,6,0 – 2 hours,1,1,Never,ChatGPT,1 – 3,1,Poor internet,2,1,False,,Much worse,YouTube,2026-02-02 12:38:59,Rajasthan,State University,B.Sc,2nd Year,7.0 – 8.0,4 – 6 hours,"Coursera / Udemy / edX, ChatGPT / AI tools, Notion / Anki / Obsidian, College LMS, Physical notes",5,,,,,,,,
2576,97b26b3698560201c1218be1d50871d93f4ae1f4a79deeb268b0ba686e43fdeb,2026-02-26 11:03:53,Week 3,10,2 – 4 hours,1,1,Never,ChatGPT,1 – 3,2,NaN,1,2,False,,Much worse,YouTube,2025-12-26 07:18:01,Tamil Nadu,Deemed University,B.Tech,3rd Year,8.0 – 9.0,0 – 2 hours,"ChatGPT / AI tools, College LMS, WhatsApp / Telegram",3,,,,,,,,
2577,266344e1c50b449d6d5dbec5b4b1af3236f13cc0b97871acccf3da3697283f82,2026-02-26 11:05:33,Week 3,10,0 – 2 hours,1,1,Rarely,ChatGPT,1 – 3,1,NaN,2,1,False,,Much worse,YouTube,2026-01-16 12:24:26,Tamil Nadu,Private University,B.Tech,3rd Year,9.0+,2 – 4 hours,"YouTube, ChatGPT / AI tools, Notion / Anki / Obsidian, WhatsApp / Telegram",4,,,,,,,,
2578,32b68dc8923730efba7e69129bcc4d5555495cc9359174e99e3d50570ce6de44,2026-02-26 11:06:33,Week 3,10,2 – 4 hours,2,1,Rarely,Microsoft Copilot,1 – 3,2,Poor internet,2,2,False,,Much worse,YouTube,2026-01-31 14:55:58,Kerala,State University,B.Sc,1st Year,7.0 – 8.0,0 – 2 hours,"YouTube, ChatGPT / AI tools, College LMS, WhatsApp / Telegram",4,,,,,,,,
2579,b7c45e43b3e4defcfa15c66053995acfb95306f516892ea504b4a561e64a85b9,2026-02-26 11:07:47,Week 4,30,2 – 4 hours,2,3,Sometimes,"ChatGPT, Google Gemini, Microsoft Copilot",3 – 6,3,No quiet study space,3,2,False,,Slightly worse,"YouTube, College LMS",2026-01-31 18:40:13,Tamil Nadu,IIT / NIT,B.Sc,2nd Year,6.0 – 7.0,0 – 2 hours,"YouTube, NPTEL / SWAYAM, ChatGPT / AI tools",3,,,,,,,,
2580,7b5c4bd7d59556f437489bc9729a8c19655b90085e45e8dff621cf66913fc521,2026-02-26 11:08:33,Week 4,35,2 – 4 hours,3,3,Sometimes,"ChatGPT, Google Gemini, Microsoft Copilot, Claude",3 – 6,3,NaN,3,2,False,,Slightly better,"YouTube, Physical Notes",2026-02-23 10:13:22,Kerala,State University,B.Tech,3rd Year,Prefer not to say,2 – 4 hours,"YouTube, NPTEL / SWAYAM, Coursera / Udemy / edX, ChatGPT / AI tools, Notion / Anki / Obsidian, College LMS, WhatsApp / Telegram, Physical notes",8,,,,,,,,
2581,f72f420debc36def28125c58c71822ce49043914a9406e73923965f87c8cb669,2026-02-26 11:09:51,Week 4,43,4 – 6 hours,3,3,Sometimes,"ChatGPT, Google Gemini, Microsoft Copilot",3 – 6,2,NaN,3,2,False,,Slightly better,"YouTube, WhatsApp / Telegram (for study purposes)",2026-01-12 23:37:58,Karnataka,Private University,BA,3rd Year,8.0 – 9.0,0 – 2 hours,"YouTube, ChatGPT / AI tools, WhatsApp / Telegram, Physical notes only",4,,,,,,,,
2582,1ad669ada84e5263e09135c0723aae8e30fcb58819e440892efde165dd587a5e,2026-02-26 11:10:57,Week 4,40,4 – 6 hours,3,3,Sometimes,"ChatGPT, Google Gemini, Microsoft Copilot, Claude",6 – 10,3,NaN,2,3,False,,Slightly better,"YouTube, WhatsApp / Telegram (for study purposes), Physical Notes",2026-02-03 11:18:21,Karnataka,State University,BBA,3rd Year,7.0 – 8.0,2 – 4 hours,"YouTube, Coursera / Udemy / edX",2,,,,,,,,
2583,48cdb835c278ac6b10eed195f85632896d3be15d20d75197a0b916b2395939a6,2026-02-26 11:12:09,Week 4,30,4 – 6 hours,3,2,Often,"ChatGPT, Google Gemini, Microsoft Copilot, Claude, Perplexity AI",3 – 6,3,NaN,3,2,False,,Slightly better,"YouTube, College LMS",2026-01-27 00:18:46,Telangana,IIT / NIT,B.Sc,3rd Year,7.0 – 8.0,0 – 2 hours,"YouTube, NPTEL / SWAYAM, ChatGPT / AI tools, WhatsApp / Telegram, Physical notes only",5,,,,,,,,
2584,27d91473394ea1f8f97a8f1740492902f4ab1abbfe0b003e4536904eaba6dca0,2026-02-26 11:13:04,Week 4,45,4 – 6 hours,3,3,Sometimes,"ChatGPT, Google Gemini, Microsoft Copilot",3 – 6,3,NaN,2,3,False,,Slightly better,"YouTube, WhatsApp / Telegram (for study purposes)",2026-01-31 18:43:28,Tamil Nadu,IIT / NIT,B.Tech,3rd Year,7.0 – 8.0,2 – 4 hours,"YouTube, NPTEL / SWAYAM, Coursera / Udemy / edX, ChatGPT / AI tools, Notion / Anki / Obsidian, College LMS, WhatsApp / Telegram, Physical notes",8,,,,,,,,
2585,1ad669ada84e5263e09135c0723aae8e30fcb58819e440892efde165dd587a5e,2026-02-26 11:13:57,Week 4,40,4 – 6 hours,4,3,Sometimes,"ChatGPT, Google Gemini, Microsoft Copilot",3 – 6,2,NaN,4,3,False,,Slightly better,YouTube,2026-02-03 11:18:21,Karnataka,State University,BBA,3rd Year,7.0 – 8.0,2 – 4 hours,"YouTube, Coursera / Udemy / edX",2,,,,,,,,
2586,1ad669ada84e5263e09135c0723aae8e30fcb58819e440892efde165dd587a5e,2026-02-26 11:14:45,Week 4,30,4 – 6 hours,2,4,Sometimes,"ChatGPT, Google Gemini, Microsoft Copilot",3 – 6,3,NaN,3,2,False,,Slightly better,"YouTube, Physical Notes",2026-02-03 11:18:21,Karnataka,State University,BBA,3rd Year,7.0 – 8.0,2 – 4 hours,"YouTube, Coursera / Udemy / edX",2,,,,,,,,
2587,e14fc3506630213cf4dbb3dddf035e19aad46cfaf81f1761b7791f1f48a64d67,2026-02-26 11:16:21,Week 4,20,2 – 4 hours,3,4,Sometimes,"ChatGPT, Google Gemini, Microsoft Copilot",3 – 6,3,NaN,2,3,False,,Slightly better,"YouTube, WhatsApp / Telegram (for study purposes)",2026-02-02 12:45:31,Madhya Pradesh,Central University,B.Tech,3rd Year,8.0 – 9.0,2 – 4 hours,"ChatGPT / AI tools, WhatsApp / Telegram",2,,,,,,,,
2588,48cdb835c278ac6b10eed195f85632896d3be15d20d75197a0b916b2395939a6,2026-02-26 11:17:11,Week 4,43,4 – 6 hours,3,3,Rarely,"ChatGPT, Google Gemini, Microsoft Copilot, Claude",3 – 6,2,NaN,3,3,False,,Slightly better,"NPTEL / SWAYAM, Physical Notes",2026-01-27 00:18:46,Telangana,IIT / NIT,B.Sc,3rd Year,7.0 – 8.0,0 – 2 hours,"YouTube, NPTEL / SWAYAM, ChatGPT / AI tools, WhatsApp / Telegram, Physical notes only",5,,,,,,,,
2589,a091d9857e1b26dac9ad43d43de3cfab7f19df9cadb73e095b0b4a74a5e9bc3d,2026-02-26 11:18:19,Week 4,45,4 – 6 hours,4,3,Rarely,"ChatGPT, Google Gemini, Microsoft Copilot",3 – 6,3,NaN,2,3,False,,Slightly better,YouTube,2026-01-27 19:47:23,Tamil Nadu,Deemed University,B.Tech,4th Year,9.0+,0 – 2 hours,"YouTube, ChatGPT / AI tools, WhatsApp / Telegram",3,,,,,,,,
2590,522e39ae01bce33e97b085b9517a3680984adf0d38e718487e3314eb74127ab2,2026-02-26 11:19:46,Week 4,42,4 – 6 hours,3,3,Sometimes,"ChatGPT, Google Gemini, Microsoft Copilot",6 – 10,2,NaN,3,3,False,,Slightly better,"YouTube, Physical Notes",2026-01-31 18:48:52,Tamil Nadu,State University,B.Tech,2nd Year,Below 6.0,0 – 2 hours,"YouTube, ChatGPT / AI tools, WhatsApp / Telegram",3,,,,,,,,
2591,16a56bf3b362259b32e3bc7d18a95d94213241560809ad3c4d5ddba644365acb,2026-02-26 11:20:45,Week 4,41,4 – 6 hours,3,2,Sometimes,"ChatGPT, Google Gemini, Microsoft Copilot, Claude",3 – 6,3,NaN,4,3,False,,Slightly better,"YouTube, Physical Notes",2026-02-19 13:19:58,Tamil Nadu,State University,B.Sc,2nd Year,8.0 – 9.0,2 – 4 hours,"YouTube, NPTEL / SWAYAM, Coursera / Udemy / edX, ChatGPT / AI tools, Notion / Anki / Obsidian",5,,,,,,,,
2592,b9c03c59028b4485073ac377b7c14dfe728898b0dccd931ebc2eea5d5b1d746a,2026-02-26 11:21:36,Week 4,46,4 – 6 hours,3,3,Sometimes,"ChatGPT, Google Gemini, Microsoft Copilot",6 – 10,3,NaN,3,3,False,,Slightly better,"YouTube, Physical Notes",2025-12-27 14:52:29,Tamil Nadu,Central University,B.Tech,3rd Year,8.0 – 9.0,2 – 4 hours,"ChatGPT / AI tools, College LMS, WhatsApp / Telegram",3,,,,,,,,
2593,794e3ecad2e18d7bce8d1013a9e08fe529cc63443905f9864cedec22f7a9459b,2026-02-26 11:22:26,Week 4,35,4 – 6 hours,3,3,Rarely,"ChatGPT, Google Gemini, Microsoft Copilot, Claude",3 – 6,3,NaN,2,3,False,,Slightly better,College LMS,2025-12-27 12:35:23,Tamil Nadu,Deemed University,B.Tech,3rd Year,6.0 – 7.0,0 – 2 hours,"YouTube, ChatGPT / AI tools",2,,,,,,,,
2804,26234105c87439e0dc4fb999632d3a5406775cc0728c26840e4a6b26d071341b,2026-02-26 10:48:51,Week 3,39,4 – 6 hours,2,2,Sometimes,Google Gemini,6 – 10,3,Health / stress issues,2,2,False,,Slightly worse,YouTube,2026-01-12 20:18:58,Tamil Nadu,Private University,B.Tech,2nd Year,6.0 – 7.0,0 – 2 hours,"YouTube, ChatGPT / AI tools, College LMS",3,,,,,,,,
2594,219d4ac6903fffab5ab1d64d6ed0b331adcc691f0e116fb7f62cefba91f7b0ec,2026-02-26 11:23:50,Week 4,43,4 – 6 hours,3,2,Sometimes,"ChatGPT, Google Gemini, Microsoft Copilot, Claude",3 – 6,2,NaN,4,4,False,,Slightly better,"YouTube, Physical Notes",2025-12-26 18:34:24,Andhra Pradesh,Private University,B.Tech,3rd Year,9.0+,0 – 2 hours,ChatGPT / AI tools,1,,,,,,,,
2595,384ceb85e96e6aa2ecda396e81a782b00f64a547b8639cec5570f556cec3c71d,2026-02-26 11:24:37,Week 4,35,4 – 6 hours,2,3,Rarely,"ChatGPT, Google Gemini, Microsoft Copilot",1 – 3,2,NaN,3,4,False,,Slightly worse,"YouTube, Physical Notes",2026-02-23 10:05:39,Kerala,Private University,B.Com,2nd Year,8.0 – 9.0,4 – 6 hours,"NPTEL / SWAYAM, Coursera / Udemy / edX, College LMS, Physical notes",4,,,,,,,,
2596,74d72de1f5b196019d5bbe209db2b90401f5ea949cebbdda60ac6b0f71acb482,2026-02-26 11:26:41,Week 4,34,2 – 4 hours,2,3,Sometimes,"ChatGPT, Google Gemini, Microsoft Copilot, Claude, Perplexity AI",3 – 6,3,NaN,3,3,False,,Slightly better,"YouTube, Physical Notes",2026-02-02 12:43:28,Madhya Pradesh,Central University,B.Tech,2nd Year,6.0 – 7.0,2 – 4 hours,"YouTube, ChatGPT / AI tools",2,,,,,,,,
2597,b9c03c59028b4485073ac377b7c14dfe728898b0dccd931ebc2eea5d5b1d746a,2026-02-26 11:27:38,Week 4,35,4 – 6 hours,3,3,Sometimes,"ChatGPT, Google Gemini, Microsoft Copilot",3 – 6,3,NaN,2,2,False,,Slightly better,"YouTube, Physical Notes",2025-12-27 14:52:29,Tamil Nadu,Central University,B.Tech,3rd Year,8.0 – 9.0,2 – 4 hours,"ChatGPT / AI tools, College LMS, WhatsApp / Telegram",3,,,,,,,,
2598,f72f420debc36def28125c58c71822ce49043914a9406e73923965f87c8cb669,2026-02-26 11:28:27,Week 4,34,2 – 4 hours,2,2,Sometimes,"ChatGPT, Google Gemini, Microsoft Copilot",6 – 10,3,NaN,3,3,False,,Slightly worse,"YouTube, WhatsApp / Telegram (for study purposes)",2026-01-12 23:37:58,Karnataka,Private University,BA,3rd Year,8.0 – 9.0,0 – 2 hours,"YouTube, ChatGPT / AI tools, WhatsApp / Telegram, Physical notes only",4,,,,,,,,
2599,3a16c6fa9dbc26f91e12cdd112bec4f2953a34f47097d3424e3f551bb022a684,2026-02-26 11:29:18,Week 4,35,4 – 6 hours,3,3,Rarely,"ChatGPT, Google Gemini, Microsoft Copilot, Claude",3 – 6,2,NaN,2,3,False,,Slightly better,"YouTube, Physical Notes",2026-01-31 18:44:48,Tamil Nadu,Private University,BBA,1st Year,6.0 – 7.0,0 – 2 hours,"YouTube, Coursera / Udemy / edX, ChatGPT / AI tools, College LMS, WhatsApp / Telegram, Physical notes",6,,,,,,,,
2600,27d91473394ea1f8f97a8f1740492902f4ab1abbfe0b003e4536904eaba6dca0,2026-02-26 11:30:03,Week 4,45,4 – 6 hours,3,2,Sometimes,"ChatGPT, Google Gemini, Microsoft Copilot",3 – 6,3,NaN,2,3,False,,Slightly worse,"YouTube, WhatsApp / Telegram (for study purposes)",2026-01-31 18:43:28,Tamil Nadu,IIT / NIT,B.Tech,3rd Year,7.0 – 8.0,2 – 4 hours,"YouTube, NPTEL / SWAYAM, Coursera / Udemy / edX, ChatGPT / AI tools, Notion / Anki / Obsidian, College LMS, WhatsApp / Telegram, Physical notes",8,,,,,,,,
2601,16a56bf3b362259b32e3bc7d18a95d94213241560809ad3c4d5ddba644365acb,2026-02-26 11:30:50,Week 4,45,4 – 6 hours,3,2,Sometimes,"ChatGPT, Google Gemini, Microsoft Copilot",6 – 10,2,NaN,2,3,False,,Slightly better,"YouTube, Physical Notes",2026-02-19 13:19:58,Tamil Nadu,State University,B.Sc,2nd Year,8.0 – 9.0,2 – 4 hours,"YouTube, NPTEL / SWAYAM, Coursera / Udemy / edX, ChatGPT / AI tools, Notion / Anki / Obsidian",5,,,,,,,,
2602,26234105c87439e0dc4fb999632d3a5406775cc0728c26840e4a6b26d071341b,2026-02-26 11:31:43,Week 4,34,4 – 6 hours,3,3,Sometimes,"ChatGPT, Google Gemini, Microsoft Copilot, Claude, Perplexity AI",3 – 6,4,NaN,3,2,False,,Slightly better,"YouTube, Physical Notes",2026-01-12 20:18:58,Tamil Nadu,Private University,B.Tech,2nd Year,6.0 – 7.0,0 – 2 hours,"YouTube, ChatGPT / AI tools, College LMS",3,,,,,,,,
2603,ace8e293cc91c35e822f9101bc4e97d2ad904d1e130b4402fd6a6642f245665e,2026-02-26 11:32:30,Week 4,45,4 – 6 hours,4,2,Sometimes,"ChatGPT, Google Gemini, Microsoft Copilot",3 – 6,3,NaN,2,3,False,,Slightly better,"YouTube, Physical Notes",2026-02-23 10:12:43,Kerala,State University,B.Tech,2nd Year,6.0 – 7.0,0 – 2 hours,"NPTEL / SWAYAM, Notion / Anki / Obsidian",2,,,,,,,,
2604,e8386eec4c2f671d625ec0a877e0c9af57a196443df6751cfd908bc4bb188c51,2026-02-26 11:33:22,Week 4,46,4 – 6 hours,3,2,Sometimes,"ChatGPT, Google Gemini, Microsoft Copilot, QuillBot",3 – 6,3,NaN,2,2,False,,Slightly better,"YouTube, College LMS",2026-01-31 18:42:45,Kerala,State University,B.Com,2nd Year,Prefer not to say,2 – 4 hours,"YouTube, NPTEL / SWAYAM, Coursera / Udemy / edX, Notion / Anki / Obsidian, Physical notes",5,,,,,,,,
2605,3d83828233d057f5e1e37a4c9e784850077d6638768e69b0f6b5d4e5e2dfc994,2026-02-26 11:34:07,Week 4,33,2 – 4 hours,3,2,Sometimes,"ChatGPT, Google Gemini, Microsoft Copilot, Grammarly, QuillBot",3 – 6,3,NaN,3,3,False,,Slightly better,"YouTube, College LMS",2026-01-12 21:41:37,Tamil Nadu,Private University,B.Tech,3rd Year,8.0 – 9.0,0 – 2 hours,"YouTube, ChatGPT / AI tools",2,,,,,,,,
2606,6cdee50dedfbbd1a46317cf81321165ab42071b577d2f1514daac32cb4160095,2026-02-26 11:34:51,Week 4,43,4 – 6 hours,3,2,Sometimes,"ChatGPT, Google Gemini, Grammarly, QuillBot",3 – 6,2,NaN,3,3,False,,Slightly better,"YouTube, WhatsApp / Telegram (for study purposes)",2026-02-02 12:39:28,Gujarat,Private University,B.Tech,3rd Year,8.0 – 9.0,6+ hours,NaN,1,,,,,,,,
2607,794e3ecad2e18d7bce8d1013a9e08fe529cc63443905f9864cedec22f7a9459b,2026-02-26 11:35:36,Week 4,42,4 – 6 hours,3,3,Often,"ChatGPT, Google Gemini, GitHub Copilot",6 – 10,3,NaN,2,3,False,,Slightly better,"YouTube, WhatsApp / Telegram (for study purposes)",2025-12-27 12:35:23,Tamil Nadu,Deemed University,B.Tech,3rd Year,6.0 – 7.0,0 – 2 hours,"YouTube, ChatGPT / AI tools",2,,,,,,,,
2608,a091d9857e1b26dac9ad43d43de3cfab7f19df9cadb73e095b0b4a74a5e9bc3d,2026-02-26 11:36:40,Week 4,46,4 – 6 hours,3,3,Rarely,"ChatGPT, Google Gemini, Microsoft Copilot, Claude, Perplexity AI, QuillBot, GitHub Copilot",3 – 6,3,NaN,3,3,False,,Slightly better,"YouTube, College LMS",2026-01-27 19:47:23,Tamil Nadu,Deemed University,B.Tech,4th Year,9.0+,0 – 2 hours,"YouTube, ChatGPT / AI tools, WhatsApp / Telegram",3,,,,,,,,
2609,16a56bf3b362259b32e3bc7d18a95d94213241560809ad3c4d5ddba644365acb,2026-02-26 11:37:27,Week 4,44,4 – 6 hours,3,3,Sometimes,"ChatGPT, Google Gemini, Microsoft Copilot",3 – 6,2,NaN,3,3,False,,Slightly better,"YouTube, WhatsApp / Telegram (for study purposes), Physical Notes",2026-02-19 13:19:58,Tamil Nadu,State University,B.Sc,2nd Year,8.0 – 9.0,2 – 4 hours,"YouTube, NPTEL / SWAYAM, Coursera / Udemy / edX, ChatGPT / AI tools, Notion / Anki / Obsidian",5,,,,,,,,
2610,f5df30de694992a770d857d674587e781574c81ffc40be127f93b6a3d3a95f48,2026-02-26 11:38:16,Week 4,32,4 – 6 hours,2,2,Sometimes,"ChatGPT, Google Gemini, Microsoft Copilot",3 – 6,3,NaN,3,1,False,,Slightly better,"YouTube, Physical Notes",2026-02-23 10:05:11,Andhra Pradesh,State University,B.Sc,3rd Year,Prefer not to say,2 – 4 hours,"YouTube, Coursera / Udemy / edX, Notion / Anki / Obsidian, WhatsApp / Telegram, Physical notes",5,,,,,,,,
2611,e8386eec4c2f671d625ec0a877e0c9af57a196443df6751cfd908bc4bb188c51,2026-02-26 11:39:09,Week 4,43,4 – 6 hours,3,2,Sometimes,"ChatGPT, Google Gemini, Microsoft Copilot",1 – 3,2,NaN,2,2,False,,Slightly better,"YouTube, WhatsApp / Telegram (for study purposes)",2026-01-31 18:42:45,Kerala,State University,B.Com,2nd Year,Prefer not to say,2 – 4 hours,"YouTube, NPTEL / SWAYAM, Coursera / Udemy / edX, Notion / Anki / Obsidian, Physical notes",5,,,,,,,,
2612,86b1b7c8fd97ac6aa33f3f67e3c3652ee35ae2226cc4798385726481eea05f57,2026-02-26 11:39:55,Week 4,44,4 – 6 hours,3,3,Rarely,"ChatGPT, Google Gemini, Microsoft Copilot",3 – 6,4,NaN,3,3,False,,Slightly better,"YouTube, WhatsApp / Telegram (for study purposes)",2026-01-31 18:50:27,Tamil Nadu,Central University,B.Tech,1st Year,7.0 – 8.0,0 – 2 hours,"YouTube, ChatGPT / AI tools, College LMS, WhatsApp / Telegram",4,,,,,,,,
2613,27d91473394ea1f8f97a8f1740492902f4ab1abbfe0b003e4536904eaba6dca0,2026-02-26 11:40:43,Week 4,44,4 – 6 hours,3,3,Sometimes,"ChatGPT, Google Gemini, Microsoft Copilot",3 – 6,3,NaN,3,2,False,,Slightly better,"YouTube, WhatsApp / Telegram (for study purposes)",2026-01-31 18:43:28,Tamil Nadu,IIT / NIT,B.Tech,3rd Year,7.0 – 8.0,2 – 4 hours,"YouTube, NPTEL / SWAYAM, Coursera / Udemy / edX, ChatGPT / AI tools, Notion / Anki / Obsidian, College LMS, WhatsApp / Telegram, Physical notes",8,,,,,,,,
2614,27d91473394ea1f8f97a8f1740492902f4ab1abbfe0b003e4536904eaba6dca0,2026-02-26 11:41:27,Week 4,33,2 – 4 hours,3,2,Sometimes,"ChatGPT, Google Gemini, Microsoft Copilot",3 – 6,2,NaN,4,1,False,,Slightly better,"YouTube, WhatsApp / Telegram (for study purposes)",2026-01-31 18:43:28,Tamil Nadu,IIT / NIT,B.Tech,3rd Year,7.0 – 8.0,2 – 4 hours,"YouTube, NPTEL / SWAYAM, Coursera / Udemy / edX, ChatGPT / AI tools, Notion / Anki / Obsidian, College LMS, WhatsApp / Telegram, Physical notes",8,,,,,,,,
2615,1ad669ada84e5263e09135c0723aae8e30fcb58819e440892efde165dd587a5e,2026-02-26 11:42:25,Week 4,47,4 – 6 hours,3,3,Rarely,"ChatGPT, Google Gemini, Microsoft Copilot",3 – 6,2,NaN,3,3,False,,Slightly better,"YouTube, WhatsApp / Telegram (for study purposes)",2026-02-03 11:18:21,Karnataka,State University,BBA,3rd Year,7.0 – 8.0,2 – 4 hours,"YouTube, Coursera / Udemy / edX",2,,,,,,,,
2616,bed0f2897fdcff9c379616ea83849b1ca59a967db6315c91cd8fcf4fcf4c7216,2026-02-26 11:43:07,Week 4,55,4 – 6 hours,3,4,Rarely,"ChatGPT, Google Gemini, Microsoft Copilot, Claude",6 – 10,3,NaN,3,3,False,,Slightly better,"YouTube, WhatsApp / Telegram (for study purposes)",2026-01-31 18:46:23,Andhra Pradesh,State University,B.Sc,2nd Year,7.0 – 8.0,2 – 4 hours,"YouTube, NPTEL / SWAYAM, WhatsApp / Telegram",3,,,,,,,,
2617,ea6dc2fae8a61411b9d6de51699ca6787330c0036ffedddf4a649648fefe8732,2026-02-26 11:44:03,Week 4,54,4 – 6 hours,3,3,Rarely,"ChatGPT, Google Gemini, Microsoft Copilot",1 – 3,4,NaN,3,3,False,,Slightly better,"YouTube, WhatsApp / Telegram (for study purposes)",2026-01-31 18:48:18,Andhra Pradesh,Private University,B.Tech,4th Year,7.0 – 8.0,2 – 4 hours,"YouTube, ChatGPT / AI tools, College LMS, WhatsApp / Telegram",4,,,,,,,,
2618,32b68dc8923730efba7e69129bcc4d5555495cc9359174e99e3d50570ce6de44,2026-02-26 11:45:19,Week 4,50,4 – 6 hours,3,3,Rarely,"ChatGPT, Google Gemini, Microsoft Copilot, Claude, Perplexity AI",1 – 3,2,NaN,3,4,False,,Slightly better,"YouTube, WhatsApp / Telegram (for study purposes), Physical Notes",2026-01-31 14:55:58,Kerala,State University,B.Sc,1st Year,7.0 – 8.0,0 – 2 hours,"YouTube, ChatGPT / AI tools, College LMS, WhatsApp / Telegram",4,,,,,,,,
2619,e8386eec4c2f671d625ec0a877e0c9af57a196443df6751cfd908bc4bb188c51,2026-02-26 11:46:12,Week 4,33,2 – 4 hours,2,3,Sometimes,"ChatGPT, Google Gemini, Microsoft Copilot",3 – 6,2,NaN,4,3,False,,Slightly better,"YouTube, WhatsApp / Telegram (for study purposes), Physical Notes",2026-01-31 18:42:45,Kerala,State University,B.Com,2nd Year,Prefer not to say,2 – 4 hours,"YouTube, NPTEL / SWAYAM, Coursera / Udemy / edX, Notion / Anki / Obsidian, Physical notes",5,,,,,,,,
2620,3a16c6fa9dbc26f91e12cdd112bec4f2953a34f47097d3424e3f551bb022a684,2026-02-26 11:47:09,Week 4,44,4 – 6 hours,2,3,Rarely,"ChatGPT, Google Gemini, Microsoft Copilot, Claude",3 – 6,3,NaN,3,2,False,,Slightly better,"YouTube, Physical Notes",2026-01-31 18:44:48,Tamil Nadu,Private University,BBA,1st Year,6.0 – 7.0,0 – 2 hours,"YouTube, Coursera / Udemy / edX, ChatGPT / AI tools, College LMS, WhatsApp / Telegram, Physical notes",6,,,,,,,,
2621,0e155a1241bd00b2d588262223a52e0f8a911a4000092f096e6968dccae9e61b,2026-02-26 11:47:59,Week 4,44,4 – 6 hours,3,3,Often,"ChatGPT, Google Gemini, Microsoft Copilot, Claude",3 – 6,3,NaN,3,3,False,,Slightly better,"YouTube, WhatsApp / Telegram (for study purposes)",2026-02-03 11:16:29,Tamil Nadu,IIT / NIT,B.Tech,4th Year,8.0 – 9.0,2 – 4 hours,"ChatGPT / AI tools, College LMS",2,,,,,,,,
2622,ef4aca4b5a9ddc8cfe1cda04eef5cb540a47e603dac29e3f59b7bdd1a387191d,2026-02-26 11:48:57,Week 4,41,4 – 6 hours,3,2,Sometimes,"ChatGPT, Google Gemini, Microsoft Copilot, Claude",3 – 6,3,NaN,4,3,False,,Slightly better,"YouTube, WhatsApp / Telegram (for study purposes)",2026-02-02 12:52:17,Maharashtra,Private University,B.Tech,Others,6.0 – 7.0,2 – 4 hours,"YouTube, ChatGPT / AI tools",2,,,,,,,,
2623,6cdee50dedfbbd1a46317cf81321165ab42071b577d2f1514daac32cb4160095,2026-02-26 11:50:14,Week 4,33,2 – 4 hours,2,3,Rarely,"ChatGPT, Google Gemini, Microsoft Copilot",3 – 6,1,NaN,2,2,False,,Slightly better,"YouTube, College LMS",2026-02-02 12:39:28,Gujarat,Private University,B.Tech,3rd Year,8.0 – 9.0,6+ hours,NaN,1,,,,,,,,
2624,e14fc3506630213cf4dbb3dddf035e19aad46cfaf81f1761b7791f1f48a64d67,2026-02-26 11:51:05,Week 4,44,4 – 6 hours,2,3,Sometimes,"ChatGPT, Google Gemini, Microsoft Copilot",3 – 6,3,NaN,2,2,False,,Slightly better,"YouTube, College LMS, WhatsApp / Telegram (for study purposes)",2026-02-02 12:45:31,Madhya Pradesh,Central University,B.Tech,3rd Year,8.0 – 9.0,2 – 4 hours,"ChatGPT / AI tools, WhatsApp / Telegram",2,,,,,,,,
2625,cf47f395a464caa7ab1da1745c2d650002296d75e8eac41561b430a83f4382f8,2026-02-26 11:51:53,Week 4,43,4 – 6 hours,3,2,Sometimes,"ChatGPT, Google Gemini, Microsoft Copilot",3 – 6,2,NaN,3,2,False,,Slightly better,"YouTube, WhatsApp / Telegram (for study purposes)",2026-01-31 18:49:58,Tamil Nadu,Central University,B.Sc,3rd Year,7.0 – 8.0,2 – 4 hours,"YouTube, NPTEL / SWAYAM, Coursera / Udemy / edX, ChatGPT / AI tools, Notion / Anki / Obsidian",5,,,,,,,,
2626,7b5c4bd7d59556f437489bc9729a8c19655b90085e45e8dff621cf66913fc521,2026-02-26 11:52:52,Week 4,45,4 – 6 hours,2,2,Sometimes,"ChatGPT, QuillBot",3 – 6,3,NaN,3,3,False,,Slightly better,"YouTube, College LMS",2026-02-23 10:13:22,Kerala,State University,B.Tech,3rd Year,Prefer not to say,2 – 4 hours,"YouTube, NPTEL / SWAYAM, Coursera / Udemy / edX, ChatGPT / AI tools, Notion / Anki / Obsidian, College LMS, WhatsApp / Telegram, Physical notes",8,,,,,,,,
2627,ea6dc2fae8a61411b9d6de51699ca6787330c0036ffedddf4a649648fefe8732,2026-02-26 11:53:38,Week 4,44,2 – 4 hours,3,3,Rarely,"ChatGPT, Google Gemini, Microsoft Copilot, Claude",3 – 6,3,NaN,3,2,False,,Slightly better,"YouTube, WhatsApp / Telegram (for study purposes)",2026-01-31 18:48:18,Andhra Pradesh,Private University,B.Tech,4th Year,7.0 – 8.0,2 – 4 hours,"YouTube, ChatGPT / AI tools, College LMS, WhatsApp / Telegram",4,,,,,,,,
2628,81ddebb1fc0e6b009a5655dea87854093d1374914f03d128e615c955c9007504,2026-02-26 16:28:05,Week 1,0,0 – 2 hours,1,1,Never,"ChatGPT, Google Gemini, Microsoft Copilot",1 – 3,4,Health / stress issues,1,2,False,,About the same,YouTube,2026-01-12 20:20:23,Tamil Nadu,Private University,B.Tech,3rd Year,7.0 – 8.0,2 – 4 hours,"YouTube, ChatGPT / AI tools, WhatsApp / Telegram, Physical notes only",4,,,,,,,,
2629,a0844c331d7454600df29956fea1f640e9035aa0e376172eded377ff472dedbe,2026-03-01 20:17:48,Week 6,5,0 – 2 hours,4,1,Never,ChatGPT,3 – 6,4,NaN,4,4,False,,About the same,WhatsApp / Telegram (for study purposes),2026-01-31 18:46:52,Karnataka,Central University,B.Sc,1st Year,7.0 – 8.0,2 – 4 hours,"NPTEL / SWAYAM, Coursera / Udemy / edX, ChatGPT / AI tools, College LMS, WhatsApp / Telegram, Physical notes",6,,,,,,,,
2630,caf626adf6b1139006e560ca8cc80b33ca449dfd93d89557b2b5dca8a09ea07f,2026-03-05 16:57:48,Week 1,7,2 – 4 hours,2,2,Never,"ChatGPT, Google Gemini, Claude, QuillBot",3 – 6,2,"No quiet study space, Health / stress issues",2,2,False,70.0,Much worse,NaN,2026-02-23 10:06:05,Karnataka,Private University,BA,3rd Year,7.0 – 8.0,2 – 4 hours,"YouTube, NPTEL / SWAYAM, Coursera / Udemy / edX, ChatGPT / AI tools, Notion / Anki / Obsidian, WhatsApp / Telegram",6,,,,,,,,
2631,bed0f2897fdcff9c379616ea83849b1ca59a967db6315c91cd8fcf4fcf4c7216,2026-03-05 16:58:48,Week 1,4,2 – 4 hours,3,3,Sometimes,"ChatGPT, Google Gemini",3 – 6,3,Mobile-only access,2,2,False,,Slightly worse,College LMS,2026-01-31 18:46:23,Andhra Pradesh,State University,B.Sc,2nd Year,7.0 – 8.0,2 – 4 hours,"YouTube, NPTEL / SWAYAM, WhatsApp / Telegram",3,,,,,,,,
2632,9c37b8db9c39e670e8422cf5afe252221762450c6f3d1f72c8ef3cdfe0a584e6,2026-03-05 16:59:42,Week 1,4,2 – 4 hours,3,2,Rarely,"ChatGPT, Google Gemini",1 – 3,2,"Poor internet, Mobile-only access",2,2,False,,Slightly worse,"NPTEL / SWAYAM, College LMS",2026-02-23 10:10:44,Tamil Nadu,State University,B.Sc,2nd Year,7.0 – 8.0,2 – 4 hours,"YouTube, NPTEL / SWAYAM, Coursera / Udemy / edX, ChatGPT / AI tools, College LMS",5,,,,,,,,
2633,a0844c331d7454600df29956fea1f640e9035aa0e376172eded377ff472dedbe,2026-03-05 17:00:39,Week 1,3,2 – 4 hours,2,3,Rarely,"ChatGPT, Google Gemini",3 – 6,2,"Mobile-only access, No quiet study space",2,2,False,,Slightly worse,"YouTube, NPTEL / SWAYAM, Coursera / Udemy / edX",2026-01-31 18:46:52,Karnataka,Central University,B.Sc,1st Year,7.0 – 8.0,2 – 4 hours,"NPTEL / SWAYAM, Coursera / Udemy / edX, ChatGPT / AI tools, College LMS, WhatsApp / Telegram, Physical notes",6,,,,,,,,
2634,cf47f395a464caa7ab1da1745c2d650002296d75e8eac41561b430a83f4382f8,2026-03-05 17:01:25,Week 1,3,2 – 4 hours,2,2,Rarely,"ChatGPT, Google Gemini",1 – 3,2,"Poor internet, Mobile-only access",2,2,False,,Slightly worse,"YouTube, NPTEL / SWAYAM, Coursera / Udemy / edX",2026-01-31 18:49:58,Tamil Nadu,Central University,B.Sc,3rd Year,7.0 – 8.0,2 – 4 hours,"YouTube, NPTEL / SWAYAM, Coursera / Udemy / edX, ChatGPT / AI tools, Notion / Anki / Obsidian",5,,,,,,,,
2635,219d4ac6903fffab5ab1d64d6ed0b331adcc691f0e116fb7f62cefba91f7b0ec,2026-03-05 17:03:10,Week 2,6,2 – 4 hours,2,2,Sometimes,"ChatGPT, Google Gemini, Claude",3 – 6,3,"Poor internet, Mobile-only access, No quiet study space",3,3,False,,About the same,"YouTube, NPTEL / SWAYAM, College LMS",2025-12-26 18:34:24,Andhra Pradesh,Private University,B.Tech,3rd Year,9.0+,0 – 2 hours,ChatGPT / AI tools,1,,,,,,,,
2636,48cdb835c278ac6b10eed195f85632896d3be15d20d75197a0b916b2395939a6,2026-03-05 17:04:26,Week 2,13,2 – 4 hours,3,4,Often,"ChatGPT, Google Gemini",6 – 10,5,"No quiet study space, Health / stress issues, None",5,5,False,,Slightly better,"YouTube, NPTEL / SWAYAM",2026-01-27 00:18:46,Telangana,IIT / NIT,B.Sc,3rd Year,7.0 – 8.0,0 – 2 hours,"YouTube, NPTEL / SWAYAM, ChatGPT / AI tools, WhatsApp / Telegram, Physical notes only",5,,,,,,,,
2637,26234105c87439e0dc4fb999632d3a5406775cc0728c26840e4a6b26d071341b,2026-03-05 17:05:29,Week 1,30,4 – 6 hours,4,4,Always,"ChatGPT, Claude, Canva AI",6 – 10,3,Health / stress issues,3,3,False,80.0,Slightly worse,YouTube,2026-01-12 20:18:58,Tamil Nadu,Private University,B.Tech,2nd Year,6.0 – 7.0,0 – 2 hours,"YouTube, ChatGPT / AI tools, College LMS",3,,,,,,,,
2638,b319601b117de5d02e9d335f82997ad5d2c20f041b094bdd7a67411b8ad1543b,2026-03-05 17:06:14,Week 2,20,6+ hours,5,5,Often,"ChatGPT, Google Gemini",6 – 10,4,"Poor internet, Mobile-only access",4,4,False,,Slightly better,"YouTube, NPTEL / SWAYAM, Coursera / Udemy / edX",2026-01-31 11:34:19,Tamil Nadu,State University,B.Tech,4th Year,8.0 – 9.0,0 – 2 hours,"YouTube, ChatGPT / AI tools, WhatsApp / Telegram",3,,,,,,,,
2639,d2db0cecaf1edf2f34e8fcb492052acd27453600c6cc493e25700d9c3b289761,2026-03-05 17:07:04,Week 2,20,6+ hours,5,5,Sometimes,"ChatGPT, Google Gemini, Microsoft Copilot, Claude",6 – 10,4,"Poor internet, Mobile-only access",5,5,False,,About the same,"YouTube, College LMS",2026-02-02 12:56:07,Uttar Pradesh,IIT / NIT,Other,2nd Year,Prefer not to say,2 – 4 hours,"YouTube, Coursera / Udemy / edX",2,,,,,,,,
2640,c4fc9686cc1b927682fbf989fe97901e479c7d5a214ce073d7cc6062f4682ed6,2026-03-05 17:07:50,Week 3,3,0 – 2 hours,2,1,Never,"ChatGPT, Google Gemini",1 – 3,1,Poor internet,1,1,False,,Much worse,College LMS,2026-02-23 10:06:40,Andhra Pradesh,Private University,B.Com,3rd Year,6.0 – 7.0,0 – 2 hours,"Coursera / Udemy / edX, ChatGPT / AI tools, Notion / Anki / Obsidian, WhatsApp / Telegram",4,,,,,,,,
2641,384ceb85e96e6aa2ecda396e81a782b00f64a547b8639cec5570f556cec3c71d,2026-03-05 17:08:35,Week 3,2,0 – 2 hours,2,2,Rarely,Google Gemini,1 – 3,2,"Mobile-only access, No quiet study space",2,1,False,,Slightly worse,Coursera / Udemy / edX,2026-02-23 10:05:39,Kerala,Private University,B.Com,2nd Year,8.0 – 9.0,4 – 6 hours,"NPTEL / SWAYAM, Coursera / Udemy / edX, College LMS, Physical notes",4,,,,,,,,
2642,f5df30de694992a770d857d674587e781574c81ffc40be127f93b6a3d3a95f48,2026-03-05 17:08:36,Week 1,39,4 – 6 hours,4,3,Sometimes,"ChatGPT, Claude",6 – 10,4,Poor internet,4,4,False,,Slightly better,"YouTube, College LMS",2026-02-23 10:05:11,Andhra Pradesh,State University,B.Sc,3rd Year,Prefer not to say,2 – 4 hours,"YouTube, Coursera / Udemy / edX, Notion / Anki / Obsidian, WhatsApp / Telegram, Physical notes",5,,,,,,,,
2643,b7c45e43b3e4defcfa15c66053995acfb95306f516892ea504b4a561e64a85b9,2026-03-05 17:09:59,Week 3,5,0 – 2 hours,2,2,Rarely,Google Gemini,1 – 3,2,Poor internet,2,3,False,,Much worse,NPTEL / SWAYAM,2026-01-31 18:40:13,Tamil Nadu,IIT / NIT,B.Sc,2nd Year,6.0 – 7.0,0 – 2 hours,"YouTube, NPTEL / SWAYAM, ChatGPT / AI tools",3,,,,,,,,
2644,f8ecea41f5799921e46e5d82b8d41d92dba1fca7a66ca63506cc3c0aab382672,2026-03-05 17:10:05,Week 1,22,4 – 6 hours,4,4,Never,"ChatGPT, Google Gemini",6 – 10,4,Poor internet,4,3,False,66.0,About the same,NPTEL / SWAYAM,2026-01-27 17:56:30,Uttar Pradesh,Central University,B.Tech,4th Year,7.0 – 8.0,4 – 6 hours,"YouTube, NPTEL / SWAYAM, Coursera / Udemy / edX, ChatGPT / AI tools, Notion / Anki / Obsidian",5,,,,,,,,
2645,8773494ab4b07b7f7350b8d37e960ba5d05e7caf5ffbb75a943c63465a604b7f,2026-03-05 17:11:27,Week 3,3,2 – 4 hours,1,2,Rarely,"Claude, QuillBot",1 – 3,3,"Poor internet, Mobile-only access, No quiet study space, Health / stress issues, None",2,2,False,,Slightly worse,"Notion / Anki / Obsidian, Physical Notes",2026-01-31 18:47:34,Tamil Nadu,IIT / NIT,B.Tech,2nd Year,9.0+,4 – 6 hours,"YouTube, NPTEL / SWAYAM, Coursera / Udemy / edX, ChatGPT / AI tools, College LMS, WhatsApp / Telegram, Physical notes",7,,,,,,,,
2646,b9c03c59028b4485073ac377b7c14dfe728898b0dccd931ebc2eea5d5b1d746a,2026-03-05 17:11:45,Week 2,35,4 – 6 hours,4,4,Often,"ChatGPT, Perplexity AI",6 – 10,4,Mobile-only access,4,4,False,75.0,About the same,"YouTube, NPTEL / SWAYAM",2025-12-27 14:52:29,Tamil Nadu,Central University,B.Tech,3rd Year,8.0 – 9.0,2 – 4 hours,"ChatGPT / AI tools, College LMS, WhatsApp / Telegram",3,,,,,,,,
2647,f90ab6deefe14d178606a393182b36cdc645169d692772666b9c29214c2a4e40,2026-03-05 17:13:19,Week 3,8,2 – 4 hours,2,3,Never,"ChatGPT, Google Gemini, Microsoft Copilot, Claude, Perplexity AI, Grammarly, QuillBot, Notion AI, Jasper AI, GitHub Copilot, Codeium, Replit AI, Tabnine, Canva AI, DALL·E, Midjourney, Adobe Firefly, Khanmigo (Khan Academy AI)",1 – 3,1,"Poor internet, Mobile-only access, No quiet study space, Health / stress issues",1,1,False,,Much worse,"YouTube, NPTEL / SWAYAM, Coursera / Udemy / edX, College LMS, Notion / Anki / Obsidian, WhatsApp / Telegram (for study purposes), Physical Notes",2026-02-05 21:56:57,Telangana,Private University,B.Tech,3rd Year,7.0 – 8.0,0 – 2 hours,"ChatGPT / AI tools, WhatsApp / Telegram",2,,,,,,,,
2648,27d91473394ea1f8f97a8f1740492902f4ab1abbfe0b003e4536904eaba6dca0,2026-03-05 17:14:13,Week 2,49,4 – 6 hours,5,4,Often,"ChatGPT, Google Gemini",6 – 10,4,"Poor internet, Health / stress issues",4,5,False,70.0,Much better,"YouTube, NPTEL / SWAYAM",2026-01-31 18:43:28,Tamil Nadu,IIT / NIT,B.Tech,3rd Year,7.0 – 8.0,2 – 4 hours,"YouTube, NPTEL / SWAYAM, Coursera / Udemy / edX, ChatGPT / AI tools, Notion / Anki / Obsidian, College LMS, WhatsApp / Telegram, Physical notes",8,,,,,,,,
2649,ace8e293cc91c35e822f9101bc4e97d2ad904d1e130b4402fd6a6642f245665e,2026-03-05 17:14:43,Week 4,0,0 – 2 hours,4,1,Rarely,"ChatGPT, Google Gemini, Claude, Perplexity AI",3 – 6,3,"Poor internet, Mobile-only access, No quiet study space, Health / stress issues",2,1,False,,Much worse,"College LMS, Notion / Anki / Obsidian",2026-02-23 10:12:43,Kerala,State University,B.Tech,2nd Year,6.0 – 7.0,0 – 2 hours,"NPTEL / SWAYAM, Notion / Anki / Obsidian",2,,,,,,,,
2650,1dd2975d45d1e27948cae456e3827e3b50778c013fecee985fb0422f4a492ba2,2026-03-05 17:15:01,Week 2,55,4 – 6 hours,5,5,Always,"ChatGPT, Google Gemini",6 – 10,4,"Mobile-only access, No quiet study space",5,5,False,88.0,Much better,"YouTube, NPTEL / SWAYAM",2026-02-19 13:17:59,Andhra Pradesh,State University,B.Tech,2nd Year,7.0 – 8.0,6+ hours,"YouTube, NPTEL / SWAYAM, Coursera / Udemy / edX, ChatGPT / AI tools, Notion / Anki / Obsidian, College LMS, WhatsApp / Telegram, Physical notes",8,,,,,,,,
2651,74d72de1f5b196019d5bbe209db2b90401f5ea949cebbdda60ac6b0f71acb482,2026-03-05 17:15:53,Week 4,8,0 – 2 hours,3,2,Rarely,"ChatGPT, Claude",1 – 3,3,"Mobile-only access, No quiet study space",3,2,False,,Much worse,"YouTube, NPTEL / SWAYAM, Coursera / Udemy / edX, College LMS",2026-02-02 12:43:28,Madhya Pradesh,Central University,B.Tech,2nd Year,6.0 – 7.0,2 – 4 hours,"YouTube, ChatGPT / AI tools",2,,,,,,,,
2652,63c23cf4b390284f3ce1175699f5efa501022ba212fe21be99dc9e2d21deebbf,2026-03-05 17:17:21,Week 4,14,0 – 2 hours,2,2,Rarely,"ChatGPT, Google Gemini",1 – 3,2,"Poor internet, Mobile-only access",2,2,False,,Much worse,"NPTEL / SWAYAM, Coursera / Udemy / edX, WhatsApp / Telegram (for study purposes)",2026-02-02 12:38:59,Rajasthan,State University,B.Sc,2nd Year,7.0 – 8.0,4 – 6 hours,"Coursera / Udemy / edX, ChatGPT / AI tools, Notion / Anki / Obsidian, College LMS, Physical notes",5,,,,,,,,
2653,b9c03c59028b4485073ac377b7c14dfe728898b0dccd931ebc2eea5d5b1d746a,2026-03-05 17:18:14,Week 4,4,2 – 4 hours,2,2,Sometimes,"ChatGPT, Google Gemini, Microsoft Copilot",3 – 6,2,"Poor internet, Mobile-only access, No quiet study space",3,3,False,,Slightly worse,"YouTube, College LMS",2025-12-27 14:52:29,Tamil Nadu,Central University,B.Tech,3rd Year,8.0 – 9.0,2 – 4 hours,"ChatGPT / AI tools, College LMS, WhatsApp / Telegram",3,,,,,,,,
2654,a091d9857e1b26dac9ad43d43de3cfab7f19df9cadb73e095b0b4a74a5e9bc3d,2026-03-05 17:19:01,Week 4,10,2 – 4 hours,3,2,Never,"ChatGPT, Google Gemini, Microsoft Copilot, Claude",3 – 6,2,"Poor internet, Mobile-only access, No quiet study space, Health / stress issues",2,3,False,,Slightly worse,NaN,2026-01-27 19:47:23,Tamil Nadu,Deemed University,B.Tech,4th Year,9.0+,0 – 2 hours,"YouTube, ChatGPT / AI tools, WhatsApp / Telegram",3,,,,,,,,
2655,1ad669ada84e5263e09135c0723aae8e30fcb58819e440892efde165dd587a5e,2026-03-05 17:19:53,Week 3,70,6+ hours,5,5,Always,"ChatGPT, Google Gemini",10+,5,NaN,5,3,False,77.0,Slightly better,YouTube,2026-02-03 11:18:21,Karnataka,State University,BBA,3rd Year,7.0 – 8.0,2 – 4 hours,"YouTube, Coursera / Udemy / edX",2,,,,,,,,
2656,74d72de1f5b196019d5bbe209db2b90401f5ea949cebbdda60ac6b0f71acb482,2026-03-05 17:20:52,Week 4,59,6+ hours,5,5,Always,"ChatGPT, Google Gemini",10+,5,Health / stress issues,5,5,False,78.0,Much better,"YouTube, NPTEL / SWAYAM",2026-02-02 12:43:28,Madhya Pradesh,Central University,B.Tech,2nd Year,6.0 – 7.0,2 – 4 hours,"YouTube, ChatGPT / AI tools",2,,,,,,,,
2657,f5df30de694992a770d857d674587e781574c81ffc40be127f93b6a3d3a95f48,2026-03-05 17:21:43,Week 4,50,6+ hours,5,5,Sometimes,"ChatGPT, Google Gemini",10+,5,Poor internet,5,5,False,50.0,Slightly worse,YouTube,2026-02-23 10:05:11,Andhra Pradesh,State University,B.Sc,3rd Year,Prefer not to say,2 – 4 hours,"YouTube, Coursera / Udemy / edX, Notion / Anki / Obsidian, WhatsApp / Telegram, Physical notes",5,,,,,,,,
2658,9c37b8db9c39e670e8422cf5afe252221762450c6f3d1f72c8ef3cdfe0a584e6,2026-03-05 17:22:39,Week 4,3,0 – 2 hours,1,1,Never,ChatGPT,1 – 3,2,Poor internet,1,1,False,34.0,Much worse,YouTube,2026-02-23 10:10:44,Tamil Nadu,State University,B.Sc,2nd Year,7.0 – 8.0,2 – 4 hours,"YouTube, NPTEL / SWAYAM, Coursera / Udemy / edX, ChatGPT / AI tools, College LMS",5,,,,,,,,
2659,8ded4921661c4a18e633a572258dbd0f9a2c004f4aa3e9e2057a670d47566de6,2026-03-09 20:29:56,Week 7,1,0 – 2 hours,2,2,Never,ChatGPT,3 – 6,4,NaN,4,4,False,80.0,About the same,NaN,2026-02-03 11:19:03,Kerala,Private University,B.Sc,3rd Year,Prefer not to say,2 – 4 hours,"NPTEL / SWAYAM, WhatsApp / Telegram, Physical notes",3,,,,,,,,
2660,1dd2975d45d1e27948cae456e3827e3b50778c013fecee985fb0422f4a492ba2,2025-12-26 07:20:19,Week 1,18,0 – 2 hours,3,1,Often,"ChatGPT / AI tools, College LMS, WhatsApp / Telegram",6 – 10,4,"Poor internet, No quiet study space",3,4,False,70.0,About the same,NaN,2026-02-19 13:17:59,Andhra Pradesh,State University,B.Tech,2nd Year,7.0 – 8.0,6+ hours,"YouTube, NPTEL / SWAYAM, Coursera / Udemy / edX, ChatGPT / AI tools, Notion / Anki / Obsidian, College LMS, WhatsApp / Telegram, Physical notes",8,,,,,,,,
2661,384ceb85e96e6aa2ecda396e81a782b00f64a547b8639cec5570f556cec3c71d,2025-12-26 19:16:08,Week 1,0,6+ hours,5,1,Never,NaN,0,1,Poor internet,5,5,False,0.0,Much better,NaN,2026-02-23 10:05:39,Kerala,Private University,B.Com,2nd Year,8.0 – 9.0,4 – 6 hours,"NPTEL / SWAYAM, Coursera / Udemy / edX, College LMS, Physical notes",4,,,,,,,,
2662,794e3ecad2e18d7bce8d1013a9e08fe529cc63443905f9864cedec22f7a9459b,2025-12-27 12:32:17,Week 1,30,6+ hours,5,5,Always,"YouTube, NPTEL / SWAYAM, Coursera / Udemy / edX, ChatGPT / AI tools, Notion / Anki / Obsidian, College LMS, WhatsApp / Telegram, Physical notes only, None",3 – 6,5,No quiet study space,5,5,False,10.0,Much better,NaN,2025-12-27 12:35:23,Tamil Nadu,Deemed University,B.Tech,3rd Year,6.0 – 7.0,0 – 2 hours,"YouTube, ChatGPT / AI tools",2,,,,,,,,
2663,132137538b93be89ed6c9815b322a7a0f58530b8c229d1809265140f5cb8c398,2025-12-27 12:37:17,Week 1,3,0 – 2 hours,3,1,Rarely,"YouTube, ChatGPT / AI tools, Physical notes only",3 – 6,3,"Poor internet, No quiet study space, Health / stress issues",2,1,False,70.0,Slightly worse,NaN,2026-01-13 19:44:22,Tamil Nadu,Deemed University,B.Tech,3rd Year,7.0 – 8.0,2 – 4 hours,"YouTube, ChatGPT / AI tools",2,,,,,,,,
2664,ace8e293cc91c35e822f9101bc4e97d2ad904d1e130b4402fd6a6642f245665e,2025-12-27 14:54:03,Week 1,10,0 – 2 hours,2,1,Rarely,"Coursera / Udemy / edX, ChatGPT / AI tools, College LMS, WhatsApp / Telegram",3 – 6,4,"Poor internet, Mobile-only access, Health / stress issues",5,5,False,50.0,About the same,NaN,2026-02-23 10:12:43,Kerala,State University,B.Tech,2nd Year,6.0 – 7.0,0 – 2 hours,"NPTEL / SWAYAM, Notion / Anki / Obsidian",2,,,,,,,,
2665,522e39ae01bce33e97b085b9517a3680984adf0d38e718487e3314eb74127ab2,2025-12-29 14:24:18,Week 1,42,6+ hours,4,4,Often,"YouTube, Coursera / Udemy / edX, ChatGPT / AI tools, Notion / Anki / Obsidian, College LMS, WhatsApp / Telegram",6 – 10,5,NaN,5,3,False,85.0,Slightly better,NaN,2026-01-31 18:48:52,Tamil Nadu,State University,B.Tech,2nd Year,Below 6.0,0 – 2 hours,"YouTube, ChatGPT / AI tools, WhatsApp / Telegram",3,,,,,,,,
2666,c4fc9686cc1b927682fbf989fe97901e479c7d5a214ce073d7cc6062f4682ed6,2026-01-12 20:21:27,Week 1,10,0 – 2 hours,3,1,Rarely,"ChatGPT, Google Gemini, Microsoft Copilot, Claude",3 – 6,3,"No quiet study space, Health / stress issues",3,5,False,85.0,About the same,"YouTube, College LMS, WhatsApp / Telegram (for study purposes), Physical Notes",2026-02-23 10:06:40,Andhra Pradesh,Private University,B.Com,3rd Year,6.0 – 7.0,0 – 2 hours,"Coursera / Udemy / edX, ChatGPT / AI tools, Notion / Anki / Obsidian, WhatsApp / Telegram",4,,,,,,,,
2667,5e849a6892d6df48c1362529cab706d619efa96a172b3f715bc1f5ccd5ca61ec,2026-01-12 20:23:04,Week 1,4,0 – 2 hours,3,2,Often,"ChatGPT, Google Gemini, Perplexity AI",1 – 3,4,"Poor internet, No quiet study space",3,2,False,77.0,About the same,"YouTube, Coursera / Udemy / edX, WhatsApp / Telegram (for study purposes)",2026-02-02 13:01:28,Uttar Pradesh,IIT / NIT,BA,Others,8.0 – 9.0,2 – 4 hours,"YouTube, ChatGPT / AI tools",2,,,,,,,,
2668,e8386eec4c2f671d625ec0a877e0c9af57a196443df6751cfd908bc4bb188c51,2026-01-12 21:35:58,Week 1,5,2 – 4 hours,2,1,Rarely,"ChatGPT, Google Gemini, Microsoft Copilot, Perplexity AI, GitHub Copilot",3 – 6,3,"Poor internet, Mobile-only access, No quiet study space",3,3,False,50.0,Slightly worse,"YouTube, NPTEL / SWAYAM, WhatsApp / Telegram (for study purposes), Physical Notes",2026-01-31 18:42:45,Kerala,State University,B.Com,2nd Year,Prefer not to say,2 – 4 hours,"YouTube, NPTEL / SWAYAM, Coursera / Udemy / edX, Notion / Anki / Obsidian, Physical notes",5,,,,,,,,
2669,f8ecea41f5799921e46e5d82b8d41d92dba1fca7a66ca63506cc3c0aab382672,2026-01-12 21:44:30,Week 1,3,0 – 2 hours,1,1,Rarely,"ChatGPT, Google Gemini, Microsoft Copilot",1 – 3,3,NaN,2,2,False,,About the same,YouTube,2026-01-27 17:56:30,Uttar Pradesh,Central University,B.Tech,4th Year,7.0 – 8.0,4 – 6 hours,"YouTube, NPTEL / SWAYAM, Coursera / Udemy / edX, ChatGPT / AI tools, Notion / Anki / Obsidian",5,,,,,,,,
2670,ad04e596e1af01ab238040c91de85cefe7f49fb2aabec57135e928a5ee02305e,2026-01-12 22:33:54,Week 1,5,0 – 2 hours,3,2,Sometimes,"ChatGPT, Perplexity AI, Replit AI",3 – 6,4,Poor internet,3,3,False,,About the same,YouTube,2026-02-02 13:10:08,Karnataka,IIT / NIT,BBA,Others,7.0 – 8.0,2 – 4 hours,"YouTube, NPTEL / SWAYAM",2,,,,,,,,
2671,caf626adf6b1139006e560ca8cc80b33ca449dfd93d89557b2b5dca8a09ea07f,2026-01-12 23:15:31,Week 1,2,0 – 2 hours,1,1,Never,"ChatGPT, Google Gemini",1 – 3,1,"Poor internet, No quiet study space",1,1,False,,Slightly worse,"YouTube, WhatsApp / Telegram (for study purposes), Physical Notes",2026-02-23 10:06:05,Karnataka,Private University,BA,3rd Year,7.0 – 8.0,2 – 4 hours,"YouTube, NPTEL / SWAYAM, Coursera / Udemy / edX, ChatGPT / AI tools, Notion / Anki / Obsidian, WhatsApp / Telegram",6,,,,,,,,
2672,7b5c4bd7d59556f437489bc9729a8c19655b90085e45e8dff621cf66913fc521,2026-01-13 19:46:14,Week 2,3,2 – 4 hours,3,3,Rarely,"ChatGPT, Perplexity AI",1 – 3,3,"No quiet study space, Health / stress issues",3,3,False,,About the same,"YouTube, College LMS, Notion / Anki / Obsidian",2026-02-23 10:13:22,Kerala,State University,B.Tech,3rd Year,Prefer not to say,2 – 4 hours,"YouTube, NPTEL / SWAYAM, Coursera / Udemy / edX, ChatGPT / AI tools, Notion / Anki / Obsidian, College LMS, WhatsApp / Telegram, Physical notes",8,,,,,,,,
2673,bed0f2897fdcff9c379616ea83849b1ca59a967db6315c91cd8fcf4fcf4c7216,2026-01-16 12:27:49,Week 1,14,2 – 4 hours,2,2,Rarely,"ChatGPT, Perplexity AI",3 – 6,4,"Mobile-only access, No quiet study space",2,4,False,,Much worse,"YouTube, Notion / Anki / Obsidian, WhatsApp / Telegram (for study purposes)",2026-01-31 18:46:23,Andhra Pradesh,State University,B.Sc,2nd Year,7.0 – 8.0,2 – 4 hours,"YouTube, NPTEL / SWAYAM, WhatsApp / Telegram",3,,,,,,,,
2674,3d83828233d057f5e1e37a4c9e784850077d6638768e69b0f6b5d4e5e2dfc994,2026-01-31 11:32:52,Week 1,5,0 – 2 hours,4,4,Often,"ChatGPT, Google Gemini, Claude, Perplexity AI, Notion AI, Replit AI, Canva AI, DALL·E",3 – 6,4,Health / stress issues,4,4,False,80.0,Slightly better,"YouTube, WhatsApp / Telegram (for study purposes)",2026-01-12 21:41:37,Tamil Nadu,Private University,B.Tech,3rd Year,8.0 – 9.0,0 – 2 hours,"YouTube, ChatGPT / AI tools",2,,,,,,,,
2675,6cdee50dedfbbd1a46317cf81321165ab42071b577d2f1514daac32cb4160095,2026-01-31 14:55:23,Week 1,60,4 – 6 hours,4,3,Sometimes,"ChatGPT, Microsoft Copilot, GitHub Copilot, Replit AI",3 – 6,3,"Poor internet, No quiet study space",3,3,False,,Slightly better,"YouTube, WhatsApp / Telegram (for study purposes), Physical Notes",2026-02-02 12:39:28,Gujarat,Private University,B.Tech,3rd Year,8.0 – 9.0,6+ hours,NaN,1,,,,,,,,
2676,86b1b7c8fd97ac6aa33f3f67e3c3652ee35ae2226cc4798385726481eea05f57,2026-01-31 16:07:51,Week 1,20,0 – 2 hours,3,1,Never,Google Gemini,3 – 6,5,"Poor internet, No quiet study space",2,5,False,75.0,Slightly worse,"YouTube, Notion / Anki / Obsidian",2026-01-31 18:50:27,Tamil Nadu,Central University,B.Tech,1st Year,7.0 – 8.0,0 – 2 hours,"YouTube, ChatGPT / AI tools, College LMS, WhatsApp / Telegram",4,,,,,,,,
2677,9c37b8db9c39e670e8422cf5afe252221762450c6f3d1f72c8ef3cdfe0a584e6,2026-01-31 16:39:48,Week 1,20,4 – 6 hours,3,3,Sometimes,"ChatGPT, Google Gemini",1 – 3,3,Health / stress issues,3,2,False,,Slightly worse,"YouTube, NPTEL / SWAYAM, WhatsApp / Telegram (for study purposes), Physical Notes",2026-02-23 10:10:44,Tamil Nadu,State University,B.Sc,2nd Year,7.0 – 8.0,2 – 4 hours,"YouTube, NPTEL / SWAYAM, Coursera / Udemy / edX, ChatGPT / AI tools, College LMS",5,,,,,,,,
2678,63c23cf4b390284f3ce1175699f5efa501022ba212fe21be99dc9e2d21deebbf,2026-01-31 17:56:30,Week 1,4,2 – 4 hours,1,1,Never,ChatGPT,1 – 3,3,Poor internet,1,1,False,,Much worse,Physical Notes,2026-02-02 12:38:59,Rajasthan,State University,B.Sc,2nd Year,7.0 – 8.0,4 – 6 hours,"Coursera / Udemy / edX, ChatGPT / AI tools, Notion / Anki / Obsidian, College LMS, Physical notes",5,,,,,,,,
2679,9c37b8db9c39e670e8422cf5afe252221762450c6f3d1f72c8ef3cdfe0a584e6,2026-01-31 18:23:25,Week 1,13,0 – 2 hours,1,1,Never,"ChatGPT, Google Gemini, Perplexity AI, Canva AI",6 – 10,3,"Poor internet, Mobile-only access, Health / stress issues",2,3,False,50.0,Slightly worse,"YouTube, College LMS, WhatsApp / Telegram (for study purposes), Physical Notes",2026-02-23 10:10:44,Tamil Nadu,State University,B.Sc,2nd Year,7.0 – 8.0,2 – 4 hours,"YouTube, NPTEL / SWAYAM, Coursera / Udemy / edX, ChatGPT / AI tools, College LMS",5,,,,,,,,
2680,0e155a1241bd00b2d588262223a52e0f8a911a4000092f096e6968dccae9e61b,2026-01-31 18:55:41,Week 1,14,0 – 2 hours,1,1,Never,"ChatGPT, Google Gemini, Microsoft Copilot, Perplexity AI",3 – 6,3,"Poor internet, Mobile-only access",2,4,False,,Slightly worse,"YouTube, Coursera / Udemy / edX, College LMS, Physical Notes",2026-02-03 11:16:29,Tamil Nadu,IIT / NIT,B.Tech,4th Year,8.0 – 9.0,2 – 4 hours,"ChatGPT / AI tools, College LMS",2,,,,,,,,
2681,9f7b57d47f3cd447af0a85a35c1ce5b1287d471159595088cd7493a849b93059,2026-01-31 18:57:01,Week 1,23,2 – 4 hours,3,3,Sometimes,"ChatGPT, Google Gemini, Microsoft Copilot, Claude, Perplexity AI, Grammarly, QuillBot, GitHub Copilot, Canva AI, Khanmigo (Khan Academy AI)",6 – 10,4,No quiet study space,3,3,False,70.0,About the same,"YouTube, NPTEL / SWAYAM, Coursera / Udemy / edX, College LMS, WhatsApp / Telegram (for study purposes), Physical Notes",2026-02-02 12:38:26,Punjab,Central University,B.Tech,1st Year,6.0 – 7.0,4 – 6 hours,"YouTube, NPTEL / SWAYAM, Coursera / Udemy / edX, ChatGPT / AI tools, College LMS, WhatsApp / Telegram",6,,,,,,,,
2682,2b17d11e7d9c1af7a7fed72e60e90a5ee797f0b6e0cc8645592f6fdc2ad13cd2,2026-01-31 19:00:49,Week 1,26,2 – 4 hours,2,2,Sometimes,"ChatGPT, Google Gemini, Microsoft Copilot, Claude, Perplexity AI, Grammarly, Notion AI, GitHub Copilot, Codeium, Canva AI, DALL·E",3 – 6,3,"Poor internet, Mobile-only access",2,4,False,70.0,Slightly worse,"YouTube, NPTEL / SWAYAM, Coursera / Udemy / edX, College LMS, WhatsApp / Telegram (for study purposes), Physical Notes",2026-01-31 18:51:00,Tamil Nadu,State University,B.Tech,1st Year,6.0 – 7.0,2 – 4 hours,"YouTube, Coursera / Udemy / edX, ChatGPT / AI tools, Notion / Anki / Obsidian, WhatsApp / Telegram",5,,,,,,,,
2683,522e39ae01bce33e97b085b9517a3680984adf0d38e718487e3314eb74127ab2,2026-01-31 19:02:01,Week 1,22,2 – 4 hours,3,2,Rarely,"ChatGPT, Google Gemini, Microsoft Copilot, Claude, Perplexity AI, Grammarly, GitHub Copilot, Codeium, Replit AI, Tabnine, Canva AI",6 – 10,4,NaN,3,3,False,80.0,About the same,"YouTube, NPTEL / SWAYAM, Coursera / Udemy / edX, College LMS, WhatsApp / Telegram (for study purposes), Physical Notes",2026-01-31 18:48:52,Tamil Nadu,State University,B.Tech,2nd Year,Below 6.0,0 – 2 hours,"YouTube, ChatGPT / AI tools, WhatsApp / Telegram",3,,,,,,,,
2684,86b1b7c8fd97ac6aa33f3f67e3c3652ee35ae2226cc4798385726481eea05f57,2026-01-31 19:04:48,Week 1,30,2 – 4 hours,3,3,Sometimes,"ChatGPT, Google Gemini, Microsoft Copilot, Claude, QuillBot, Notion AI, GitHub Copilot, Midjourney, Adobe Firefly, Khanmigo (Khan Academy AI)",6 – 10,4,"Poor internet, Health / stress issues",3,5,False,,Slightly worse,"YouTube, NPTEL / SWAYAM, Coursera / Udemy / edX, College LMS, WhatsApp / Telegram (for study purposes), Physical Notes",2026-01-31 18:50:27,Tamil Nadu,Central University,B.Tech,1st Year,7.0 – 8.0,0 – 2 hours,"YouTube, ChatGPT / AI tools, College LMS, WhatsApp / Telegram",4,,,,,,,,
2685,a091d9857e1b26dac9ad43d43de3cfab7f19df9cadb73e095b0b4a74a5e9bc3d,2026-01-31 19:05:17,Week 1,60,4 – 6 hours,4,3,Rarely,"ChatGPT, Google Gemini",6 – 10,4,"No quiet study space, Health / stress issues",3,4,False,0.0,About the same,"YouTube, Physical Notes",2026-01-27 19:47:23,Tamil Nadu,Deemed University,B.Tech,4th Year,9.0+,0 – 2 hours,"YouTube, ChatGPT / AI tools, WhatsApp / Telegram",3,,,,,,,,
2686,49c29b44c0f2dba949371e3de5aaea4ace47ef333c771bda5ab86551a01e7a7d,2026-01-31 19:06:54,Week 1,50,4 – 6 hours,3,3,Often,"ChatGPT, Google Gemini, Microsoft Copilot, Claude, Perplexity AI, GitHub Copilot",6 – 10,5,"Poor internet, No quiet study space",2,5,False,75.0,About the same,"YouTube, College LMS, WhatsApp / Telegram (for study purposes), Physical Notes",2026-02-02 12:49:39,Uttar Pradesh,Central University,B.Tech,Others,8.0 – 9.0,2 – 4 hours,"YouTube, ChatGPT / AI tools",2,,,,,,,,
2687,f72f420debc36def28125c58c71822ce49043914a9406e73923965f87c8cb669,2026-01-31 19:10:39,Week 1,40,4 – 6 hours,4,4,Sometimes,"ChatGPT, Google Gemini, Microsoft Copilot, Claude, Perplexity AI, Grammarly, Jasper AI, GitHub Copilot, Replit AI, Canva AI, Adobe Firefly, Khanmigo (Khan Academy AI)",6 – 10,5,NaN,3,3,False,80.0,Slightly better,"YouTube, NPTEL / SWAYAM, College LMS, WhatsApp / Telegram (for study purposes), Physical Notes",2026-01-12 23:37:58,Karnataka,Private University,BA,3rd Year,8.0 – 9.0,0 – 2 hours,"YouTube, ChatGPT / AI tools, WhatsApp / Telegram, Physical notes only",4,,,,,,,,
2688,3d83828233d057f5e1e37a4c9e784850077d6638768e69b0f6b5d4e5e2dfc994,2026-01-31 19:13:43,Week 1,50,6+ hours,3,2,Often,"ChatGPT, Google Gemini, Microsoft Copilot, Claude, Perplexity AI, Grammarly",3 – 6,4,No quiet study space,3,5,False,60.0,About the same,"YouTube, NPTEL / SWAYAM, Coursera / Udemy / edX, College LMS, WhatsApp / Telegram (for study purposes), Physical Notes",2026-01-12 21:41:37,Tamil Nadu,Private University,B.Tech,3rd Year,8.0 – 9.0,0 – 2 hours,"YouTube, ChatGPT / AI tools",2,,,,,,,,
2689,1dd2975d45d1e27948cae456e3827e3b50778c013fecee985fb0422f4a492ba2,2026-01-31 19:15:02,Week 1,45,4 – 6 hours,2,2,Rarely,"ChatGPT, Google Gemini, Microsoft Copilot, Claude, Perplexity AI, Grammarly, Codeium, Replit AI, Tabnine, Canva AI",10+,5,NaN,2,4,False,70.0,Slightly worse,"YouTube, Coursera / Udemy / edX, WhatsApp / Telegram (for study purposes), Physical Notes",2026-02-19 13:17:59,Andhra Pradesh,State University,B.Tech,2nd Year,7.0 – 8.0,6+ hours,"YouTube, NPTEL / SWAYAM, Coursera / Udemy / edX, ChatGPT / AI tools, Notion / Anki / Obsidian, College LMS, WhatsApp / Telegram, Physical notes",8,,,,,,,,
2690,27d91473394ea1f8f97a8f1740492902f4ab1abbfe0b003e4536904eaba6dca0,2026-01-31 19:16:03,Week 1,35,2 – 4 hours,2,1,Never,"ChatGPT, Google Gemini",3 – 6,3,"Poor internet, No quiet study space, Health / stress issues",2,5,False,50.0,Slightly worse,"YouTube, WhatsApp / Telegram (for study purposes), Physical Notes",2026-01-31 18:43:28,Tamil Nadu,IIT / NIT,B.Tech,3rd Year,7.0 – 8.0,2 – 4 hours,"YouTube, NPTEL / SWAYAM, Coursera / Udemy / edX, ChatGPT / AI tools, Notion / Anki / Obsidian, College LMS, WhatsApp / Telegram, Physical notes",8,,,,,,,,
2691,f5df30de694992a770d857d674587e781574c81ffc40be127f93b6a3d3a95f48,2026-01-31 19:17:08,Week 1,49,6+ hours,3,2,Always,"ChatGPT, Google Gemini, Microsoft Copilot, Claude, Perplexity AI, Grammarly, Jasper AI",6 – 10,5,"Poor internet, No quiet study space, Health / stress issues",3,5,False,80.0,About the same,"YouTube, NPTEL / SWAYAM, WhatsApp / Telegram (for study purposes), Physical Notes",2026-02-23 10:05:11,Andhra Pradesh,State University,B.Sc,3rd Year,Prefer not to say,2 – 4 hours,"YouTube, Coursera / Udemy / edX, Notion / Anki / Obsidian, WhatsApp / Telegram, Physical notes",5,,,,,,,,
2692,1ad669ada84e5263e09135c0723aae8e30fcb58819e440892efde165dd587a5e,2026-01-31 19:18:01,Week 1,60,6+ hours,4,2,Sometimes,"ChatGPT, Google Gemini, Microsoft Copilot, Claude, Perplexity AI, Grammarly, GitHub Copilot",6 – 10,5,No quiet study space,3,3,False,75.0,About the same,"YouTube, Coursera / Udemy / edX, College LMS, WhatsApp / Telegram (for study purposes), Physical Notes",2026-02-03 11:18:21,Karnataka,State University,BBA,3rd Year,7.0 – 8.0,2 – 4 hours,"YouTube, Coursera / Udemy / edX",2,,,,,,,,
2693,16a56bf3b362259b32e3bc7d18a95d94213241560809ad3c4d5ddba644365acb,2026-01-31 19:38:23,Week 1,30,2 – 4 hours,3,1,Sometimes,"ChatGPT, Microsoft Copilot, Claude, Perplexity AI, Notion AI",3 – 6,4,"Poor internet, No quiet study space, Health / stress issues",3,5,False,90.0,Slightly worse,"YouTube, WhatsApp / Telegram (for study purposes), Physical Notes",2026-02-19 13:19:58,Tamil Nadu,State University,B.Sc,2nd Year,8.0 – 9.0,2 – 4 hours,"YouTube, NPTEL / SWAYAM, Coursera / Udemy / edX, ChatGPT / AI tools, Notion / Anki / Obsidian",5,,,,,,,,
2694,266344e1c50b449d6d5dbec5b4b1af3236f13cc0b97871acccf3da3697283f82,2026-01-31 21:34:43,Week 1,2,0 – 2 hours,3,1,Sometimes,"ChatGPT, Google Gemini, Claude, Perplexity AI, Notion AI",1 – 3,4,"Poor internet, Mobile-only access, No quiet study space, Health / stress issues",3,5,False,80.0,Slightly worse,"YouTube, Notion / Anki / Obsidian, Physical Notes",2026-01-16 12:24:26,Tamil Nadu,Private University,B.Tech,3rd Year,9.0+,2 – 4 hours,"YouTube, ChatGPT / AI tools, Notion / Anki / Obsidian, WhatsApp / Telegram",4,,,,,,,,
2695,b319601b117de5d02e9d335f82997ad5d2c20f041b094bdd7a67411b8ad1543b,2026-01-31 21:35:59,Week 1,22,2 – 4 hours,4,4,Sometimes,"ChatGPT, Google Gemini, Perplexity AI",6 – 10,5,"Poor internet, Mobile-only access, Health / stress issues",4,5,False,,Much better,"YouTube, College LMS, Notion / Anki / Obsidian, WhatsApp / Telegram (for study purposes), Physical Notes",2026-01-31 11:34:19,Tamil Nadu,State University,B.Tech,4th Year,8.0 – 9.0,0 – 2 hours,"YouTube, ChatGPT / AI tools, WhatsApp / Telegram",3,,,,,,,,
2696,32b68dc8923730efba7e69129bcc4d5555495cc9359174e99e3d50570ce6de44,2026-02-01 20:06:39,Week 1,6,0 – 2 hours,4,1,Never,"ChatGPT, Google Gemini",3 – 6,5,Health / stress issues,5,4,False,80.0,About the same,"YouTube, WhatsApp / Telegram (for study purposes), Physical Notes",2026-01-31 14:55:58,Kerala,State University,B.Sc,1st Year,7.0 – 8.0,0 – 2 hours,"YouTube, ChatGPT / AI tools, College LMS, WhatsApp / Telegram",4,,,,,,,,
2697,8bfc27000534160835a23ec100f95667b3894c6b3e90a6027721d3322ad782dc,2026-02-02 00:28:33,Week 1,3,0 – 2 hours,1,1,Rarely,"ChatGPT, Google Gemini, Microsoft Copilot, Claude, Perplexity AI, Grammarly",1 – 3,4,"No quiet study space, Health / stress issues",1,4,False,,About the same,"YouTube, College LMS, WhatsApp / Telegram (for study purposes), Physical Notes",2026-02-05 21:46:59,Telangana,Private University,B.Tech,3rd Year,9.0+,0 – 2 hours,"YouTube, ChatGPT / AI tools, Physical notes",3,,,,,,,,
2698,6cdee50dedfbbd1a46317cf81321165ab42071b577d2f1514daac32cb4160095,2026-02-02 21:55:05,Week 1,12,2 – 4 hours,3,3,Rarely,"ChatGPT, Google Gemini, Claude, Canva AI",3 – 6,3,Mobile-only access,3,3,False,,About the same,"YouTube, Coursera / Udemy / edX",2026-02-02 12:39:28,Gujarat,Private University,B.Tech,3rd Year,8.0 – 9.0,6+ hours,NaN,1,,,,,,,,
2699,c4fc9686cc1b927682fbf989fe97901e479c7d5a214ce073d7cc6062f4682ed6,2026-02-03 10:30:21,Week 1,20,2 – 4 hours,3,1,Often,"ChatGPT, Google Gemini",10+,5,Health / stress issues,3,4,False,,About the same,YouTube,2026-02-23 10:06:40,Andhra Pradesh,Private University,B.Com,3rd Year,6.0 – 7.0,0 – 2 hours,"Coursera / Udemy / edX, ChatGPT / AI tools, Notion / Anki / Obsidian, WhatsApp / Telegram",4,,,,,,,,
2700,9c37b8db9c39e670e8422cf5afe252221762450c6f3d1f72c8ef3cdfe0a584e6,2026-02-03 10:38:09,Week 2,16,0 – 2 hours,5,5,Always,"ChatGPT, Google Gemini, Claude, Perplexity AI, GitHub Copilot",1 – 3,4,No quiet study space,4,4,False,85.0,Much better,"YouTube, Coursera / Udemy / edX, Physical Notes",2026-02-23 10:10:44,Tamil Nadu,State University,B.Sc,2nd Year,7.0 – 8.0,2 – 4 hours,"YouTube, NPTEL / SWAYAM, Coursera / Udemy / edX, ChatGPT / AI tools, College LMS",5,,,,,,,,
2701,86b1b7c8fd97ac6aa33f3f67e3c3652ee35ae2226cc4798385726481eea05f57,2026-02-03 11:15:07,Week 2,9,0 – 2 hours,3,3,Sometimes,"Claude, Perplexity AI, Grammarly, QuillBot, GitHub Copilot",1 – 3,3,"Poor internet, Mobile-only access",3,3,False,,About the same,"Coursera / Udemy / edX, Notion / Anki / Obsidian",2026-01-31 18:50:27,Tamil Nadu,Central University,B.Tech,1st Year,7.0 – 8.0,0 – 2 hours,"YouTube, ChatGPT / AI tools, College LMS, WhatsApp / Telegram",4,,,,,,,,
2702,bed0f2897fdcff9c379616ea83849b1ca59a967db6315c91cd8fcf4fcf4c7216,2026-02-03 11:16:33,Week 2,5,2 – 4 hours,3,2,Sometimes,"ChatGPT, Google Gemini",6 – 10,3,"Poor internet, Mobile-only access, No quiet study space, Health / stress issues",2,4,False,50.0,Slightly worse,"YouTube, WhatsApp / Telegram (for study purposes)",2026-01-31 18:46:23,Andhra Pradesh,State University,B.Sc,2nd Year,7.0 – 8.0,2 – 4 hours,"YouTube, NPTEL / SWAYAM, WhatsApp / Telegram",3,,,,,,,,
2703,cf47f395a464caa7ab1da1745c2d650002296d75e8eac41561b430a83f4382f8,2026-02-03 11:57:11,Week 1,50,6+ hours,5,5,Often,"ChatGPT, Google Gemini, Perplexity AI, Midjourney, None",10+,5,Health / stress issues,5,5,False,,Slightly better,"YouTube, College LMS, WhatsApp / Telegram (for study purposes)",2026-01-31 18:49:58,Tamil Nadu,Central University,B.Sc,3rd Year,7.0 – 8.0,2 – 4 hours,"YouTube, NPTEL / SWAYAM, Coursera / Udemy / edX, ChatGPT / AI tools, Notion / Anki / Obsidian",5,,,,,,,,
2704,3a16c6fa9dbc26f91e12cdd112bec4f2953a34f47097d3424e3f551bb022a684,2026-02-03 11:58:01,Week 2,20,2 – 4 hours,3,3,Rarely,"ChatGPT, Google Gemini, Perplexity AI, Jasper AI",3 – 6,3,Mobile-only access,3,3,False,80.0,Slightly worse,"YouTube, College LMS, WhatsApp / Telegram (for study purposes)",2026-01-31 18:44:48,Tamil Nadu,Private University,BBA,1st Year,6.0 – 7.0,0 – 2 hours,"YouTube, Coursera / Udemy / edX, ChatGPT / AI tools, College LMS, WhatsApp / Telegram, Physical notes",6,,,,,,,,
2705,86b1b7c8fd97ac6aa33f3f67e3c3652ee35ae2226cc4798385726481eea05f57,2026-02-03 12:00:28,Week 1,42,4 – 6 hours,4,4,Sometimes,"ChatGPT, Perplexity AI, Tabnine, Canva AI",1 – 3,4,NaN,4,4,False,,About the same,"YouTube, NPTEL / SWAYAM, Notion / Anki / Obsidian, Physical Notes",2026-01-31 18:50:27,Tamil Nadu,Central University,B.Tech,1st Year,7.0 – 8.0,0 – 2 hours,"YouTube, ChatGPT / AI tools, College LMS, WhatsApp / Telegram",4,,,,,,,,
2706,ace8e293cc91c35e822f9101bc4e97d2ad904d1e130b4402fd6a6642f245665e,2026-02-03 12:05:44,Week 1,38,2 – 4 hours,3,2,Always,"Google Gemini, Perplexity AI, QuillBot, Codeium, Replit AI, Canva AI, Khanmigo (Khan Academy AI)",10+,4,"No quiet study space, None",3,3,False,,Much better,"YouTube, Coursera / Udemy / edX",2026-02-23 10:12:43,Kerala,State University,B.Tech,2nd Year,6.0 – 7.0,0 – 2 hours,"NPTEL / SWAYAM, Notion / Anki / Obsidian",2,,,,,,,,
2707,f90ab6deefe14d178606a393182b36cdc645169d692772666b9c29214c2a4e40,2026-02-03 12:20:13,Week 1,13,0 – 2 hours,3,4,Always,"ChatGPT, Microsoft Copilot, Claude, Grammarly, Notion AI, GitHub Copilot",3 – 6,3,Poor internet,2,3,False,70.0,About the same,"YouTube, NPTEL / SWAYAM, College LMS, WhatsApp / Telegram (for study purposes), Physical Notes",2026-02-05 21:56:57,Telangana,Private University,B.Tech,3rd Year,7.0 – 8.0,0 – 2 hours,"ChatGPT / AI tools, WhatsApp / Telegram",2,,,,,,,,
2708,ace8e293cc91c35e822f9101bc4e97d2ad904d1e130b4402fd6a6642f245665e,2026-02-03 12:28:44,Week 1,20,0 – 2 hours,3,4,Always,"ChatGPT, Google Gemini, Microsoft Copilot, Claude, Perplexity AI, QuillBot, Canva AI",3 – 6,3,"Poor internet, Mobile-only access, No quiet study space",2,4,False,50.0,Slightly worse,"Coursera / Udemy / edX, WhatsApp / Telegram (for study purposes), Physical Notes",2026-02-23 10:12:43,Kerala,State University,B.Tech,2nd Year,6.0 – 7.0,0 – 2 hours,"NPTEL / SWAYAM, Notion / Anki / Obsidian",2,,,,,,,,
2709,cf47f395a464caa7ab1da1745c2d650002296d75e8eac41561b430a83f4382f8,2026-02-03 12:29:41,Week 1,60,6+ hours,3,3,Rarely,"ChatGPT, Google Gemini, Microsoft Copilot, Claude, Perplexity AI, Grammarly, QuillBot, Replit AI, Tabnine, Canva AI, DALL·E, Midjourney",6 – 10,3,"Poor internet, Health / stress issues",3,5,False,90.0,Slightly better,"YouTube, NPTEL / SWAYAM, Coursera / Udemy / edX, College LMS",2026-01-31 18:49:58,Tamil Nadu,Central University,B.Sc,3rd Year,7.0 – 8.0,2 – 4 hours,"YouTube, NPTEL / SWAYAM, Coursera / Udemy / edX, ChatGPT / AI tools, Notion / Anki / Obsidian",5,,,,,,,,
2710,f5df30de694992a770d857d674587e781574c81ffc40be127f93b6a3d3a95f48,2026-02-03 12:42:02,Week 1,25,4 – 6 hours,4,3,Sometimes,"ChatGPT, Google Gemini, Perplexity AI",3 – 6,4,NaN,4,3,False,85.0,Slightly better,"YouTube, Coursera / Udemy / edX, Notion / Anki / Obsidian",2026-02-23 10:05:11,Andhra Pradesh,State University,B.Sc,3rd Year,Prefer not to say,2 – 4 hours,"YouTube, Coursera / Udemy / edX, Notion / Anki / Obsidian, WhatsApp / Telegram, Physical notes",5,,,,,,,,
2711,384ceb85e96e6aa2ecda396e81a782b00f64a547b8639cec5570f556cec3c71d,2026-02-03 12:43:56,Week 1,20,2 – 4 hours,2,2,Rarely,"Claude, Grammarly",1 – 3,2,Poor internet,2,4,False,75.0,Much worse,College LMS,2026-02-23 10:05:39,Kerala,Private University,B.Com,2nd Year,8.0 – 9.0,4 – 6 hours,"NPTEL / SWAYAM, Coursera / Udemy / edX, College LMS, Physical notes",4,,,,,,,,
2712,0e155a1241bd00b2d588262223a52e0f8a911a4000092f096e6968dccae9e61b,2026-02-03 12:46:15,Week 1,15,2 – 4 hours,2,2,Never,"ChatGPT, Microsoft Copilot",0,3,Health / stress issues,3,5,False,,About the same,YouTube,2026-02-03 11:16:29,Tamil Nadu,IIT / NIT,B.Tech,4th Year,8.0 – 9.0,2 – 4 hours,"ChatGPT / AI tools, College LMS",2,,,,,,,,
2713,b7c45e43b3e4defcfa15c66053995acfb95306f516892ea504b4a561e64a85b9,2026-02-03 12:51:53,Week 1,35,6+ hours,5,4,Sometimes,"ChatGPT, Claude",6 – 10,5,"Mobile-only access, Health / stress issues",4,2,False,85.0,Slightly better,YouTube,2026-01-31 18:40:13,Tamil Nadu,IIT / NIT,B.Sc,2nd Year,6.0 – 7.0,0 – 2 hours,"YouTube, NPTEL / SWAYAM, ChatGPT / AI tools",3,,,,,,,,
2714,132137538b93be89ed6c9815b322a7a0f58530b8c229d1809265140f5cb8c398,2026-02-03 12:53:19,Week 1,15,0 – 2 hours,2,1,Never,NaN,0,1,Poor internet,2,4,False,,About the same,"YouTube, Physical Notes",2026-01-13 19:44:22,Tamil Nadu,Deemed University,B.Tech,3rd Year,7.0 – 8.0,2 – 4 hours,"YouTube, ChatGPT / AI tools",2,,,,,,,,
2715,266344e1c50b449d6d5dbec5b4b1af3236f13cc0b97871acccf3da3697283f82,2026-02-03 12:55:32,Week 1,25,2 – 4 hours,3,3,Often,ChatGPT,3 – 6,3,NaN,3,3,False,78.0,Slightly better,"YouTube, Coursera / Udemy / edX, College LMS",2026-01-16 12:24:26,Tamil Nadu,Private University,B.Tech,3rd Year,9.0+,2 – 4 hours,"YouTube, ChatGPT / AI tools, Notion / Anki / Obsidian, WhatsApp / Telegram",4,,,,,,,,
2716,9c37b8db9c39e670e8422cf5afe252221762450c6f3d1f72c8ef3cdfe0a584e6,2026-02-03 17:14:22,Week 3,30,2 – 4 hours,3,2,Often,"ChatGPT, Google Gemini, GitHub Copilot",10+,5,Health / stress issues,4,5,False,,Slightly better,"YouTube, College LMS",2026-02-23 10:10:44,Tamil Nadu,State University,B.Sc,2nd Year,7.0 – 8.0,2 – 4 hours,"YouTube, NPTEL / SWAYAM, Coursera / Udemy / edX, ChatGPT / AI tools, College LMS",5,,,,,,,,
2717,16a56bf3b362259b32e3bc7d18a95d94213241560809ad3c4d5ddba644365acb,2026-02-05 21:45:35,Week 1,0,4 – 6 hours,3,3,Sometimes,"ChatGPT, Google Gemini, Claude, Perplexity AI, Canva AI",1 – 3,3,NaN,3,3,False,,About the same,"YouTube, NPTEL / SWAYAM, Coursera / Udemy / edX, College LMS, WhatsApp / Telegram (for study purposes)",2026-02-19 13:19:58,Tamil Nadu,State University,B.Sc,2nd Year,8.0 – 9.0,2 – 4 hours,"YouTube, NPTEL / SWAYAM, Coursera / Udemy / edX, ChatGPT / AI tools, Notion / Anki / Obsidian",5,,,,,,,,
2718,74d72de1f5b196019d5bbe209db2b90401f5ea949cebbdda60ac6b0f71acb482,2026-02-05 21:49:41,Week 1,10,0 – 2 hours,5,3,Sometimes,"ChatGPT, Google Gemini, Microsoft Copilot, Perplexity AI, GitHub Copilot, Canva AI, Khanmigo (Khan Academy AI)",1 – 3,3,"Poor internet, Mobile-only access, No quiet study space",3,5,False,94.0,Much better,"YouTube, NPTEL / SWAYAM, Coursera / Udemy / edX, College LMS, Notion / Anki / Obsidian, WhatsApp / Telegram (for study purposes), Physical Notes",2026-02-02 12:43:28,Madhya Pradesh,Central University,B.Tech,2nd Year,6.0 – 7.0,2 – 4 hours,"YouTube, ChatGPT / AI tools",2,,,,,,,,
2719,5e849a6892d6df48c1362529cab706d619efa96a172b3f715bc1f5ccd5ca61ec,2026-02-05 21:53:36,Week 1,70,2 – 4 hours,1,1,Sometimes,ChatGPT,10+,3,NaN,2,1,False,,Slightly better,"YouTube, WhatsApp / Telegram (for study purposes)",2026-02-02 13:01:28,Uttar Pradesh,IIT / NIT,BA,Others,8.0 – 9.0,2 – 4 hours,"YouTube, ChatGPT / AI tools",2,,,,,,,,
2720,8ded4921661c4a18e633a572258dbd0f9a2c004f4aa3e9e2057a670d47566de6,2026-02-05 22:29:26,Week 1,0,0 – 2 hours,1,1,Never,"ChatGPT, Google Gemini, Microsoft Copilot",1 – 3,3,"Poor internet, Mobile-only access, No quiet study space, Health / stress issues",1,4,False,70.0,About the same,YouTube,2026-02-03 11:19:03,Kerala,Private University,B.Sc,3rd Year,Prefer not to say,2 – 4 hours,"NPTEL / SWAYAM, WhatsApp / Telegram, Physical notes",3,,,,,,,,
2721,8ded4921661c4a18e633a572258dbd0f9a2c004f4aa3e9e2057a670d47566de6,2026-02-08 10:09:09,Week 2,1,0 – 2 hours,4,1,Never,"ChatGPT, Google Gemini",3 – 6,5,NaN,5,5,False,,About the same,WhatsApp / Telegram (for study purposes),2026-02-03 11:19:03,Kerala,Private University,B.Sc,3rd Year,Prefer not to say,2 – 4 hours,"NPTEL / SWAYAM, WhatsApp / Telegram, Physical notes",3,,,,,,,,
2722,16a56bf3b362259b32e3bc7d18a95d94213241560809ad3c4d5ddba644365acb,2026-02-16 08:39:48,Week 3,4,0 – 2 hours,3,1,Never,ChatGPT,6 – 10,4,NaN,4,3,False,,About the same,"YouTube, WhatsApp / Telegram (for study purposes)",2026-02-19 13:19:58,Tamil Nadu,State University,B.Sc,2nd Year,8.0 – 9.0,2 – 4 hours,"YouTube, NPTEL / SWAYAM, Coursera / Udemy / edX, ChatGPT / AI tools, Notion / Anki / Obsidian",5,,,,,,,,
2723,f8ecea41f5799921e46e5d82b8d41d92dba1fca7a66ca63506cc3c0aab382672,2026-02-19 09:15:03,Week 2,6,0 – 2 hours,3,3,Rarely,"ChatGPT, Google Gemini, Claude",1 – 3,4,"Poor internet, No quiet study space",4,4,False,80.0,Slightly better,"YouTube, WhatsApp / Telegram (for study purposes), Physical Notes",2026-01-27 17:56:30,Uttar Pradesh,Central University,B.Tech,4th Year,7.0 – 8.0,4 – 6 hours,"YouTube, NPTEL / SWAYAM, Coursera / Udemy / edX, ChatGPT / AI tools, Notion / Anki / Obsidian",5,,,,,,,,
2724,a091d9857e1b26dac9ad43d43de3cfab7f19df9cadb73e095b0b4a74a5e9bc3d,2026-02-19 09:18:05,Week 3,5,0 – 2 hours,2,2,Rarely,"ChatGPT, Google Gemini",1 – 3,2,"Poor internet, No quiet study space, Health / stress issues",2,4,False,60.0,Slightly worse,"NPTEL / SWAYAM, WhatsApp / Telegram (for study purposes), Physical Notes",2026-01-27 19:47:23,Tamil Nadu,Deemed University,B.Tech,4th Year,9.0+,0 – 2 hours,"YouTube, ChatGPT / AI tools, WhatsApp / Telegram",3,,,,,,,,
2725,219d4ac6903fffab5ab1d64d6ed0b331adcc691f0e116fb7f62cefba91f7b0ec,2026-02-19 09:19:09,Week 3,6,0 – 2 hours,3,3,Never,"ChatGPT, Google Gemini, Claude, Perplexity AI, GitHub Copilot",3 – 6,3,"Poor internet, No quiet study space",3,3,False,,About the same,"YouTube, Notion / Anki / Obsidian, WhatsApp / Telegram (for study purposes), Physical Notes",2025-12-26 18:34:24,Andhra Pradesh,Private University,B.Tech,3rd Year,9.0+,0 – 2 hours,ChatGPT / AI tools,1,,,,,,,,
2726,f8041b50a2c1379ae1a539104ac8cfff2e7475d9225620826e59c80d286afe76,2026-02-19 09:20:04,Week 4,7,2 – 4 hours,3,4,Never,"ChatGPT, Google Gemini, Microsoft Copilot, Claude, Perplexity AI",1 – 3,3,Poor internet,3,4,False,,About the same,"YouTube, WhatsApp / Telegram (for study purposes), Physical Notes",2026-01-31 18:25:54,Andhra Pradesh,Private University,B.Sc,3rd Year,7.0 – 8.0,0 – 2 hours,"YouTube, NPTEL / SWAYAM, Notion / Anki / Obsidian, College LMS, WhatsApp / Telegram",5,,,,,,,,
2727,bed0f2897fdcff9c379616ea83849b1ca59a967db6315c91cd8fcf4fcf4c7216,2026-02-19 09:21:21,Week 4,7,2 – 4 hours,3,3,Never,"ChatGPT, Google Gemini, GitHub Copilot",1 – 3,2,Health / stress issues,2,3,False,70.0,About the same,"YouTube, WhatsApp / Telegram (for study purposes), Physical Notes",2026-01-31 18:46:23,Andhra Pradesh,State University,B.Sc,2nd Year,7.0 – 8.0,2 – 4 hours,"YouTube, NPTEL / SWAYAM, WhatsApp / Telegram",3,,,,,,,,
2728,384ceb85e96e6aa2ecda396e81a782b00f64a547b8639cec5570f556cec3c71d,2026-02-19 09:22:29,Week 4,5,0 – 2 hours,1,1,Never,ChatGPT,1 – 3,2,Poor internet,2,2,False,,Slightly worse,YouTube,2026-02-23 10:05:39,Kerala,Private University,B.Com,2nd Year,8.0 – 9.0,4 – 6 hours,"NPTEL / SWAYAM, Coursera / Udemy / edX, College LMS, Physical notes",4,,,,,,,,
2729,97b26b3698560201c1218be1d50871d93f4ae1f4a79deeb268b0ba686e43fdeb,2026-02-19 09:23:22,Week 4,8,2 – 4 hours,4,4,Never,"ChatGPT, Google Gemini, Microsoft Copilot, Claude, GitHub Copilot",3 – 6,4,Poor internet,4,4,False,60.0,Slightly better,"YouTube, WhatsApp / Telegram (for study purposes), Physical Notes",2025-12-26 07:18:01,Tamil Nadu,Deemed University,B.Tech,3rd Year,8.0 – 9.0,0 – 2 hours,"ChatGPT / AI tools, College LMS, WhatsApp / Telegram",3,,,,,,,,
2730,1dd2975d45d1e27948cae456e3827e3b50778c013fecee985fb0422f4a492ba2,2026-02-22 21:39:27,Week 4,6,0 – 2 hours,5,1,Never,ChatGPT,3 – 6,4,Health / stress issues,3,3,False,80.0,Slightly worse,"WhatsApp / Telegram (for study purposes), Physical Notes",2026-02-19 13:17:59,Andhra Pradesh,State University,B.Tech,2nd Year,7.0 – 8.0,6+ hours,"YouTube, NPTEL / SWAYAM, Coursera / Udemy / edX, ChatGPT / AI tools, Notion / Anki / Obsidian, College LMS, WhatsApp / Telegram, Physical notes",8,,,,,,,,
2731,26234105c87439e0dc4fb999632d3a5406775cc0728c26840e4a6b26d071341b,2026-02-23 10:18:52,Week 1,20,2 – 4 hours,3,3,Sometimes,"ChatGPT, Google Gemini, Microsoft Copilot, Claude, Perplexity AI, Grammarly, GitHub Copilot",3 – 6,4,"Poor internet, Mobile-only access, No quiet study space, Health / stress issues",2,2,False,,About the same,"YouTube, NPTEL / SWAYAM, Coursera / Udemy / edX, College LMS, WhatsApp / Telegram (for study purposes)",2026-01-12 20:18:58,Tamil Nadu,Private University,B.Tech,2nd Year,6.0 – 7.0,0 – 2 hours,"YouTube, ChatGPT / AI tools, College LMS",3,,,,,,,,
2732,86b1b7c8fd97ac6aa33f3f67e3c3652ee35ae2226cc4798385726481eea05f57,2026-02-23 10:19:54,Week 1,30,2 – 4 hours,3,3,Often,"ChatGPT, Microsoft Copilot, Perplexity AI, Grammarly, QuillBot, Codeium, Tabnine",3 – 6,4,"Poor internet, No quiet study space, Health / stress issues, None",5,4,False,50.0,About the same,"NPTEL / SWAYAM, College LMS, Notion / Anki / Obsidian",2026-01-31 18:50:27,Tamil Nadu,Central University,B.Tech,1st Year,7.0 – 8.0,0 – 2 hours,"YouTube, ChatGPT / AI tools, College LMS, WhatsApp / Telegram",4,,,,,,,,
2733,6cdee50dedfbbd1a46317cf81321165ab42071b577d2f1514daac32cb4160095,2026-02-23 10:20:56,Week 1,35,4 – 6 hours,4,4,Often,"ChatGPT, Google Gemini, Microsoft Copilot, Perplexity AI, Grammarly, QuillBot",6 – 10,4,"Poor internet, No quiet study space, Health / stress issues",3,4,False,75.0,Slightly better,"YouTube, NPTEL / SWAYAM, Coursera / Udemy / edX, College LMS, Physical Notes",2026-02-02 12:39:28,Gujarat,Private University,B.Tech,3rd Year,8.0 – 9.0,6+ hours,NaN,1,,,,,,,,
2734,a0844c331d7454600df29956fea1f640e9035aa0e376172eded377ff472dedbe,2026-02-23 10:22:44,Week 1,30,4 – 6 hours,3,3,Sometimes,"ChatGPT, Google Gemini, Microsoft Copilot, Claude, Notion AI, GitHub Copilot, Codeium",3 – 6,4,"Mobile-only access, No quiet study space",2,3,False,,About the same,"NPTEL / SWAYAM, College LMS, Notion / Anki / Obsidian, WhatsApp / Telegram (for study purposes)",2026-01-31 18:46:52,Karnataka,Central University,B.Sc,1st Year,7.0 – 8.0,2 – 4 hours,"NPTEL / SWAYAM, Coursera / Udemy / edX, ChatGPT / AI tools, College LMS, WhatsApp / Telegram, Physical notes",6,,,,,,,,
2735,d2db0cecaf1edf2f34e8fcb492052acd27453600c6cc493e25700d9c3b289761,2026-02-23 10:23:43,Week 1,40,4 – 6 hours,2,2,Never,"ChatGPT, Google Gemini, Microsoft Copilot, Claude, Perplexity AI, Grammarly, QuillBot, Notion AI, Jasper AI, GitHub Copilot, Codeium, Replit AI, Tabnine",3 – 6,3,No quiet study space,3,4,False,59.0,Slightly worse,"YouTube, NPTEL / SWAYAM, College LMS, Notion / Anki / Obsidian, WhatsApp / Telegram (for study purposes)",2026-02-02 12:56:07,Uttar Pradesh,IIT / NIT,Other,2nd Year,Prefer not to say,2 – 4 hours,"YouTube, Coursera / Udemy / edX",2,,,,,,,,
2736,cf47f395a464caa7ab1da1745c2d650002296d75e8eac41561b430a83f4382f8,2026-02-23 10:35:09,Week 2,45,4 – 6 hours,4,2,Rarely,"ChatGPT, Google Gemini, Microsoft Copilot, Claude, Perplexity AI, Grammarly, Jasper AI, Tabnine, Canva AI, Adobe Firefly",6 – 10,4,Mobile-only access,4,4,False,80.0,Slightly better,"YouTube, Coursera / Udemy / edX, Notion / Anki / Obsidian, Physical Notes",2026-01-31 18:49:58,Tamil Nadu,Central University,B.Sc,3rd Year,7.0 – 8.0,2 – 4 hours,"YouTube, NPTEL / SWAYAM, Coursera / Udemy / edX, ChatGPT / AI tools, Notion / Anki / Obsidian",5,,,,,,,,
2737,8bfc27000534160835a23ec100f95667b3894c6b3e90a6027721d3322ad782dc,2026-02-23 10:35:57,Week 2,50,4 – 6 hours,2,2,Rarely,"ChatGPT, Google Gemini, Microsoft Copilot, Claude, Grammarly, Jasper AI, Codeium, Replit AI, DALL·E, Adobe Firefly, Khanmigo (Khan Academy AI)",6 – 10,4,NaN,4,3,False,90.0,Slightly better,"YouTube, NPTEL / SWAYAM, Coursera / Udemy / edX, College LMS, Notion / Anki / Obsidian",2026-02-05 21:46:59,Telangana,Private University,B.Tech,3rd Year,9.0+,0 – 2 hours,"YouTube, ChatGPT / AI tools, Physical notes",3,,,,,,,,
2738,1ad669ada84e5263e09135c0723aae8e30fcb58819e440892efde165dd587a5e,2026-02-23 10:36:55,Week 2,60,6+ hours,3,3,Sometimes,"ChatGPT, Google Gemini, Microsoft Copilot, Claude, Grammarly, QuillBot, Jasper AI, Codeium, Tabnine, Canva AI, Adobe Firefly",10+,5,Health / stress issues,5,5,False,80.0,Slightly better,"YouTube, NPTEL / SWAYAM, Coursera / Udemy / edX, College LMS, Notion / Anki / Obsidian, WhatsApp / Telegram (for study purposes), Physical Notes",2026-02-03 11:18:21,Karnataka,State University,BBA,3rd Year,7.0 – 8.0,2 – 4 hours,"YouTube, Coursera / Udemy / edX",2,,,,,,,,
2739,bed0f2897fdcff9c379616ea83849b1ca59a967db6315c91cd8fcf4fcf4c7216,2026-02-23 10:37:44,Week 2,70,6+ hours,3,3,Sometimes,"ChatGPT, Google Gemini, Microsoft Copilot, Claude, Perplexity AI, Grammarly, QuillBot, Notion AI, Codeium, Replit AI, Canva AI, DALL·E, Midjourney, Adobe Firefly",6 – 10,4,"Poor internet, No quiet study space, Health / stress issues",5,4,False,,About the same,"YouTube, NPTEL / SWAYAM, Coursera / Udemy / edX, College LMS, Notion / Anki / Obsidian, WhatsApp / Telegram (for study purposes), Physical Notes",2026-01-31 18:46:23,Andhra Pradesh,State University,B.Sc,2nd Year,7.0 – 8.0,2 – 4 hours,"YouTube, NPTEL / SWAYAM, WhatsApp / Telegram",3,,,,,,,,
2740,48cdb835c278ac6b10eed195f85632896d3be15d20d75197a0b916b2395939a6,2026-02-23 10:38:39,Week 2,60,6+ hours,3,3,Often,"ChatGPT, Google Gemini, Microsoft Copilot, Claude, Perplexity AI, Grammarly, Jasper AI, GitHub Copilot, Canva AI",6 – 10,3,NaN,4,4,False,75.0,Much better,"YouTube, NPTEL / SWAYAM, Coursera / Udemy / edX, College LMS, Notion / Anki / Obsidian, WhatsApp / Telegram (for study purposes), Physical Notes",2026-01-27 00:18:46,Telangana,IIT / NIT,B.Sc,3rd Year,7.0 – 8.0,0 – 2 hours,"YouTube, NPTEL / SWAYAM, ChatGPT / AI tools, WhatsApp / Telegram, Physical notes only",5,,,,,,,,
2741,219d4ac6903fffab5ab1d64d6ed0b331adcc691f0e116fb7f62cefba91f7b0ec,2026-02-23 10:40:54,Week 2,70,6+ hours,4,1,Often,"ChatGPT, Google Gemini, Microsoft Copilot, Claude, Perplexity AI, Grammarly, QuillBot, Notion AI, GitHub Copilot, DALL·E",10+,4,Health / stress issues,4,4,False,85.0,About the same,"YouTube, NPTEL / SWAYAM, Coursera / Udemy / edX, College LMS, Notion / Anki / Obsidian, WhatsApp / Telegram (for study purposes), Physical Notes",2025-12-26 18:34:24,Andhra Pradesh,Private University,B.Tech,3rd Year,9.0+,0 – 2 hours,ChatGPT / AI tools,1,,,,,,,,
2742,b9c03c59028b4485073ac377b7c14dfe728898b0dccd931ebc2eea5d5b1d746a,2026-02-23 10:42:01,Week 2,65,6+ hours,4,2,Sometimes,"ChatGPT, Google Gemini, Microsoft Copilot, Claude, Perplexity AI, Grammarly, QuillBot, Notion AI, Codeium",6 – 10,4,Health / stress issues,3,3,False,70.0,Much better,"YouTube, NPTEL / SWAYAM, Coursera / Udemy / edX, College LMS, Notion / Anki / Obsidian, WhatsApp / Telegram (for study purposes), Physical Notes",2025-12-27 14:52:29,Tamil Nadu,Central University,B.Tech,3rd Year,8.0 – 9.0,2 – 4 hours,"ChatGPT / AI tools, College LMS, WhatsApp / Telegram",3,,,,,,,,
2743,f8041b50a2c1379ae1a539104ac8cfff2e7475d9225620826e59c80d286afe76,2026-02-23 10:42:59,Week 2,55,6+ hours,5,5,Always,"ChatGPT, Google Gemini, Microsoft Copilot, Claude, Perplexity AI, Grammarly, QuillBot, Jasper AI, GitHub Copilot, Replit AI",10+,5,No quiet study space,5,5,False,80.0,Slightly better,"YouTube, NPTEL / SWAYAM, Coursera / Udemy / edX, College LMS, WhatsApp / Telegram (for study purposes)",2026-01-31 18:25:54,Andhra Pradesh,Private University,B.Sc,3rd Year,7.0 – 8.0,0 – 2 hours,"YouTube, NPTEL / SWAYAM, Notion / Anki / Obsidian, College LMS, WhatsApp / Telegram",5,,,,,,,,
2744,49c29b44c0f2dba949371e3de5aaea4ace47ef333c771bda5ab86551a01e7a7d,2026-02-23 10:44:12,Week 2,50,6+ hours,5,2,Sometimes,"ChatGPT, Google Gemini, Microsoft Copilot, Claude, Perplexity AI, Grammarly, Notion AI, Codeium, Tabnine, Canva AI",10+,5,Mobile-only access,5,4,False,66.0,Slightly worse,"YouTube, NPTEL / SWAYAM, Coursera / Udemy / edX, College LMS, Notion / Anki / Obsidian, WhatsApp / Telegram (for study purposes), Physical Notes",2026-02-02 12:49:39,Uttar Pradesh,Central University,B.Tech,Others,8.0 – 9.0,2 – 4 hours,"YouTube, ChatGPT / AI tools",2,,,,,,,,
2745,86b1b7c8fd97ac6aa33f3f67e3c3652ee35ae2226cc4798385726481eea05f57,2026-02-23 10:45:06,Week 2,60,6+ hours,5,3,Sometimes,"ChatGPT, Google Gemini, Microsoft Copilot, Claude, Perplexity AI, Grammarly, QuillBot, Notion AI, GitHub Copilot, Replit AI, Canva AI, Adobe Firefly",6 – 10,4,"Poor internet, No quiet study space",5,4,False,56.0,Much worse,"YouTube, NPTEL / SWAYAM, Coursera / Udemy / edX, College LMS, Notion / Anki / Obsidian, WhatsApp / Telegram (for study purposes), Physical Notes",2026-01-31 18:50:27,Tamil Nadu,Central University,B.Tech,1st Year,7.0 – 8.0,0 – 2 hours,"YouTube, ChatGPT / AI tools, College LMS, WhatsApp / Telegram",4,,,,,,,,
2746,ace8e293cc91c35e822f9101bc4e97d2ad904d1e130b4402fd6a6642f245665e,2026-02-23 10:46:14,Week 2,56,6+ hours,5,2,Sometimes,"ChatGPT, Google Gemini, Microsoft Copilot, Claude, Perplexity AI, Grammarly, QuillBot, Notion AI",10+,4,"Poor internet, Mobile-only access",3,3,False,60.0,Slightly worse,"YouTube, NPTEL / SWAYAM, Coursera / Udemy / edX, College LMS, Notion / Anki / Obsidian, WhatsApp / Telegram (for study purposes), Physical Notes",2026-02-23 10:12:43,Kerala,State University,B.Tech,2nd Year,6.0 – 7.0,0 – 2 hours,"NPTEL / SWAYAM, Notion / Anki / Obsidian",2,,,,,,,,
2747,0e155a1241bd00b2d588262223a52e0f8a911a4000092f096e6968dccae9e61b,2026-02-23 10:47:04,Week 2,60,4 – 6 hours,4,5,Sometimes,"ChatGPT, Google Gemini, Microsoft Copilot, Claude, Perplexity AI, Grammarly, QuillBot, Notion AI, Jasper AI",10+,5,Poor internet,5,5,False,75.0,About the same,"YouTube, College LMS, WhatsApp / Telegram (for study purposes), Physical Notes",2026-02-03 11:16:29,Tamil Nadu,IIT / NIT,B.Tech,4th Year,8.0 – 9.0,2 – 4 hours,"ChatGPT / AI tools, College LMS",2,,,,,,,,
2748,1dd2975d45d1e27948cae456e3827e3b50778c013fecee985fb0422f4a492ba2,2026-02-23 10:48:16,Week 2,45,4 – 6 hours,5,3,Often,"ChatGPT, Google Gemini, Claude, Perplexity AI, Grammarly",6 – 10,4,Poor internet,5,4,False,90.0,Slightly better,"YouTube, NPTEL / SWAYAM, College LMS, WhatsApp / Telegram (for study purposes)",2026-02-19 13:17:59,Andhra Pradesh,State University,B.Tech,2nd Year,7.0 – 8.0,6+ hours,"YouTube, NPTEL / SWAYAM, Coursera / Udemy / edX, ChatGPT / AI tools, Notion / Anki / Obsidian, College LMS, WhatsApp / Telegram, Physical notes",8,,,,,,,,
2749,c4fc9686cc1b927682fbf989fe97901e479c7d5a214ce073d7cc6062f4682ed6,2026-02-23 10:49:33,Week 3,20,2 – 4 hours,2,2,Rarely,"ChatGPT, Google Gemini",3 – 6,3,Poor internet,2,2,False,,Slightly worse,"YouTube, WhatsApp / Telegram (for study purposes)",2026-02-23 10:06:40,Andhra Pradesh,Private University,B.Com,3rd Year,6.0 – 7.0,0 – 2 hours,"Coursera / Udemy / edX, ChatGPT / AI tools, Notion / Anki / Obsidian, WhatsApp / Telegram",4,,,,,,,,
2750,c4fc9686cc1b927682fbf989fe97901e479c7d5a214ce073d7cc6062f4682ed6,2026-02-23 11:07:02,Week 3,40,4 – 6 hours,3,3,Sometimes,"ChatGPT, Google Gemini, Microsoft Copilot, Claude, Perplexity AI, Grammarly",3 – 6,2,NaN,3,3,False,,Slightly worse,"YouTube, College LMS, Notion / Anki / Obsidian",2026-02-23 10:06:40,Andhra Pradesh,Private University,B.Com,3rd Year,6.0 – 7.0,0 – 2 hours,"Coursera / Udemy / edX, ChatGPT / AI tools, Notion / Anki / Obsidian, WhatsApp / Telegram",4,,,,,,,,
2751,266344e1c50b449d6d5dbec5b4b1af3236f13cc0b97871acccf3da3697283f82,2026-02-23 11:07:50,Week 3,30,2 – 4 hours,2,2,Rarely,"ChatGPT, Google Gemini, Perplexity AI, Grammarly",1 – 3,2,NaN,3,3,False,,Slightly worse,"YouTube, NPTEL / SWAYAM, Coursera / Udemy / edX, College LMS",2026-01-16 12:24:26,Tamil Nadu,Private University,B.Tech,3rd Year,9.0+,2 – 4 hours,"YouTube, ChatGPT / AI tools, Notion / Anki / Obsidian, WhatsApp / Telegram",4,,,,,,,,
2752,5e849a6892d6df48c1362529cab706d619efa96a172b3f715bc1f5ccd5ca61ec,2026-02-23 11:08:32,Week 3,30,4 – 6 hours,2,2,Sometimes,"ChatGPT, Google Gemini, Microsoft Copilot, Claude, Perplexity AI",1 – 3,2,Poor internet,2,2,False,,Much worse,"YouTube, NPTEL / SWAYAM, Coursera / Udemy / edX, College LMS",2026-02-02 13:01:28,Uttar Pradesh,IIT / NIT,BA,Others,8.0 – 9.0,2 – 4 hours,"YouTube, ChatGPT / AI tools",2,,,,,,,,
2753,f90ab6deefe14d178606a393182b36cdc645169d692772666b9c29214c2a4e40,2026-02-23 11:09:19,Week 3,30,2 – 4 hours,3,3,Sometimes,"ChatGPT, Google Gemini, Microsoft Copilot, Claude, Perplexity AI, QuillBot",1 – 3,3,NaN,3,3,False,,About the same,"YouTube, NPTEL / SWAYAM, Coursera / Udemy / edX, College LMS",2026-02-05 21:56:57,Telangana,Private University,B.Tech,3rd Year,7.0 – 8.0,0 – 2 hours,"ChatGPT / AI tools, WhatsApp / Telegram",2,,,,,,,,
2754,ace8e293cc91c35e822f9101bc4e97d2ad904d1e130b4402fd6a6642f245665e,2026-02-23 11:12:41,Week 3,20,2 – 4 hours,3,3,Sometimes,"ChatGPT, Google Gemini, Microsoft Copilot, Claude, Perplexity AI, Grammarly, QuillBot",1 – 3,3,Health / stress issues,2,2,False,,Slightly worse,"YouTube, NPTEL / SWAYAM, Coursera / Udemy / edX, College LMS, Notion / Anki / Obsidian",2026-02-23 10:12:43,Kerala,State University,B.Tech,2nd Year,6.0 – 7.0,0 – 2 hours,"NPTEL / SWAYAM, Notion / Anki / Obsidian",2,,,,,,,,
2755,f8041b50a2c1379ae1a539104ac8cfff2e7475d9225620826e59c80d286afe76,2026-02-23 11:13:20,Week 3,20,2 – 4 hours,2,2,Rarely,"ChatGPT, Google Gemini, Microsoft Copilot, Claude",1 – 3,2,NaN,3,2,False,,About the same,"YouTube, Coursera / Udemy / edX, Notion / Anki / Obsidian",2026-01-31 18:25:54,Andhra Pradesh,Private University,B.Sc,3rd Year,7.0 – 8.0,0 – 2 hours,"YouTube, NPTEL / SWAYAM, Notion / Anki / Obsidian, College LMS, WhatsApp / Telegram",5,,,,,,,,
2756,1dd2975d45d1e27948cae456e3827e3b50778c013fecee985fb0422f4a492ba2,2026-02-23 11:14:00,Week 4,10,0 – 2 hours,1,1,Never,"ChatGPT, Google Gemini",1 – 3,2,Poor internet,1,1,False,,Much worse,"YouTube, Coursera / Udemy / edX",2026-02-19 13:17:59,Andhra Pradesh,State University,B.Tech,2nd Year,7.0 – 8.0,6+ hours,"YouTube, NPTEL / SWAYAM, Coursera / Udemy / edX, ChatGPT / AI tools, Notion / Anki / Obsidian, College LMS, WhatsApp / Telegram, Physical notes",8,,,,,,,,
2757,f5df30de694992a770d857d674587e781574c81ffc40be127f93b6a3d3a95f48,2026-02-24 12:14:09,Week 2,50,6+ hours,4,4,Sometimes,"ChatGPT, Google Gemini, Microsoft Copilot, Claude, Grammarly, QuillBot, Notion AI, Midjourney, Adobe Firefly, Khanmigo (Khan Academy AI)",6 – 10,5,"Poor internet, Mobile-only access, Health / stress issues",3,3,False,60.0,About the same,"YouTube, NPTEL / SWAYAM, Coursera / Udemy / edX, College LMS, Notion / Anki / Obsidian, WhatsApp / Telegram (for study purposes)",2026-02-23 10:05:11,Andhra Pradesh,State University,B.Sc,3rd Year,Prefer not to say,2 – 4 hours,"YouTube, Coursera / Udemy / edX, Notion / Anki / Obsidian, WhatsApp / Telegram, Physical notes",5,,,,,,,,
2758,81ddebb1fc0e6b009a5655dea87854093d1374914f03d128e615c955c9007504,2026-02-24 12:16:26,Week 2,40,4 – 6 hours,3,3,Sometimes,"ChatGPT, Google Gemini, Microsoft Copilot, Claude, Perplexity AI, Grammarly, QuillBot, GitHub Copilot, Codeium",6 – 10,4,"Poor internet, Mobile-only access, No quiet study space",3,3,False,70.0,Slightly better,"YouTube, NPTEL / SWAYAM, Coursera / Udemy / edX, College LMS, Notion / Anki / Obsidian, Physical Notes",2026-01-12 20:20:23,Tamil Nadu,Private University,B.Tech,3rd Year,7.0 – 8.0,2 – 4 hours,"YouTube, ChatGPT / AI tools, WhatsApp / Telegram, Physical notes only",4,,,,,,,,
2759,b9c03c59028b4485073ac377b7c14dfe728898b0dccd931ebc2eea5d5b1d746a,2026-02-25 23:11:19,Week 3,4,2 – 4 hours,3,3,Sometimes,"ChatGPT, Microsoft Copilot, QuillBot",1 – 3,3,No quiet study space,3,3,False,,Slightly worse,YouTube,2025-12-27 14:52:29,Tamil Nadu,Central University,B.Tech,3rd Year,8.0 – 9.0,2 – 4 hours,"ChatGPT / AI tools, College LMS, WhatsApp / Telegram",3,,,,,,,,
2760,384ceb85e96e6aa2ecda396e81a782b00f64a547b8639cec5570f556cec3c71d,2026-02-26 00:09:17,Week 3,2,0 – 2 hours,2,2,Rarely,ChatGPT,1 – 3,2,Poor internet,2,2,False,,Slightly worse,NaN,2026-02-23 10:05:39,Kerala,Private University,B.Com,2nd Year,8.0 – 9.0,4 – 6 hours,"NPTEL / SWAYAM, Coursera / Udemy / edX, College LMS, Physical notes",4,,,,,,,,
2761,f5df30de694992a770d857d674587e781574c81ffc40be127f93b6a3d3a95f48,2026-02-26 00:14:22,Week 2,9,6+ hours,5,5,Often,"ChatGPT, Google Gemini, Claude",3 – 6,4,NaN,4,5,False,,Much better,"YouTube, WhatsApp / Telegram (for study purposes), Physical Notes",2026-02-23 10:05:11,Andhra Pradesh,State University,B.Sc,3rd Year,Prefer not to say,2 – 4 hours,"YouTube, Coursera / Udemy / edX, Notion / Anki / Obsidian, WhatsApp / Telegram, Physical notes",5,,,,,,,,
2762,5e849a6892d6df48c1362529cab706d619efa96a172b3f715bc1f5ccd5ca61ec,2026-02-26 00:14:46,Week 1,68,4 – 6 hours,4,4,Often,"ChatGPT, Google Gemini, Microsoft Copilot, Claude, Perplexity AI",10+,5,NaN,4,4,False,,Slightly better,YouTube,2026-02-02 13:01:28,Uttar Pradesh,IIT / NIT,BA,Others,8.0 – 9.0,2 – 4 hours,"YouTube, ChatGPT / AI tools",2,,,,,,,,
2763,522e39ae01bce33e97b085b9517a3680984adf0d38e718487e3314eb74127ab2,2026-02-26 00:16:28,Week 2,68,6+ hours,5,5,Always,"ChatGPT, Google Gemini, Microsoft Copilot, Claude, Perplexity AI",10+,5,NaN,5,5,False,80.0,Much better,"YouTube, College LMS, WhatsApp / Telegram (for study purposes), Physical Notes",2026-01-31 18:48:52,Tamil Nadu,State University,B.Tech,2nd Year,Below 6.0,0 – 2 hours,"YouTube, ChatGPT / AI tools, WhatsApp / Telegram",3,,,,,,,,
2764,384ceb85e96e6aa2ecda396e81a782b00f64a547b8639cec5570f556cec3c71d,2026-02-26 00:17:35,Week 3,50,4 – 6 hours,3,3,Sometimes,ChatGPT,3 – 6,4,NaN,2,2,False,,Slightly worse,YouTube,2026-02-23 10:05:39,Kerala,Private University,B.Com,2nd Year,8.0 – 9.0,4 – 6 hours,"NPTEL / SWAYAM, Coursera / Udemy / edX, College LMS, Physical notes",4,,,,,,,,
2765,9f7b57d47f3cd447af0a85a35c1ce5b1287d471159595088cd7493a849b93059,2026-02-26 00:18:16,Week 4,2,0 – 2 hours,2,2,Rarely,NaN,0,1,NaN,1,1,False,,Much worse,NaN,2026-02-02 12:38:26,Punjab,Central University,B.Tech,1st Year,6.0 – 7.0,4 – 6 hours,"YouTube, NPTEL / SWAYAM, Coursera / Udemy / edX, ChatGPT / AI tools, College LMS, WhatsApp / Telegram",6,,,,,,,,
2766,b7c45e43b3e4defcfa15c66053995acfb95306f516892ea504b4a561e64a85b9,2026-02-26 00:18:30,Week 4,40,2 – 4 hours,3,3,Never,ChatGPT,1 – 3,3,NaN,3,1,False,,Much worse,YouTube,2026-01-31 18:40:13,Tamil Nadu,IIT / NIT,B.Sc,2nd Year,6.0 – 7.0,0 – 2 hours,"YouTube, NPTEL / SWAYAM, ChatGPT / AI tools",3,,,,,,,,
2767,caf626adf6b1139006e560ca8cc80b33ca449dfd93d89557b2b5dca8a09ea07f,2026-02-26 09:56:15,Week 1,67,6+ hours,4,4,Often,"ChatGPT, Google Gemini, Microsoft Copilot, Claude, Perplexity AI",6 – 10,4,NaN,4,4,False,,Slightly better,"YouTube, College LMS, WhatsApp / Telegram (for study purposes), Physical Notes",2026-02-23 10:06:05,Karnataka,Private University,BA,3rd Year,7.0 – 8.0,2 – 4 hours,"YouTube, NPTEL / SWAYAM, Coursera / Udemy / edX, ChatGPT / AI tools, Notion / Anki / Obsidian, WhatsApp / Telegram",6,,,,,,,,
2768,ea6dc2fae8a61411b9d6de51699ca6787330c0036ffedddf4a649648fefe8732,2026-02-26 09:57:57,Week 2,69,6+ hours,5,5,Always,"ChatGPT, Google Gemini, Microsoft Copilot, Claude, Perplexity AI, Canva AI",10+,5,NaN,5,5,False,80.0,Much better,"YouTube, College LMS, WhatsApp / Telegram (for study purposes), Physical Notes",2026-01-31 18:48:18,Andhra Pradesh,Private University,B.Tech,4th Year,7.0 – 8.0,2 – 4 hours,"YouTube, ChatGPT / AI tools, College LMS, WhatsApp / Telegram",4,,,,,,,,
2769,48cdb835c278ac6b10eed195f85632896d3be15d20d75197a0b916b2395939a6,2026-02-26 10:04:30,Week 3,46,4 – 6 hours,3,3,Sometimes,"ChatGPT, Microsoft Copilot",3 – 6,2,NaN,3,2,False,,Slightly worse,"YouTube, College LMS, WhatsApp / Telegram (for study purposes), Physical Notes",2026-01-27 00:18:46,Telangana,IIT / NIT,B.Sc,3rd Year,7.0 – 8.0,0 – 2 hours,"YouTube, NPTEL / SWAYAM, ChatGPT / AI tools, WhatsApp / Telegram, Physical notes only",5,,,,,,,,
2770,ace8e293cc91c35e822f9101bc4e97d2ad904d1e130b4402fd6a6642f245665e,2026-02-26 10:05:56,Week 3,20,2 – 4 hours,2,2,Never,"ChatGPT, Google Gemini",1 – 3,2,NaN,2,1,False,,Slightly better,YouTube,2026-02-23 10:12:43,Kerala,State University,B.Tech,2nd Year,6.0 – 7.0,0 – 2 hours,"NPTEL / SWAYAM, Notion / Anki / Obsidian",2,,,,,,,,
2771,48cdb835c278ac6b10eed195f85632896d3be15d20d75197a0b916b2395939a6,2026-02-26 10:07:56,Week 3,10,0 – 2 hours,1,1,Never,"ChatGPT, Google Gemini",1 – 3,2,NaN,1,1,False,,Much worse,"YouTube, College LMS",2026-01-27 00:18:46,Telangana,IIT / NIT,B.Sc,3rd Year,7.0 – 8.0,0 – 2 hours,"YouTube, NPTEL / SWAYAM, ChatGPT / AI tools, WhatsApp / Telegram, Physical notes only",5,,,,,,,,
2772,ad04e596e1af01ab238040c91de85cefe7f49fb2aabec57135e928a5ee02305e,2026-02-26 10:07:59,Week 3,17,6+ hours,3,3,Sometimes,"ChatGPT, Perplexity AI",6 – 10,4,NaN,4,3,False,,About the same,"YouTube, WhatsApp / Telegram (for study purposes), Physical Notes",2026-02-02 13:10:08,Karnataka,IIT / NIT,BBA,Others,7.0 – 8.0,2 – 4 hours,"YouTube, NPTEL / SWAYAM",2,,,,,,,,
2773,8ded4921661c4a18e633a572258dbd0f9a2c004f4aa3e9e2057a670d47566de6,2026-02-26 10:09:09,Week 3,15,0 – 2 hours,1,1,Never,"ChatGPT, Google Gemini",1 – 3,2,NaN,1,1,False,,Slightly worse,"YouTube, College LMS, Physical Notes",2026-02-03 11:19:03,Kerala,Private University,B.Sc,3rd Year,Prefer not to say,2 – 4 hours,"NPTEL / SWAYAM, WhatsApp / Telegram, Physical notes",3,,,,,,,,
2774,3a16c6fa9dbc26f91e12cdd112bec4f2953a34f47097d3424e3f551bb022a684,2026-02-26 10:10:18,Week 3,10,0 – 2 hours,1,1,Never,ChatGPT,1 – 3,2,NaN,1,1,False,,Much worse,YouTube,2026-01-31 18:44:48,Tamil Nadu,Private University,BBA,1st Year,6.0 – 7.0,0 – 2 hours,"YouTube, Coursera / Udemy / edX, ChatGPT / AI tools, College LMS, WhatsApp / Telegram, Physical notes",6,,,,,,,,
2775,f8041b50a2c1379ae1a539104ac8cfff2e7475d9225620826e59c80d286afe76,2026-02-26 10:11:24,Week 3,10,0 – 2 hours,2,2,Never,"ChatGPT, Google Gemini",1 – 3,1,NaN,2,1,False,,Much worse,YouTube,2026-01-31 18:25:54,Andhra Pradesh,Private University,B.Sc,3rd Year,7.0 – 8.0,0 – 2 hours,"YouTube, NPTEL / SWAYAM, Notion / Anki / Obsidian, College LMS, WhatsApp / Telegram",5,,,,,,,,
2776,86b1b7c8fd97ac6aa33f3f67e3c3652ee35ae2226cc4798385726481eea05f57,2026-02-26 10:12:20,Week 3,10,2 – 4 hours,1,1,Never,ChatGPT,1 – 3,1,NaN,1,2,False,,Slightly worse,YouTube,2026-01-31 18:50:27,Tamil Nadu,Central University,B.Tech,1st Year,7.0 – 8.0,0 – 2 hours,"YouTube, ChatGPT / AI tools, College LMS, WhatsApp / Telegram",4,,,,,,,,
2777,a091d9857e1b26dac9ad43d43de3cfab7f19df9cadb73e095b0b4a74a5e9bc3d,2026-02-26 10:13:20,Week 3,10,2 – 4 hours,1,1,Never,"ChatGPT, Google Gemini",1 – 3,2,NaN,2,1,False,,Slightly worse,YouTube,2026-01-27 19:47:23,Tamil Nadu,Deemed University,B.Tech,4th Year,9.0+,0 – 2 hours,"YouTube, ChatGPT / AI tools, WhatsApp / Telegram",3,,,,,,,,
2778,5e849a6892d6df48c1362529cab706d619efa96a172b3f715bc1f5ccd5ca61ec,2026-02-26 10:14:20,Week 3,10,0 – 2 hours,1,1,Never,ChatGPT,1 – 3,2,NaN,2,1,False,,Much worse,YouTube,2026-02-02 13:01:28,Uttar Pradesh,IIT / NIT,BA,Others,8.0 – 9.0,2 – 4 hours,"YouTube, ChatGPT / AI tools",2,,,,,,,,
2779,0e155a1241bd00b2d588262223a52e0f8a911a4000092f096e6968dccae9e61b,2026-02-26 10:14:42,Week 4,10,6+ hours,2,2,Sometimes,"ChatGPT, Google Gemini",3 – 6,4,No quiet study space,3,3,False,,About the same,"YouTube, Coursera / Udemy / edX",2026-02-03 11:16:29,Tamil Nadu,IIT / NIT,B.Tech,4th Year,8.0 – 9.0,2 – 4 hours,"ChatGPT / AI tools, College LMS",2,,,,,,,,
2780,f72f420debc36def28125c58c71822ce49043914a9406e73923965f87c8cb669,2026-02-26 10:15:38,Week 3,8,2 – 4 hours,1,1,Never,Google Gemini,1 – 3,1,NaN,1,1,False,,Slightly worse,YouTube,2026-01-12 23:37:58,Karnataka,Private University,BA,3rd Year,8.0 – 9.0,0 – 2 hours,"YouTube, ChatGPT / AI tools, WhatsApp / Telegram, Physical notes only",4,,,,,,,,
2781,ea6dc2fae8a61411b9d6de51699ca6787330c0036ffedddf4a649648fefe8732,2026-02-26 10:17:37,Week 3,9,0 – 2 hours,1,2,Never,ChatGPT,1 – 3,1,NaN,1,1,False,,Slightly worse,YouTube,2026-01-31 18:48:18,Andhra Pradesh,Private University,B.Tech,4th Year,7.0 – 8.0,2 – 4 hours,"YouTube, ChatGPT / AI tools, College LMS, WhatsApp / Telegram",4,,,,,,,,
2782,8bfc27000534160835a23ec100f95667b3894c6b3e90a6027721d3322ad782dc,2026-02-26 10:18:30,Week 3,6,0 – 2 hours,1,1,Never,ChatGPT,1 – 3,1,NaN,1,1,False,,Much worse,YouTube,2026-02-05 21:46:59,Telangana,Private University,B.Tech,3rd Year,9.0+,0 – 2 hours,"YouTube, ChatGPT / AI tools, Physical notes",3,,,,,,,,
2783,794e3ecad2e18d7bce8d1013a9e08fe529cc63443905f9864cedec22f7a9459b,2026-02-26 10:19:45,Week 3,8,0 – 2 hours,1,1,Never,ChatGPT,0,1,NaN,1,1,False,,Much worse,YouTube,2025-12-27 12:35:23,Tamil Nadu,Deemed University,B.Tech,3rd Year,6.0 – 7.0,0 – 2 hours,"YouTube, ChatGPT / AI tools",2,,,,,,,,
2784,1ad669ada84e5263e09135c0723aae8e30fcb58819e440892efde165dd587a5e,2026-02-26 10:21:01,Week 3,35,2 – 4 hours,2,2,Rarely,Google Gemini,1 – 3,1,NaN,1,2,False,,Slightly worse,YouTube,2026-02-03 11:18:21,Karnataka,State University,BBA,3rd Year,7.0 – 8.0,2 – 4 hours,"YouTube, Coursera / Udemy / edX",2,,,,,,,,
2785,8bfc27000534160835a23ec100f95667b3894c6b3e90a6027721d3322ad782dc,2026-02-26 10:21:57,Week 3,5,0 – 2 hours,1,1,Never,ChatGPT,0,1,NaN,1,1,False,,Much worse,YouTube,2026-02-05 21:46:59,Telangana,Private University,B.Tech,3rd Year,9.0+,0 – 2 hours,"YouTube, ChatGPT / AI tools, Physical notes",3,,,,,,,,
2786,b319601b117de5d02e9d335f82997ad5d2c20f041b094bdd7a67411b8ad1543b,2026-02-26 10:22:53,Week 3,5,0 – 2 hours,1,1,Never,ChatGPT,1 – 3,2,NaN,1,1,False,,Much worse,YouTube,2026-01-31 11:34:19,Tamil Nadu,State University,B.Tech,4th Year,8.0 – 9.0,0 – 2 hours,"YouTube, ChatGPT / AI tools, WhatsApp / Telegram",3,,,,,,,,
2787,bed0f2897fdcff9c379616ea83849b1ca59a967db6315c91cd8fcf4fcf4c7216,2026-02-26 10:23:52,Week 3,6,0 – 2 hours,1,1,Never,Google Gemini,0,1,NaN,1,1,False,,Much worse,YouTube,2026-01-31 18:46:23,Andhra Pradesh,State University,B.Sc,2nd Year,7.0 – 8.0,2 – 4 hours,"YouTube, NPTEL / SWAYAM, WhatsApp / Telegram",3,,,,,,,,
2788,a091d9857e1b26dac9ad43d43de3cfab7f19df9cadb73e095b0b4a74a5e9bc3d,2026-02-26 10:25:56,Week 3,2,0 – 2 hours,1,1,Never,ChatGPT,1 – 3,1,NaN,1,1,False,,Slightly worse,YouTube,2026-01-27 19:47:23,Tamil Nadu,Deemed University,B.Tech,4th Year,9.0+,0 – 2 hours,"YouTube, ChatGPT / AI tools, WhatsApp / Telegram",3,,,,,,,,
2789,f90ab6deefe14d178606a393182b36cdc645169d692772666b9c29214c2a4e40,2026-02-26 10:27:04,Week 3,4,0 – 2 hours,1,1,Never,"Claude, GitHub Copilot",1 – 3,1,NaN,1,1,False,,Much worse,YouTube,2026-02-05 21:56:57,Telangana,Private University,B.Tech,3rd Year,7.0 – 8.0,0 – 2 hours,"ChatGPT / AI tools, WhatsApp / Telegram",2,,,,,,,,
2790,cf47f395a464caa7ab1da1745c2d650002296d75e8eac41561b430a83f4382f8,2026-02-26 10:28:22,Week 3,4,0 – 2 hours,1,1,Never,ChatGPT,0,1,NaN,1,1,False,,Much worse,YouTube,2026-01-31 18:49:58,Tamil Nadu,Central University,B.Sc,3rd Year,7.0 – 8.0,2 – 4 hours,"YouTube, NPTEL / SWAYAM, Coursera / Udemy / edX, ChatGPT / AI tools, Notion / Anki / Obsidian",5,,,,,,,,
2791,caf626adf6b1139006e560ca8cc80b33ca449dfd93d89557b2b5dca8a09ea07f,2026-02-26 10:29:45,Week 3,6,0 – 2 hours,1,1,Never,Claude,1 – 3,1,NaN,2,1,False,,Much worse,YouTube,2026-02-23 10:06:05,Karnataka,Private University,BA,3rd Year,7.0 – 8.0,2 – 4 hours,"YouTube, NPTEL / SWAYAM, Coursera / Udemy / edX, ChatGPT / AI tools, Notion / Anki / Obsidian, WhatsApp / Telegram",6,,,,,,,,
2792,e9f047d3c2da21e5de56f3abab5c156cedf45843e25e1cc9c00e542a0848fb89,2026-02-26 10:30:56,Week 3,10,0 – 2 hours,1,1,Never,NaN,0,1,NaN,1,1,False,,Much worse,NaN,2026-02-23 10:04:41,Andhra Pradesh,Central University,B.Tech,2nd Year,7.0 – 8.0,0 – 2 hours,"YouTube, NPTEL / SWAYAM, Coursera / Udemy / edX, Notion / Anki / Obsidian, WhatsApp / Telegram",5,,,,,,,,
2793,cf47f395a464caa7ab1da1745c2d650002296d75e8eac41561b430a83f4382f8,2026-02-26 10:32:20,Week 3,8,0 – 2 hours,1,1,Never,Google Gemini,1 – 3,1,NaN,1,1,False,,Much worse,YouTube,2026-01-31 18:49:58,Tamil Nadu,Central University,B.Sc,3rd Year,7.0 – 8.0,2 – 4 hours,"YouTube, NPTEL / SWAYAM, Coursera / Udemy / edX, ChatGPT / AI tools, Notion / Anki / Obsidian",5,,,,,,,,
2794,49c29b44c0f2dba949371e3de5aaea4ace47ef333c771bda5ab86551a01e7a7d,2026-02-26 10:33:22,Week 3,9,0 – 2 hours,1,1,Never,ChatGPT,0,1,NaN,1,1,False,,Much worse,YouTube,2026-02-02 12:49:39,Uttar Pradesh,Central University,B.Tech,Others,8.0 – 9.0,2 – 4 hours,"YouTube, ChatGPT / AI tools",2,,,,,,,,
2795,3a16c6fa9dbc26f91e12cdd112bec4f2953a34f47097d3424e3f551bb022a684,2026-02-26 10:35:00,Week 3,10,0 – 2 hours,1,1,Never,ChatGPT,0,1,NaN,1,1,False,,Much worse,YouTube,2026-01-31 18:44:48,Tamil Nadu,Private University,BBA,1st Year,6.0 – 7.0,0 – 2 hours,"YouTube, Coursera / Udemy / edX, ChatGPT / AI tools, College LMS, WhatsApp / Telegram, Physical notes",6,,,,,,,,
2796,f90ab6deefe14d178606a393182b36cdc645169d692772666b9c29214c2a4e40,2026-02-26 10:36:24,Week 3,3,0 – 2 hours,1,1,Never,Google Gemini,1 – 3,1,NaN,1,1,False,,Much worse,YouTube,2026-02-05 21:56:57,Telangana,Private University,B.Tech,3rd Year,7.0 – 8.0,0 – 2 hours,"ChatGPT / AI tools, WhatsApp / Telegram",2,,,,,,,,
2797,8773494ab4b07b7f7350b8d37e960ba5d05e7caf5ffbb75a943c63465a604b7f,2026-02-26 10:37:39,Week 3,20,2 – 4 hours,2,2,Rarely,Google Gemini,1 – 3,2,NaN,2,2,False,,Much worse,NaN,2026-01-31 18:47:34,Tamil Nadu,IIT / NIT,B.Tech,2nd Year,9.0+,4 – 6 hours,"YouTube, NPTEL / SWAYAM, Coursera / Udemy / edX, ChatGPT / AI tools, College LMS, WhatsApp / Telegram, Physical notes",7,,,,,,,,
2798,86b1b7c8fd97ac6aa33f3f67e3c3652ee35ae2226cc4798385726481eea05f57,2026-02-26 10:39:41,Week 3,22,4 – 6 hours,1,2,Rarely,ChatGPT,1 – 3,2,NaN,2,1,False,,Much worse,YouTube,2026-01-31 18:50:27,Tamil Nadu,Central University,B.Tech,1st Year,7.0 – 8.0,0 – 2 hours,"YouTube, ChatGPT / AI tools, College LMS, WhatsApp / Telegram",4,,,,,,,,
2799,ef4aca4b5a9ddc8cfe1cda04eef5cb540a47e603dac29e3f59b7bdd1a387191d,2026-02-26 10:41:38,Week 3,15,2 – 4 hours,2,3,Rarely,ChatGPT,3 – 6,3,NaN,2,3,False,80.0,Slightly worse,"College LMS, WhatsApp / Telegram (for study purposes)",2026-02-02 12:52:17,Maharashtra,Private University,B.Tech,Others,6.0 – 7.0,2 – 4 hours,"YouTube, ChatGPT / AI tools",2,,,,,,,,
2800,b9c03c59028b4485073ac377b7c14dfe728898b0dccd931ebc2eea5d5b1d746a,2026-02-26 10:43:58,Week 3,30,4 – 6 hours,1,2,Rarely,Microsoft Copilot,0,1,NaN,2,1,False,,Slightly worse,YouTube,2025-12-27 14:52:29,Tamil Nadu,Central University,B.Tech,3rd Year,8.0 – 9.0,2 – 4 hours,"ChatGPT / AI tools, College LMS, WhatsApp / Telegram",3,,,,,,,,
2801,1ad669ada84e5263e09135c0723aae8e30fcb58819e440892efde165dd587a5e,2026-02-26 10:45:14,Week 3,10,2 – 4 hours,2,2,Never,Google Gemini,1 – 3,2,Poor internet,2,2,False,,Slightly worse,YouTube,2026-02-03 11:18:21,Karnataka,State University,BBA,3rd Year,7.0 – 8.0,2 – 4 hours,"YouTube, Coursera / Udemy / edX",2,,,,,,,,
2802,e14fc3506630213cf4dbb3dddf035e19aad46cfaf81f1761b7791f1f48a64d67,2026-02-26 10:47:11,Week 3,10,2 – 4 hours,1,2,Never,ChatGPT,1 – 3,2,Poor internet,1,1,False,,Slightly worse,YouTube,2026-02-02 12:45:31,Madhya Pradesh,Central University,B.Tech,3rd Year,8.0 – 9.0,2 – 4 hours,"ChatGPT / AI tools, WhatsApp / Telegram",2,,,,,,,,
2803,7b5c4bd7d59556f437489bc9729a8c19655b90085e45e8dff621cf66913fc521,2026-02-26 10:47:57,Week 3,10,2 – 4 hours,2,1,Never,Google Gemini,0,1,Mobile-only access,2,1,False,,Slightly worse,YouTube,2026-02-23 10:13:22,Kerala,State University,B.Tech,3rd Year,Prefer not to say,2 – 4 hours,"YouTube, NPTEL / SWAYAM, Coursera / Udemy / edX, ChatGPT / AI tools, Notion / Anki / Obsidian, College LMS, WhatsApp / Telegram, Physical notes",8,,,,,,,,
2805,3a16c6fa9dbc26f91e12cdd112bec4f2953a34f47097d3424e3f551bb022a684,2026-02-26 10:50:06,Week 3,10,0 – 2 hours,2,1,Rarely,ChatGPT,1 – 3,1,No quiet study space,2,2,False,,Much worse,YouTube,2026-01-31 18:44:48,Tamil Nadu,Private University,BBA,1st Year,6.0 – 7.0,0 – 2 hours,"YouTube, Coursera / Udemy / edX, ChatGPT / AI tools, College LMS, WhatsApp / Telegram, Physical notes",6,,,,,,,,
2806,74d72de1f5b196019d5bbe209db2b90401f5ea949cebbdda60ac6b0f71acb482,2026-02-26 10:51:30,Week 3,20,4 – 6 hours,2,2,Rarely,Google Gemini,1 – 3,2,Mobile-only access,2,2,False,,Slightly worse,YouTube,2026-02-02 12:43:28,Madhya Pradesh,Central University,B.Tech,2nd Year,6.0 – 7.0,2 – 4 hours,"YouTube, ChatGPT / AI tools",2,,,,,,,,
2807,a091d9857e1b26dac9ad43d43de3cfab7f19df9cadb73e095b0b4a74a5e9bc3d,2026-02-26 10:52:28,Week 3,30,4 – 6 hours,1,2,Rarely,"ChatGPT, Google Gemini, Microsoft Copilot, Claude",6 – 10,2,NaN,3,3,False,,Slightly worse,"YouTube, College LMS",2026-01-27 19:47:23,Tamil Nadu,Deemed University,B.Tech,4th Year,9.0+,0 – 2 hours,"YouTube, ChatGPT / AI tools, WhatsApp / Telegram",3,,,,,,,,
2808,ef4aca4b5a9ddc8cfe1cda04eef5cb540a47e603dac29e3f59b7bdd1a387191d,2026-02-26 10:53:22,Week 3,20,2 – 4 hours,2,3,Rarely,"ChatGPT, Google Gemini",1 – 3,3,NaN,2,2,False,,Slightly worse,YouTube,2026-02-02 12:52:17,Maharashtra,Private University,B.Tech,Others,6.0 – 7.0,2 – 4 hours,"YouTube, ChatGPT / AI tools",2,,,,,,,,
2809,b319601b117de5d02e9d335f82997ad5d2c20f041b094bdd7a67411b8ad1543b,2026-02-26 10:54:35,Week 3,20,2 – 4 hours,1,1,Never,ChatGPT,1 – 3,2,NaN,2,2,False,,Much worse,YouTube,2026-01-31 11:34:19,Tamil Nadu,State University,B.Tech,4th Year,8.0 – 9.0,0 – 2 hours,"YouTube, ChatGPT / AI tools, WhatsApp / Telegram",3,,,,,,,,
2810,a091d9857e1b26dac9ad43d43de3cfab7f19df9cadb73e095b0b4a74a5e9bc3d,2026-02-26 10:56:13,Week 3,10,0 – 2 hours,1,1,Never,NaN,0,1,NaN,1,1,False,,Much worse,NaN,2026-01-27 19:47:23,Tamil Nadu,Deemed University,B.Tech,4th Year,9.0+,0 – 2 hours,"YouTube, ChatGPT / AI tools, WhatsApp / Telegram",3,,,,,,,,
2811,f8041b50a2c1379ae1a539104ac8cfff2e7475d9225620826e59c80d286afe76,2026-02-26 10:56:57,Week 3,8,2 – 4 hours,1,1,Never,ChatGPT,1 – 3,2,Poor internet,2,2,False,,Much worse,NPTEL / SWAYAM,2026-01-31 18:25:54,Andhra Pradesh,Private University,B.Sc,3rd Year,7.0 – 8.0,0 – 2 hours,"YouTube, NPTEL / SWAYAM, Notion / Anki / Obsidian, College LMS, WhatsApp / Telegram",5,,,,,,,,
2812,a091d9857e1b26dac9ad43d43de3cfab7f19df9cadb73e095b0b4a74a5e9bc3d,2026-02-26 10:57:55,Week 3,19,2 – 4 hours,2,2,Rarely,Google Gemini,0,1,Mobile-only access,2,1,False,,Slightly worse,YouTube,2026-01-27 19:47:23,Tamil Nadu,Deemed University,B.Tech,4th Year,9.0+,0 – 2 hours,"YouTube, ChatGPT / AI tools, WhatsApp / Telegram",3,,,,,,,,
2813,1dd2975d45d1e27948cae456e3827e3b50778c013fecee985fb0422f4a492ba2,2026-02-26 10:58:59,Week 3,10,2 – 4 hours,1,2,Rarely,Google Gemini,3 – 6,1,Poor internet,1,2,False,,Much worse,YouTube,2026-02-19 13:17:59,Andhra Pradesh,State University,B.Tech,2nd Year,7.0 – 8.0,6+ hours,"YouTube, NPTEL / SWAYAM, Coursera / Udemy / edX, ChatGPT / AI tools, Notion / Anki / Obsidian, College LMS, WhatsApp / Telegram, Physical notes",8,,,,,,,,
2814,81ddebb1fc0e6b009a5655dea87854093d1374914f03d128e615c955c9007504,2026-02-26 10:59:46,Week 3,20,2 – 4 hours,3,2,Rarely,Google Gemini,0,2,Poor internet,1,2,False,,Much worse,YouTube,2026-01-12 20:20:23,Tamil Nadu,Private University,B.Tech,3rd Year,7.0 – 8.0,2 – 4 hours,"YouTube, ChatGPT / AI tools, WhatsApp / Telegram, Physical notes only",4,,,,,,,,
2815,1dd2975d45d1e27948cae456e3827e3b50778c013fecee985fb0422f4a492ba2,2026-02-26 11:01:22,Week 3,10,0 – 2 hours,2,1,Rarely,ChatGPT,1 – 3,3,NaN,2,2,False,,Slightly worse,YouTube,2026-02-19 13:17:59,Andhra Pradesh,State University,B.Tech,2nd Year,7.0 – 8.0,6+ hours,"YouTube, NPTEL / SWAYAM, Coursera / Udemy / edX, ChatGPT / AI tools, Notion / Anki / Obsidian, College LMS, WhatsApp / Telegram, Physical notes",8,,,,,,,,
2816,74d72de1f5b196019d5bbe209db2b90401f5ea949cebbdda60ac6b0f71acb482,2026-02-26 11:02:50,Week 3,6,0 – 2 hours,1,1,Never,ChatGPT,1 – 3,1,Poor internet,2,1,False,,Much worse,YouTube,2026-02-02 12:43:28,Madhya Pradesh,Central University,B.Tech,2nd Year,6.0 – 7.0,2 – 4 hours,"YouTube, ChatGPT / AI tools",2,,,,,,,,
2817,caf626adf6b1139006e560ca8cc80b33ca449dfd93d89557b2b5dca8a09ea07f,2026-02-26 11:03:53,Week 3,10,2 – 4 hours,1,1,Never,ChatGPT,1 – 3,2,NaN,1,2,False,,Much worse,YouTube,2026-02-23 10:06:05,Karnataka,Private University,BA,3rd Year,7.0 – 8.0,2 – 4 hours,"YouTube, NPTEL / SWAYAM, Coursera / Udemy / edX, ChatGPT / AI tools, Notion / Anki / Obsidian, WhatsApp / Telegram",6,,,,,,,,
2818,b319601b117de5d02e9d335f82997ad5d2c20f041b094bdd7a67411b8ad1543b,2026-02-26 11:05:33,Week 3,10,0 – 2 hours,1,1,Rarely,ChatGPT,1 – 3,1,NaN,2,1,False,,Much worse,YouTube,2026-01-31 11:34:19,Tamil Nadu,State University,B.Tech,4th Year,8.0 – 9.0,0 – 2 hours,"YouTube, ChatGPT / AI tools, WhatsApp / Telegram",3,,,,,,,,
2819,9c37b8db9c39e670e8422cf5afe252221762450c6f3d1f72c8ef3cdfe0a584e6,2026-02-26 11:06:33,Week 3,10,2 – 4 hours,2,1,Rarely,Microsoft Copilot,1 – 3,2,Poor internet,2,2,False,,Much worse,YouTube,2026-02-23 10:10:44,Tamil Nadu,State University,B.Sc,2nd Year,7.0 – 8.0,2 – 4 hours,"YouTube, NPTEL / SWAYAM, Coursera / Udemy / edX, ChatGPT / AI tools, College LMS",5,,,,,,,,
2820,794e3ecad2e18d7bce8d1013a9e08fe529cc63443905f9864cedec22f7a9459b,2026-02-26 11:07:47,Week 4,30,2 – 4 hours,2,3,Sometimes,"ChatGPT, Google Gemini, Microsoft Copilot",3 – 6,3,No quiet study space,3,2,False,,Slightly worse,"YouTube, College LMS",2025-12-27 12:35:23,Tamil Nadu,Deemed University,B.Tech,3rd Year,6.0 – 7.0,0 – 2 hours,"YouTube, ChatGPT / AI tools",2,,,,,,,,
2821,ad04e596e1af01ab238040c91de85cefe7f49fb2aabec57135e928a5ee02305e,2026-02-26 11:08:33,Week 4,35,2 – 4 hours,3,3,Sometimes,"ChatGPT, Google Gemini, Microsoft Copilot, Claude",3 – 6,3,NaN,3,2,False,,Slightly better,"YouTube, Physical Notes",2026-02-02 13:10:08,Karnataka,IIT / NIT,BBA,Others,7.0 – 8.0,2 – 4 hours,"YouTube, NPTEL / SWAYAM",2,,,,,,,,
2822,32b68dc8923730efba7e69129bcc4d5555495cc9359174e99e3d50570ce6de44,2026-02-26 11:09:51,Week 4,43,4 – 6 hours,3,3,Sometimes,"ChatGPT, Google Gemini, Microsoft Copilot",3 – 6,2,NaN,3,2,False,,Slightly better,"YouTube, WhatsApp / Telegram (for study purposes)",2026-01-31 14:55:58,Kerala,State University,B.Sc,1st Year,7.0 – 8.0,0 – 2 hours,"YouTube, ChatGPT / AI tools, College LMS, WhatsApp / Telegram",4,,,,,,,,
2823,86b1b7c8fd97ac6aa33f3f67e3c3652ee35ae2226cc4798385726481eea05f57,2026-02-26 11:10:57,Week 4,40,4 – 6 hours,3,3,Sometimes,"ChatGPT, Google Gemini, Microsoft Copilot, Claude",6 – 10,3,NaN,2,3,False,,Slightly better,"YouTube, WhatsApp / Telegram (for study purposes), Physical Notes",2026-01-31 18:50:27,Tamil Nadu,Central University,B.Tech,1st Year,7.0 – 8.0,0 – 2 hours,"YouTube, ChatGPT / AI tools, College LMS, WhatsApp / Telegram",4,,,,,,,,
2824,c4fc9686cc1b927682fbf989fe97901e479c7d5a214ce073d7cc6062f4682ed6,2026-02-26 11:12:09,Week 4,30,4 – 6 hours,3,2,Often,"ChatGPT, Google Gemini, Microsoft Copilot, Claude, Perplexity AI",3 – 6,3,NaN,3,2,False,,Slightly better,"YouTube, College LMS",2026-02-23 10:06:40,Andhra Pradesh,Private University,B.Com,3rd Year,6.0 – 7.0,0 – 2 hours,"Coursera / Udemy / edX, ChatGPT / AI tools, Notion / Anki / Obsidian, WhatsApp / Telegram",4,,,,,,,,
2825,3a16c6fa9dbc26f91e12cdd112bec4f2953a34f47097d3424e3f551bb022a684,2026-02-26 11:13:04,Week 4,45,4 – 6 hours,3,3,Sometimes,"ChatGPT, Google Gemini, Microsoft Copilot",3 – 6,3,NaN,2,3,False,,Slightly better,"YouTube, WhatsApp / Telegram (for study purposes)",2026-01-31 18:44:48,Tamil Nadu,Private University,BBA,1st Year,6.0 – 7.0,0 – 2 hours,"YouTube, Coursera / Udemy / edX, ChatGPT / AI tools, College LMS, WhatsApp / Telegram, Physical notes",6,,,,,,,,
2826,794e3ecad2e18d7bce8d1013a9e08fe529cc63443905f9864cedec22f7a9459b,2026-02-26 11:13:57,Week 4,40,4 – 6 hours,4,3,Sometimes,"ChatGPT, Google Gemini, Microsoft Copilot",3 – 6,2,NaN,4,3,False,,Slightly better,YouTube,2025-12-27 12:35:23,Tamil Nadu,Deemed University,B.Tech,3rd Year,6.0 – 7.0,0 – 2 hours,"YouTube, ChatGPT / AI tools",2,,,,,,,,
2827,86b1b7c8fd97ac6aa33f3f67e3c3652ee35ae2226cc4798385726481eea05f57,2026-02-26 11:14:45,Week 4,30,4 – 6 hours,2,4,Sometimes,"ChatGPT, Google Gemini, Microsoft Copilot",3 – 6,3,NaN,3,2,False,,Slightly better,"YouTube, Physical Notes",2026-01-31 18:50:27,Tamil Nadu,Central University,B.Tech,1st Year,7.0 – 8.0,0 – 2 hours,"YouTube, ChatGPT / AI tools, College LMS, WhatsApp / Telegram",4,,,,,,,,
2828,74d72de1f5b196019d5bbe209db2b90401f5ea949cebbdda60ac6b0f71acb482,2026-02-26 11:16:21,Week 4,20,2 – 4 hours,3,4,Sometimes,"ChatGPT, Google Gemini, Microsoft Copilot",3 – 6,3,NaN,2,3,False,,Slightly better,"YouTube, WhatsApp / Telegram (for study purposes)",2026-02-02 12:43:28,Madhya Pradesh,Central University,B.Tech,2nd Year,6.0 – 7.0,2 – 4 hours,"YouTube, ChatGPT / AI tools",2,,,,,,,,
2829,ef4aca4b5a9ddc8cfe1cda04eef5cb540a47e603dac29e3f59b7bdd1a387191d,2026-02-26 11:17:11,Week 4,43,4 – 6 hours,3,3,Rarely,"ChatGPT, Google Gemini, Microsoft Copilot, Claude",3 – 6,2,NaN,3,3,False,,Slightly better,"NPTEL / SWAYAM, Physical Notes",2026-02-02 12:52:17,Maharashtra,Private University,B.Tech,Others,6.0 – 7.0,2 – 4 hours,"YouTube, ChatGPT / AI tools",2,,,,,,,,
2830,e14fc3506630213cf4dbb3dddf035e19aad46cfaf81f1761b7791f1f48a64d67,2026-02-26 11:18:19,Week 4,45,4 – 6 hours,4,3,Rarely,"ChatGPT, Google Gemini, Microsoft Copilot",3 – 6,3,NaN,2,3,False,,Slightly better,YouTube,2026-02-02 12:45:31,Madhya Pradesh,Central University,B.Tech,3rd Year,8.0 – 9.0,2 – 4 hours,"ChatGPT / AI tools, WhatsApp / Telegram",2,,,,,,,,
2831,3a16c6fa9dbc26f91e12cdd112bec4f2953a34f47097d3424e3f551bb022a684,2026-02-26 11:19:46,Week 4,42,4 – 6 hours,3,3,Sometimes,"ChatGPT, Google Gemini, Microsoft Copilot",6 – 10,2,NaN,3,3,False,,Slightly better,"YouTube, Physical Notes",2026-01-31 18:44:48,Tamil Nadu,Private University,BBA,1st Year,6.0 – 7.0,0 – 2 hours,"YouTube, Coursera / Udemy / edX, ChatGPT / AI tools, College LMS, WhatsApp / Telegram, Physical notes",6,,,,,,,,
2832,f72f420debc36def28125c58c71822ce49043914a9406e73923965f87c8cb669,2026-02-26 11:20:45,Week 4,41,4 – 6 hours,3,2,Sometimes,"ChatGPT, Google Gemini, Microsoft Copilot, Claude",3 – 6,3,NaN,4,3,False,,Slightly better,"YouTube, Physical Notes",2026-01-12 23:37:58,Karnataka,Private University,BA,3rd Year,8.0 – 9.0,0 – 2 hours,"YouTube, ChatGPT / AI tools, WhatsApp / Telegram, Physical notes only",4,,,,,,,,
2833,c4fc9686cc1b927682fbf989fe97901e479c7d5a214ce073d7cc6062f4682ed6,2026-02-26 11:21:36,Week 4,46,4 – 6 hours,3,3,Sometimes,"ChatGPT, Google Gemini, Microsoft Copilot",6 – 10,3,NaN,3,3,False,,Slightly better,"YouTube, Physical Notes",2026-02-23 10:06:40,Andhra Pradesh,Private University,B.Com,3rd Year,6.0 – 7.0,0 – 2 hours,"Coursera / Udemy / edX, ChatGPT / AI tools, Notion / Anki / Obsidian, WhatsApp / Telegram",4,,,,,,,,
2834,97b26b3698560201c1218be1d50871d93f4ae1f4a79deeb268b0ba686e43fdeb,2026-02-26 11:22:26,Week 4,35,4 – 6 hours,3,3,Rarely,"ChatGPT, Google Gemini, Microsoft Copilot, Claude",3 – 6,3,NaN,2,3,False,,Slightly better,College LMS,2025-12-26 07:18:01,Tamil Nadu,Deemed University,B.Tech,3rd Year,8.0 – 9.0,0 – 2 hours,"ChatGPT / AI tools, College LMS, WhatsApp / Telegram",3,,,,,,,,
2835,9f7b57d47f3cd447af0a85a35c1ce5b1287d471159595088cd7493a849b93059,2026-02-26 11:23:50,Week 4,43,4 – 6 hours,3,2,Sometimes,"ChatGPT, Google Gemini, Microsoft Copilot, Claude",3 – 6,2,NaN,4,4,False,,Slightly better,"YouTube, Physical Notes",2026-02-02 12:38:26,Punjab,Central University,B.Tech,1st Year,6.0 – 7.0,4 – 6 hours,"YouTube, NPTEL / SWAYAM, Coursera / Udemy / edX, ChatGPT / AI tools, College LMS, WhatsApp / Telegram",6,,,,,,,,
2836,e9f047d3c2da21e5de56f3abab5c156cedf45843e25e1cc9c00e542a0848fb89,2026-02-26 11:24:37,Week 4,35,4 – 6 hours,2,3,Rarely,"ChatGPT, Google Gemini, Microsoft Copilot",1 – 3,2,NaN,3,4,False,,Slightly worse,"YouTube, Physical Notes",2026-02-23 10:04:41,Andhra Pradesh,Central University,B.Tech,2nd Year,7.0 – 8.0,0 – 2 hours,"YouTube, NPTEL / SWAYAM, Coursera / Udemy / edX, Notion / Anki / Obsidian, WhatsApp / Telegram",5,,,,,,,,
2837,6cdee50dedfbbd1a46317cf81321165ab42071b577d2f1514daac32cb4160095,2026-02-26 11:26:41,Week 4,34,2 – 4 hours,2,3,Sometimes,"ChatGPT, Google Gemini, Microsoft Copilot, Claude, Perplexity AI",3 – 6,3,NaN,3,3,False,,Slightly better,"YouTube, Physical Notes",2026-02-02 12:39:28,Gujarat,Private University,B.Tech,3rd Year,8.0 – 9.0,6+ hours,NaN,1,,,,,,,,
2838,7b5c4bd7d59556f437489bc9729a8c19655b90085e45e8dff621cf66913fc521,2026-02-26 11:27:38,Week 4,35,4 – 6 hours,3,3,Sometimes,"ChatGPT, Google Gemini, Microsoft Copilot",3 – 6,3,NaN,2,2,False,,Slightly better,"YouTube, Physical Notes",2026-02-23 10:13:22,Kerala,State University,B.Tech,3rd Year,Prefer not to say,2 – 4 hours,"YouTube, NPTEL / SWAYAM, Coursera / Udemy / edX, ChatGPT / AI tools, Notion / Anki / Obsidian, College LMS, WhatsApp / Telegram, Physical notes",8,,,,,,,,
2839,f5df30de694992a770d857d674587e781574c81ffc40be127f93b6a3d3a95f48,2026-02-26 11:28:27,Week 4,34,2 – 4 hours,2,2,Sometimes,"ChatGPT, Google Gemini, Microsoft Copilot",6 – 10,3,NaN,3,3,False,,Slightly worse,"YouTube, WhatsApp / Telegram (for study purposes)",2026-02-23 10:05:11,Andhra Pradesh,State University,B.Sc,3rd Year,Prefer not to say,2 – 4 hours,"YouTube, Coursera / Udemy / edX, Notion / Anki / Obsidian, WhatsApp / Telegram, Physical notes",5,,,,,,,,
2840,1dd2975d45d1e27948cae456e3827e3b50778c013fecee985fb0422f4a492ba2,2026-02-26 11:29:18,Week 4,35,4 – 6 hours,3,3,Rarely,"ChatGPT, Google Gemini, Microsoft Copilot, Claude",3 – 6,2,NaN,2,3,False,,Slightly better,"YouTube, Physical Notes",2026-02-19 13:17:59,Andhra Pradesh,State University,B.Tech,2nd Year,7.0 – 8.0,6+ hours,"YouTube, NPTEL / SWAYAM, Coursera / Udemy / edX, ChatGPT / AI tools, Notion / Anki / Obsidian, College LMS, WhatsApp / Telegram, Physical notes",8,,,,,,,,
2841,1ad669ada84e5263e09135c0723aae8e30fcb58819e440892efde165dd587a5e,2026-02-26 11:30:03,Week 4,45,4 – 6 hours,3,2,Sometimes,"ChatGPT, Google Gemini, Microsoft Copilot",3 – 6,3,NaN,2,3,False,,Slightly worse,"YouTube, WhatsApp / Telegram (for study purposes)",2026-02-03 11:18:21,Karnataka,State University,BBA,3rd Year,7.0 – 8.0,2 – 4 hours,"YouTube, Coursera / Udemy / edX",2,,,,,,,,
2842,ad04e596e1af01ab238040c91de85cefe7f49fb2aabec57135e928a5ee02305e,2026-02-26 11:30:50,Week 4,45,4 – 6 hours,3,2,Sometimes,"ChatGPT, Google Gemini, Microsoft Copilot",6 – 10,2,NaN,2,3,False,,Slightly better,"YouTube, Physical Notes",2026-02-02 13:10:08,Karnataka,IIT / NIT,BBA,Others,7.0 – 8.0,2 – 4 hours,"YouTube, NPTEL / SWAYAM",2,,,,,,,,
2843,a091d9857e1b26dac9ad43d43de3cfab7f19df9cadb73e095b0b4a74a5e9bc3d,2026-02-26 11:31:43,Week 4,34,4 – 6 hours,3,3,Sometimes,"ChatGPT, Google Gemini, Microsoft Copilot, Claude, Perplexity AI",3 – 6,4,NaN,3,2,False,,Slightly better,"YouTube, Physical Notes",2026-01-27 19:47:23,Tamil Nadu,Deemed University,B.Tech,4th Year,9.0+,0 – 2 hours,"YouTube, ChatGPT / AI tools, WhatsApp / Telegram",3,,,,,,,,
2844,6cdee50dedfbbd1a46317cf81321165ab42071b577d2f1514daac32cb4160095,2026-02-26 11:32:30,Week 4,45,4 – 6 hours,4,2,Sometimes,"ChatGPT, Google Gemini, Microsoft Copilot",3 – 6,3,NaN,2,3,False,,Slightly better,"YouTube, Physical Notes",2026-02-02 12:39:28,Gujarat,Private University,B.Tech,3rd Year,8.0 – 9.0,6+ hours,NaN,1,,,,,,,,
2845,8ded4921661c4a18e633a572258dbd0f9a2c004f4aa3e9e2057a670d47566de6,2026-02-26 11:33:22,Week 4,46,4 – 6 hours,3,2,Sometimes,"ChatGPT, Google Gemini, Microsoft Copilot, QuillBot",3 – 6,3,NaN,2,2,False,,Slightly better,"YouTube, College LMS",2026-02-03 11:19:03,Kerala,Private University,B.Sc,3rd Year,Prefer not to say,2 – 4 hours,"NPTEL / SWAYAM, WhatsApp / Telegram, Physical notes",3,,,,,,,,
2846,e14fc3506630213cf4dbb3dddf035e19aad46cfaf81f1761b7791f1f48a64d67,2026-02-26 11:34:07,Week 4,33,2 – 4 hours,3,2,Sometimes,"ChatGPT, Google Gemini, Microsoft Copilot, Grammarly, QuillBot",3 – 6,3,NaN,3,3,False,,Slightly better,"YouTube, College LMS",2026-02-02 12:45:31,Madhya Pradesh,Central University,B.Tech,3rd Year,8.0 – 9.0,2 – 4 hours,"ChatGPT / AI tools, WhatsApp / Telegram",2,,,,,,,,
2847,e8386eec4c2f671d625ec0a877e0c9af57a196443df6751cfd908bc4bb188c51,2026-02-26 11:34:51,Week 4,43,4 – 6 hours,3,2,Sometimes,"ChatGPT, Google Gemini, Grammarly, QuillBot",3 – 6,2,NaN,3,3,False,,Slightly better,"YouTube, WhatsApp / Telegram (for study purposes)",2026-01-31 18:42:45,Kerala,State University,B.Com,2nd Year,Prefer not to say,2 – 4 hours,"YouTube, NPTEL / SWAYAM, Coursera / Udemy / edX, Notion / Anki / Obsidian, Physical notes",5,,,,,,,,
2848,27d91473394ea1f8f97a8f1740492902f4ab1abbfe0b003e4536904eaba6dca0,2026-02-26 11:35:36,Week 4,42,4 – 6 hours,3,3,Often,"ChatGPT, Google Gemini, GitHub Copilot",6 – 10,3,NaN,2,3,False,,Slightly better,"YouTube, WhatsApp / Telegram (for study purposes)",2026-01-31 18:43:28,Tamil Nadu,IIT / NIT,B.Tech,3rd Year,7.0 – 8.0,2 – 4 hours,"YouTube, NPTEL / SWAYAM, Coursera / Udemy / edX, ChatGPT / AI tools, Notion / Anki / Obsidian, College LMS, WhatsApp / Telegram, Physical notes",8,,,,,,,,
2849,384ceb85e96e6aa2ecda396e81a782b00f64a547b8639cec5570f556cec3c71d,2026-02-26 11:36:40,Week 4,46,4 – 6 hours,3,3,Rarely,"ChatGPT, Google Gemini, Microsoft Copilot, Claude, Perplexity AI, QuillBot, GitHub Copilot",3 – 6,3,NaN,3,3,False,,Slightly better,"YouTube, College LMS",2026-02-23 10:05:39,Kerala,Private University,B.Com,2nd Year,8.0 – 9.0,4 – 6 hours,"NPTEL / SWAYAM, Coursera / Udemy / edX, College LMS, Physical notes",4,,,,,,,,
2850,b319601b117de5d02e9d335f82997ad5d2c20f041b094bdd7a67411b8ad1543b,2026-02-26 11:37:27,Week 4,44,4 – 6 hours,3,3,Sometimes,"ChatGPT, Google Gemini, Microsoft Copilot",3 – 6,2,NaN,3,3,False,,Slightly better,"YouTube, WhatsApp / Telegram (for study purposes), Physical Notes",2026-01-31 11:34:19,Tamil Nadu,State University,B.Tech,4th Year,8.0 – 9.0,0 – 2 hours,"YouTube, ChatGPT / AI tools, WhatsApp / Telegram",3,,,,,,,,
2851,74d72de1f5b196019d5bbe209db2b90401f5ea949cebbdda60ac6b0f71acb482,2026-02-26 11:38:16,Week 4,32,4 – 6 hours,2,2,Sometimes,"ChatGPT, Google Gemini, Microsoft Copilot",3 – 6,3,NaN,3,1,False,,Slightly better,"YouTube, Physical Notes",2026-02-02 12:43:28,Madhya Pradesh,Central University,B.Tech,2nd Year,6.0 – 7.0,2 – 4 hours,"YouTube, ChatGPT / AI tools",2,,,,,,,,
2852,86b1b7c8fd97ac6aa33f3f67e3c3652ee35ae2226cc4798385726481eea05f57,2026-02-26 11:39:09,Week 4,43,4 – 6 hours,3,2,Sometimes,"ChatGPT, Google Gemini, Microsoft Copilot",1 – 3,2,NaN,2,2,False,,Slightly better,"YouTube, WhatsApp / Telegram (for study purposes)",2026-01-31 18:50:27,Tamil Nadu,Central University,B.Tech,1st Year,7.0 – 8.0,0 – 2 hours,"YouTube, ChatGPT / AI tools, College LMS, WhatsApp / Telegram",4,,,,,,,,
2853,c4fc9686cc1b927682fbf989fe97901e479c7d5a214ce073d7cc6062f4682ed6,2026-02-26 11:39:55,Week 4,44,4 – 6 hours,3,3,Rarely,"ChatGPT, Google Gemini, Microsoft Copilot",3 – 6,4,NaN,3,3,False,,Slightly better,"YouTube, WhatsApp / Telegram (for study purposes)",2026-02-23 10:06:40,Andhra Pradesh,Private University,B.Com,3rd Year,6.0 – 7.0,0 – 2 hours,"Coursera / Udemy / edX, ChatGPT / AI tools, Notion / Anki / Obsidian, WhatsApp / Telegram",4,,,,,,,,
2854,e14fc3506630213cf4dbb3dddf035e19aad46cfaf81f1761b7791f1f48a64d67,2026-02-26 11:40:43,Week 4,44,4 – 6 hours,3,3,Sometimes,"ChatGPT, Google Gemini, Microsoft Copilot",3 – 6,3,NaN,3,2,False,,Slightly better,"YouTube, WhatsApp / Telegram (for study purposes)",2026-02-02 12:45:31,Madhya Pradesh,Central University,B.Tech,3rd Year,8.0 – 9.0,2 – 4 hours,"ChatGPT / AI tools, WhatsApp / Telegram",2,,,,,,,,
2855,1ad669ada84e5263e09135c0723aae8e30fcb58819e440892efde165dd587a5e,2026-02-26 11:41:27,Week 4,33,2 – 4 hours,3,2,Sometimes,"ChatGPT, Google Gemini, Microsoft Copilot",3 – 6,2,NaN,4,1,False,,Slightly better,"YouTube, WhatsApp / Telegram (for study purposes)",2026-02-03 11:18:21,Karnataka,State University,BBA,3rd Year,7.0 – 8.0,2 – 4 hours,"YouTube, Coursera / Udemy / edX",2,,,,,,,,
2856,7b5c4bd7d59556f437489bc9729a8c19655b90085e45e8dff621cf66913fc521,2026-02-26 11:42:25,Week 4,47,4 – 6 hours,3,3,Rarely,"ChatGPT, Google Gemini, Microsoft Copilot",3 – 6,2,NaN,3,3,False,,Slightly better,"YouTube, WhatsApp / Telegram (for study purposes)",2026-02-23 10:13:22,Kerala,State University,B.Tech,3rd Year,Prefer not to say,2 – 4 hours,"YouTube, NPTEL / SWAYAM, Coursera / Udemy / edX, ChatGPT / AI tools, Notion / Anki / Obsidian, College LMS, WhatsApp / Telegram, Physical notes",8,,,,,,,,
2857,b7c45e43b3e4defcfa15c66053995acfb95306f516892ea504b4a561e64a85b9,2026-02-26 11:43:07,Week 4,55,4 – 6 hours,3,4,Rarely,"ChatGPT, Google Gemini, Microsoft Copilot, Claude",6 – 10,3,NaN,3,3,False,,Slightly better,"YouTube, WhatsApp / Telegram (for study purposes)",2026-01-31 18:40:13,Tamil Nadu,IIT / NIT,B.Sc,2nd Year,6.0 – 7.0,0 – 2 hours,"YouTube, NPTEL / SWAYAM, ChatGPT / AI tools",3,,,,,,,,
2858,a0844c331d7454600df29956fea1f640e9035aa0e376172eded377ff472dedbe,2026-02-26 11:44:03,Week 4,54,4 – 6 hours,3,3,Rarely,"ChatGPT, Google Gemini, Microsoft Copilot",1 – 3,4,NaN,3,3,False,,Slightly better,"YouTube, WhatsApp / Telegram (for study purposes)",2026-01-31 18:46:52,Karnataka,Central University,B.Sc,1st Year,7.0 – 8.0,2 – 4 hours,"NPTEL / SWAYAM, Coursera / Udemy / edX, ChatGPT / AI tools, College LMS, WhatsApp / Telegram, Physical notes",6,,,,,,,,
2859,132137538b93be89ed6c9815b322a7a0f58530b8c229d1809265140f5cb8c398,2026-02-26 11:45:19,Week 4,50,4 – 6 hours,3,3,Rarely,"ChatGPT, Google Gemini, Microsoft Copilot, Claude, Perplexity AI",1 – 3,2,NaN,3,4,False,,Slightly better,"YouTube, WhatsApp / Telegram (for study purposes), Physical Notes",2026-01-13 19:44:22,Tamil Nadu,Deemed University,B.Tech,3rd Year,7.0 – 8.0,2 – 4 hours,"YouTube, ChatGPT / AI tools",2,,,,,,,,
2860,caf626adf6b1139006e560ca8cc80b33ca449dfd93d89557b2b5dca8a09ea07f,2026-02-26 11:46:12,Week 4,33,2 – 4 hours,2,3,Sometimes,"ChatGPT, Google Gemini, Microsoft Copilot",3 – 6,2,NaN,4,3,False,,Slightly better,"YouTube, WhatsApp / Telegram (for study purposes), Physical Notes",2026-02-23 10:06:05,Karnataka,Private University,BA,3rd Year,7.0 – 8.0,2 – 4 hours,"YouTube, NPTEL / SWAYAM, Coursera / Udemy / edX, ChatGPT / AI tools, Notion / Anki / Obsidian, WhatsApp / Telegram",6,,,,,,,,
2861,9f7b57d47f3cd447af0a85a35c1ce5b1287d471159595088cd7493a849b93059,2026-02-26 11:47:09,Week 4,44,4 – 6 hours,2,3,Rarely,"ChatGPT, Google Gemini, Microsoft Copilot, Claude",3 – 6,3,NaN,3,2,False,,Slightly better,"YouTube, Physical Notes",2026-02-02 12:38:26,Punjab,Central University,B.Tech,1st Year,6.0 – 7.0,4 – 6 hours,"YouTube, NPTEL / SWAYAM, Coursera / Udemy / edX, ChatGPT / AI tools, College LMS, WhatsApp / Telegram",6,,,,,,,,
2862,49c29b44c0f2dba949371e3de5aaea4ace47ef333c771bda5ab86551a01e7a7d,2026-02-26 11:47:59,Week 4,44,4 – 6 hours,3,3,Often,"ChatGPT, Google Gemini, Microsoft Copilot, Claude",3 – 6,3,NaN,3,3,False,,Slightly better,"YouTube, WhatsApp / Telegram (for study purposes)",2026-02-02 12:49:39,Uttar Pradesh,Central University,B.Tech,Others,8.0 – 9.0,2 – 4 hours,"YouTube, ChatGPT / AI tools",2,,,,,,,,
2863,1ad669ada84e5263e09135c0723aae8e30fcb58819e440892efde165dd587a5e,2026-02-26 11:48:57,Week 4,41,4 – 6 hours,3,2,Sometimes,"ChatGPT, Google Gemini, Microsoft Copilot, Claude",3 – 6,3,NaN,4,3,False,,Slightly better,"YouTube, WhatsApp / Telegram (for study purposes)",2026-02-03 11:18:21,Karnataka,State University,BBA,3rd Year,7.0 – 8.0,2 – 4 hours,"YouTube, Coursera / Udemy / edX",2,,,,,,,,
2864,26234105c87439e0dc4fb999632d3a5406775cc0728c26840e4a6b26d071341b,2026-02-26 11:50:14,Week 4,33,2 – 4 hours,2,3,Rarely,"ChatGPT, Google Gemini, Microsoft Copilot",3 – 6,1,NaN,2,2,False,,Slightly better,"YouTube, College LMS",2026-01-12 20:18:58,Tamil Nadu,Private University,B.Tech,2nd Year,6.0 – 7.0,0 – 2 hours,"YouTube, ChatGPT / AI tools, College LMS",3,,,,,,,,
2865,8bfc27000534160835a23ec100f95667b3894c6b3e90a6027721d3322ad782dc,2026-02-26 11:51:05,Week 4,44,4 – 6 hours,2,3,Sometimes,"ChatGPT, Google Gemini, Microsoft Copilot",3 – 6,3,NaN,2,2,False,,Slightly better,"YouTube, College LMS, WhatsApp / Telegram (for study purposes)",2026-02-05 21:46:59,Telangana,Private University,B.Tech,3rd Year,9.0+,0 – 2 hours,"YouTube, ChatGPT / AI tools, Physical notes",3,,,,,,,,
2866,384ceb85e96e6aa2ecda396e81a782b00f64a547b8639cec5570f556cec3c71d,2026-02-26 11:51:53,Week 4,43,4 – 6 hours,3,2,Sometimes,"ChatGPT, Google Gemini, Microsoft Copilot",3 – 6,2,NaN,3,2,False,,Slightly better,"YouTube, WhatsApp / Telegram (for study purposes)",2026-02-23 10:05:39,Kerala,Private University,B.Com,2nd Year,8.0 – 9.0,4 – 6 hours,"NPTEL / SWAYAM, Coursera / Udemy / edX, College LMS, Physical notes",4,,,,,,,,
2867,8bfc27000534160835a23ec100f95667b3894c6b3e90a6027721d3322ad782dc,2026-02-26 11:52:52,Week 4,45,4 – 6 hours,2,2,Sometimes,"ChatGPT, QuillBot",3 – 6,3,NaN,3,3,False,,Slightly better,"YouTube, College LMS",2026-02-05 21:46:59,Telangana,Private University,B.Tech,3rd Year,9.0+,0 – 2 hours,"YouTube, ChatGPT / AI tools, Physical notes",3,,,,,,,,
2868,48cdb835c278ac6b10eed195f85632896d3be15d20d75197a0b916b2395939a6,2026-02-26 11:53:38,Week 4,44,2 – 4 hours,3,3,Rarely,"ChatGPT, Google Gemini, Microsoft Copilot, Claude",3 – 6,3,NaN,3,2,False,,Slightly better,"YouTube, WhatsApp / Telegram (for study purposes)",2026-01-27 00:18:46,Telangana,IIT / NIT,B.Sc,3rd Year,7.0 – 8.0,0 – 2 hours,"YouTube, NPTEL / SWAYAM, ChatGPT / AI tools, WhatsApp / Telegram, Physical notes only",5,,,,,,,,
2869,d2db0cecaf1edf2f34e8fcb492052acd27453600c6cc493e25700d9c3b289761,2026-02-26 16:28:05,Week 1,0,0 – 2 hours,1,1,Never,"ChatGPT, Google Gemini, Microsoft Copilot",1 – 3,4,Health / stress issues,1,2,False,,About the same,YouTube,2026-02-02 12:56:07,Uttar Pradesh,IIT / NIT,Other,2nd Year,Prefer not to say,2 – 4 hours,"YouTube, Coursera / Udemy / edX",2,,,,,,,,
2870,8ded4921661c4a18e633a572258dbd0f9a2c004f4aa3e9e2057a670d47566de6,2026-03-01 20:17:48,Week 6,5,0 – 2 hours,4,1,Never,ChatGPT,3 – 6,4,NaN,4,4,False,,About the same,WhatsApp / Telegram (for study purposes),2026-02-03 11:19:03,Kerala,Private University,B.Sc,3rd Year,Prefer not to say,2 – 4 hours,"NPTEL / SWAYAM, WhatsApp / Telegram, Physical notes",3,,,,,,,,
2871,74d72de1f5b196019d5bbe209db2b90401f5ea949cebbdda60ac6b0f71acb482,2026-03-05 16:57:48,Week 1,7,2 – 4 hours,2,2,Never,"ChatGPT, Google Gemini, Claude, QuillBot",3 – 6,2,"No quiet study space, Health / stress issues",2,2,False,70.0,Much worse,NaN,2026-02-02 12:43:28,Madhya Pradesh,Central University,B.Tech,2nd Year,6.0 – 7.0,2 – 4 hours,"YouTube, ChatGPT / AI tools",2,,,,,,,,
2872,d2db0cecaf1edf2f34e8fcb492052acd27453600c6cc493e25700d9c3b289761,2026-03-05 16:58:48,Week 1,4,2 – 4 hours,3,3,Sometimes,"ChatGPT, Google Gemini",3 – 6,3,Mobile-only access,2,2,False,,Slightly worse,College LMS,2026-02-02 12:56:07,Uttar Pradesh,IIT / NIT,Other,2nd Year,Prefer not to say,2 – 4 hours,"YouTube, Coursera / Udemy / edX",2,,,,,,,,
2873,3a16c6fa9dbc26f91e12cdd112bec4f2953a34f47097d3424e3f551bb022a684,2026-03-05 16:59:42,Week 1,4,2 – 4 hours,3,2,Rarely,"ChatGPT, Google Gemini",1 – 3,2,"Poor internet, Mobile-only access",2,2,False,,Slightly worse,"NPTEL / SWAYAM, College LMS",2026-01-31 18:44:48,Tamil Nadu,Private University,BBA,1st Year,6.0 – 7.0,0 – 2 hours,"YouTube, Coursera / Udemy / edX, ChatGPT / AI tools, College LMS, WhatsApp / Telegram, Physical notes",6,,,,,,,,
2874,ace8e293cc91c35e822f9101bc4e97d2ad904d1e130b4402fd6a6642f245665e,2026-03-05 17:00:39,Week 1,3,2 – 4 hours,2,3,Rarely,"ChatGPT, Google Gemini",3 – 6,2,"Mobile-only access, No quiet study space",2,2,False,,Slightly worse,"YouTube, NPTEL / SWAYAM, Coursera / Udemy / edX",2026-02-23 10:12:43,Kerala,State University,B.Tech,2nd Year,6.0 – 7.0,0 – 2 hours,"NPTEL / SWAYAM, Notion / Anki / Obsidian",2,,,,,,,,
2875,b9c03c59028b4485073ac377b7c14dfe728898b0dccd931ebc2eea5d5b1d746a,2026-03-05 17:01:25,Week 1,3,2 – 4 hours,2,2,Rarely,"ChatGPT, Google Gemini",1 – 3,2,"Poor internet, Mobile-only access",2,2,False,,Slightly worse,"YouTube, NPTEL / SWAYAM, Coursera / Udemy / edX",2025-12-27 14:52:29,Tamil Nadu,Central University,B.Tech,3rd Year,8.0 – 9.0,2 – 4 hours,"ChatGPT / AI tools, College LMS, WhatsApp / Telegram",3,,,,,,,,
2876,8bfc27000534160835a23ec100f95667b3894c6b3e90a6027721d3322ad782dc,2026-03-05 17:03:10,Week 2,6,2 – 4 hours,2,2,Sometimes,"ChatGPT, Google Gemini, Claude",3 – 6,3,"Poor internet, Mobile-only access, No quiet study space",3,3,False,,About the same,"YouTube, NPTEL / SWAYAM, College LMS",2026-02-05 21:46:59,Telangana,Private University,B.Tech,3rd Year,9.0+,0 – 2 hours,"YouTube, ChatGPT / AI tools, Physical notes",3,,,,,,,,
2877,f8041b50a2c1379ae1a539104ac8cfff2e7475d9225620826e59c80d286afe76,2026-03-05 17:04:26,Week 2,13,2 – 4 hours,3,4,Often,"ChatGPT, Google Gemini",6 – 10,5,"No quiet study space, Health / stress issues, None",5,5,False,,Slightly better,"YouTube, NPTEL / SWAYAM",2026-01-31 18:25:54,Andhra Pradesh,Private University,B.Sc,3rd Year,7.0 – 8.0,0 – 2 hours,"YouTube, NPTEL / SWAYAM, Notion / Anki / Obsidian, College LMS, WhatsApp / Telegram",5,,,,,,,,
2878,9c37b8db9c39e670e8422cf5afe252221762450c6f3d1f72c8ef3cdfe0a584e6,2026-03-05 17:05:29,Week 1,30,4 – 6 hours,4,4,Always,"ChatGPT, Claude, Canva AI",6 – 10,3,Health / stress issues,3,3,False,80.0,Slightly worse,YouTube,2026-02-23 10:10:44,Tamil Nadu,State University,B.Sc,2nd Year,7.0 – 8.0,2 – 4 hours,"YouTube, NPTEL / SWAYAM, Coursera / Udemy / edX, ChatGPT / AI tools, College LMS",5,,,,,,,,
2879,781a9f368166d71405348c3b65fa0645e7cab12d017be1e369eb8d7a5cd5fb1d,2026-03-05 17:06:14,Week 2,20,6+ hours,5,5,Often,"ChatGPT, Google Gemini",6 – 10,4,"Poor internet, Mobile-only access",4,4,False,,Slightly better,"YouTube, NPTEL / SWAYAM, Coursera / Udemy / edX",2026-02-02 12:40:04,Maharashtra,IIT / NIT,B.Com,4th Year,7.0 – 8.0,2 – 4 hours,"YouTube, NPTEL / SWAYAM, Coursera / Udemy / edX, ChatGPT / AI tools, Notion / Anki / Obsidian, College LMS, WhatsApp / Telegram, Physical notes",8,,,,,,,,
2880,c4fc9686cc1b927682fbf989fe97901e479c7d5a214ce073d7cc6062f4682ed6,2026-03-05 17:07:04,Week 2,20,6+ hours,5,5,Sometimes,"ChatGPT, Google Gemini, Microsoft Copilot, Claude",6 – 10,4,"Poor internet, Mobile-only access",5,5,False,,About the same,"YouTube, College LMS",2026-02-23 10:06:40,Andhra Pradesh,Private University,B.Com,3rd Year,6.0 – 7.0,0 – 2 hours,"Coursera / Udemy / edX, ChatGPT / AI tools, Notion / Anki / Obsidian, WhatsApp / Telegram",4,,,,,,,,
2881,f8ecea41f5799921e46e5d82b8d41d92dba1fca7a66ca63506cc3c0aab382672,2026-03-05 17:07:50,Week 3,3,0 – 2 hours,2,1,Never,"ChatGPT, Google Gemini",1 – 3,1,Poor internet,1,1,False,,Much worse,College LMS,2026-01-27 17:56:30,Uttar Pradesh,Central University,B.Tech,4th Year,7.0 – 8.0,4 – 6 hours,"YouTube, NPTEL / SWAYAM, Coursera / Udemy / edX, ChatGPT / AI tools, Notion / Anki / Obsidian",5,,,,,,,,
2882,c4fc9686cc1b927682fbf989fe97901e479c7d5a214ce073d7cc6062f4682ed6,2026-03-05 17:08:35,Week 3,2,0 – 2 hours,2,2,Rarely,Google Gemini,1 – 3,2,"Mobile-only access, No quiet study space",2,1,False,,Slightly worse,Coursera / Udemy / edX,2026-02-23 10:06:40,Andhra Pradesh,Private University,B.Com,3rd Year,6.0 – 7.0,0 – 2 hours,"Coursera / Udemy / edX, ChatGPT / AI tools, Notion / Anki / Obsidian, WhatsApp / Telegram",4,,,,,,,,
2883,a091d9857e1b26dac9ad43d43de3cfab7f19df9cadb73e095b0b4a74a5e9bc3d,2026-03-05 17:08:36,Week 1,39,4 – 6 hours,4,3,Sometimes,"ChatGPT, Claude",6 – 10,4,Poor internet,4,4,False,,Slightly better,"YouTube, College LMS",2026-01-27 19:47:23,Tamil Nadu,Deemed University,B.Tech,4th Year,9.0+,0 – 2 hours,"YouTube, ChatGPT / AI tools, WhatsApp / Telegram",3,,,,,,,,
2884,132137538b93be89ed6c9815b322a7a0f58530b8c229d1809265140f5cb8c398,2026-03-05 17:09:59,Week 3,5,0 – 2 hours,2,2,Rarely,Google Gemini,1 – 3,2,Poor internet,2,3,False,,Much worse,NPTEL / SWAYAM,2026-01-13 19:44:22,Tamil Nadu,Deemed University,B.Tech,3rd Year,7.0 – 8.0,2 – 4 hours,"YouTube, ChatGPT / AI tools",2,,,,,,,,
2885,c4fc9686cc1b927682fbf989fe97901e479c7d5a214ce073d7cc6062f4682ed6,2026-03-05 17:10:05,Week 1,22,4 – 6 hours,4,4,Never,"ChatGPT, Google Gemini",6 – 10,4,Poor internet,4,3,False,66.0,About the same,NPTEL / SWAYAM,2026-02-23 10:06:40,Andhra Pradesh,Private University,B.Com,3rd Year,6.0 – 7.0,0 – 2 hours,"Coursera / Udemy / edX, ChatGPT / AI tools, Notion / Anki / Obsidian, WhatsApp / Telegram",4,,,,,,,,
2886,cf47f395a464caa7ab1da1745c2d650002296d75e8eac41561b430a83f4382f8,2026-03-05 17:11:27,Week 3,3,2 – 4 hours,1,2,Rarely,"Claude, QuillBot",1 – 3,3,"Poor internet, Mobile-only access, No quiet study space, Health / stress issues, None",2,2,False,,Slightly worse,"Notion / Anki / Obsidian, Physical Notes",2026-01-31 18:49:58,Tamil Nadu,Central University,B.Sc,3rd Year,7.0 – 8.0,2 – 4 hours,"YouTube, NPTEL / SWAYAM, Coursera / Udemy / edX, ChatGPT / AI tools, Notion / Anki / Obsidian",5,,,,,,,,
2887,1ad669ada84e5263e09135c0723aae8e30fcb58819e440892efde165dd587a5e,2026-03-05 17:11:45,Week 2,35,4 – 6 hours,4,4,Often,"ChatGPT, Perplexity AI",6 – 10,4,Mobile-only access,4,4,False,75.0,About the same,"YouTube, NPTEL / SWAYAM",2026-02-03 11:18:21,Karnataka,State University,BBA,3rd Year,7.0 – 8.0,2 – 4 hours,"YouTube, Coursera / Udemy / edX",2,,,,,,,,
2888,bed0f2897fdcff9c379616ea83849b1ca59a967db6315c91cd8fcf4fcf4c7216,2026-03-05 17:13:19,Week 3,8,2 – 4 hours,2,3,Never,"ChatGPT, Google Gemini, Microsoft Copilot, Claude, Perplexity AI, Grammarly, QuillBot, Notion AI, Jasper AI, GitHub Copilot, Codeium, Replit AI, Tabnine, Canva AI, DALL·E, Midjourney, Adobe Firefly, Khanmigo (Khan Academy AI)",1 – 3,1,"Poor internet, Mobile-only access, No quiet study space, Health / stress issues",1,1,False,,Much worse,"YouTube, NPTEL / SWAYAM, Coursera / Udemy / edX, College LMS, Notion / Anki / Obsidian, WhatsApp / Telegram (for study purposes), Physical Notes",2026-01-31 18:46:23,Andhra Pradesh,State University,B.Sc,2nd Year,7.0 – 8.0,2 – 4 hours,"YouTube, NPTEL / SWAYAM, WhatsApp / Telegram",3,,,,,,,,
2889,ace8e293cc91c35e822f9101bc4e97d2ad904d1e130b4402fd6a6642f245665e,2026-03-05 17:14:13,Week 2,49,4 – 6 hours,5,4,Often,"ChatGPT, Google Gemini",6 – 10,4,"Poor internet, Health / stress issues",4,5,False,70.0,Much better,"YouTube, NPTEL / SWAYAM",2026-02-23 10:12:43,Kerala,State University,B.Tech,2nd Year,6.0 – 7.0,0 – 2 hours,"NPTEL / SWAYAM, Notion / Anki / Obsidian",2,,,,,,,,
2890,384ceb85e96e6aa2ecda396e81a782b00f64a547b8639cec5570f556cec3c71d,2026-03-05 17:14:43,Week 4,0,0 – 2 hours,4,1,Rarely,"ChatGPT, Google Gemini, Claude, Perplexity AI",3 – 6,3,"Poor internet, Mobile-only access, No quiet study space, Health / stress issues",2,1,False,,Much worse,"College LMS, Notion / Anki / Obsidian",2026-02-23 10:05:39,Kerala,Private University,B.Com,2nd Year,8.0 – 9.0,4 – 6 hours,"NPTEL / SWAYAM, Coursera / Udemy / edX, College LMS, Physical notes",4,,,,,,,,
2891,b9c03c59028b4485073ac377b7c14dfe728898b0dccd931ebc2eea5d5b1d746a,2026-03-05 17:15:01,Week 2,55,4 – 6 hours,5,5,Always,"ChatGPT, Google Gemini",6 – 10,4,"Mobile-only access, No quiet study space",5,5,False,88.0,Much better,"YouTube, NPTEL / SWAYAM",2025-12-27 14:52:29,Tamil Nadu,Central University,B.Tech,3rd Year,8.0 – 9.0,2 – 4 hours,"ChatGPT / AI tools, College LMS, WhatsApp / Telegram",3,,,,,,,,
2892,f72f420debc36def28125c58c71822ce49043914a9406e73923965f87c8cb669,2026-03-05 17:15:53,Week 4,8,0 – 2 hours,3,2,Rarely,"ChatGPT, Claude",1 – 3,3,"Mobile-only access, No quiet study space",3,2,False,,Much worse,"YouTube, NPTEL / SWAYAM, Coursera / Udemy / edX, College LMS",2026-01-12 23:37:58,Karnataka,Private University,BA,3rd Year,8.0 – 9.0,0 – 2 hours,"YouTube, ChatGPT / AI tools, WhatsApp / Telegram, Physical notes only",4,,,,,,,,
2893,81ddebb1fc0e6b009a5655dea87854093d1374914f03d128e615c955c9007504,2026-03-05 17:17:21,Week 4,14,0 – 2 hours,2,2,Rarely,"ChatGPT, Google Gemini",1 – 3,2,"Poor internet, Mobile-only access",2,2,False,,Much worse,"NPTEL / SWAYAM, Coursera / Udemy / edX, WhatsApp / Telegram (for study purposes)",2026-01-12 20:20:23,Tamil Nadu,Private University,B.Tech,3rd Year,7.0 – 8.0,2 – 4 hours,"YouTube, ChatGPT / AI tools, WhatsApp / Telegram, Physical notes only",4,,,,,,,,
2894,f8041b50a2c1379ae1a539104ac8cfff2e7475d9225620826e59c80d286afe76,2026-03-05 17:18:14,Week 4,4,2 – 4 hours,2,2,Sometimes,"ChatGPT, Google Gemini, Microsoft Copilot",3 – 6,2,"Poor internet, Mobile-only access, No quiet study space",3,3,False,,Slightly worse,"YouTube, College LMS",2026-01-31 18:25:54,Andhra Pradesh,Private University,B.Sc,3rd Year,7.0 – 8.0,0 – 2 hours,"YouTube, NPTEL / SWAYAM, Notion / Anki / Obsidian, College LMS, WhatsApp / Telegram",5,,,,,,,,
2895,32b68dc8923730efba7e69129bcc4d5555495cc9359174e99e3d50570ce6de44,2026-03-05 17:19:01,Week 4,10,2 – 4 hours,3,2,Never,"ChatGPT, Google Gemini, Microsoft Copilot, Claude",3 – 6,2,"Poor internet, Mobile-only access, No quiet study space, Health / stress issues",2,3,False,,Slightly worse,NaN,2026-01-31 14:55:58,Kerala,State University,B.Sc,1st Year,7.0 – 8.0,0 – 2 hours,"YouTube, ChatGPT / AI tools, College LMS, WhatsApp / Telegram",4,,,,,,,,
2896,ace8e293cc91c35e822f9101bc4e97d2ad904d1e130b4402fd6a6642f245665e,2026-03-05 17:19:53,Week 3,70,6+ hours,5,5,Always,"ChatGPT, Google Gemini",10+,5,NaN,5,3,False,77.0,Slightly better,YouTube,2026-02-23 10:12:43,Kerala,State University,B.Tech,2nd Year,6.0 – 7.0,0 – 2 hours,"NPTEL / SWAYAM, Notion / Anki / Obsidian",2,,,,,,,,
2897,f8ecea41f5799921e46e5d82b8d41d92dba1fca7a66ca63506cc3c0aab382672,2026-03-05 17:20:52,Week 4,59,6+ hours,5,5,Always,"ChatGPT, Google Gemini",10+,5,Health / stress issues,5,5,False,78.0,Much better,"YouTube, NPTEL / SWAYAM",2026-01-27 17:56:30,Uttar Pradesh,Central University,B.Tech,4th Year,7.0 – 8.0,4 – 6 hours,"YouTube, NPTEL / SWAYAM, Coursera / Udemy / edX, ChatGPT / AI tools, Notion / Anki / Obsidian",5,,,,,,,,
2898,f8ecea41f5799921e46e5d82b8d41d92dba1fca7a66ca63506cc3c0aab382672,2026-03-05 17:21:43,Week 4,50,6+ hours,5,5,Sometimes,"ChatGPT, Google Gemini",10+,5,Poor internet,5,5,False,50.0,Slightly worse,YouTube,2026-01-27 17:56:30,Uttar Pradesh,Central University,B.Tech,4th Year,7.0 – 8.0,4 – 6 hours,"YouTube, NPTEL / SWAYAM, Coursera / Udemy / edX, ChatGPT / AI tools, Notion / Anki / Obsidian",5,,,,,,,,
2899,522e39ae01bce33e97b085b9517a3680984adf0d38e718487e3314eb74127ab2,2026-03-05 17:22:39,Week 4,3,0 – 2 hours,1,1,Never,ChatGPT,1 – 3,2,Poor internet,1,1,False,34.0,Much worse,YouTube,2026-01-31 18:48:52,Tamil Nadu,State University,B.Tech,2nd Year,Below 6.0,0 – 2 hours,"YouTube, ChatGPT / AI tools, WhatsApp / Telegram",3,,,,,,,,
2900,63c23cf4b390284f3ce1175699f5efa501022ba212fe21be99dc9e2d21deebbf,2026-03-09 20:29:56,Week 7,1,0 – 2 hours,2,2,Never,ChatGPT,3 – 6,4,NaN,4,4,False,80.0,About the same,NaN,2026-02-02 12:38:59,Rajasthan,State University,B.Sc,2nd Year,7.0 – 8.0,4 – 6 hours,"Coursera / Udemy / edX, ChatGPT / AI tools, Notion / Anki / Obsidian, College LMS, Physical notes",5,,,,,,,,
2901,e8386eec4c2f671d625ec0a877e0c9af57a196443df6751cfd908bc4bb188c51,2025-12-26 07:20:19,Week 1,18,0 – 2 hours,3,1,Often,"ChatGPT / AI tools, College LMS, WhatsApp / Telegram",6 – 10,4,"Poor internet, No quiet study space",3,4,False,70.0,About the same,NaN,2026-01-31 18:42:45,Kerala,State University,B.Com,2nd Year,Prefer not to say,2 – 4 hours,"YouTube, NPTEL / SWAYAM, Coursera / Udemy / edX, Notion / Anki / Obsidian, Physical notes",5,,,,,,,,
2902,e8386eec4c2f671d625ec0a877e0c9af57a196443df6751cfd908bc4bb188c51,2025-12-26 19:16:08,Week 1,0,6+ hours,5,1,Never,NaN,0,1,Poor internet,5,5,False,0.0,Much better,NaN,2026-01-31 18:42:45,Kerala,State University,B.Com,2nd Year,Prefer not to say,2 – 4 hours,"YouTube, NPTEL / SWAYAM, Coursera / Udemy / edX, Notion / Anki / Obsidian, Physical notes",5,,,,,,,,
2903,f5df30de694992a770d857d674587e781574c81ffc40be127f93b6a3d3a95f48,2025-12-27 12:32:17,Week 1,30,6+ hours,5,5,Always,"YouTube, NPTEL / SWAYAM, Coursera / Udemy / edX, ChatGPT / AI tools, Notion / Anki / Obsidian, College LMS, WhatsApp / Telegram, Physical notes only, None",3 – 6,5,No quiet study space,5,5,False,10.0,Much better,NaN,2026-02-23 10:05:11,Andhra Pradesh,State University,B.Sc,3rd Year,Prefer not to say,2 – 4 hours,"YouTube, Coursera / Udemy / edX, Notion / Anki / Obsidian, WhatsApp / Telegram, Physical notes",5,,,,,,,,
2904,7b5c4bd7d59556f437489bc9729a8c19655b90085e45e8dff621cf66913fc521,2025-12-27 12:37:17,Week 1,3,0 – 2 hours,3,1,Rarely,"YouTube, ChatGPT / AI tools, Physical notes only",3 – 6,3,"Poor internet, No quiet study space, Health / stress issues",2,1,False,70.0,Slightly worse,NaN,2026-02-23 10:13:22,Kerala,State University,B.Tech,3rd Year,Prefer not to say,2 – 4 hours,"YouTube, NPTEL / SWAYAM, Coursera / Udemy / edX, ChatGPT / AI tools, Notion / Anki / Obsidian, College LMS, WhatsApp / Telegram, Physical notes",8,,,,,,,,
2905,f90ab6deefe14d178606a393182b36cdc645169d692772666b9c29214c2a4e40,2025-12-27 14:54:03,Week 1,10,0 – 2 hours,2,1,Rarely,"Coursera / Udemy / edX, ChatGPT / AI tools, College LMS, WhatsApp / Telegram",3 – 6,4,"Poor internet, Mobile-only access, Health / stress issues",5,5,False,50.0,About the same,NaN,2026-02-05 21:56:57,Telangana,Private University,B.Tech,3rd Year,7.0 – 8.0,0 – 2 hours,"ChatGPT / AI tools, WhatsApp / Telegram",2,,,,,,,,
2906,a091d9857e1b26dac9ad43d43de3cfab7f19df9cadb73e095b0b4a74a5e9bc3d,2025-12-29 14:24:18,Week 1,42,6+ hours,4,4,Often,"YouTube, Coursera / Udemy / edX, ChatGPT / AI tools, Notion / Anki / Obsidian, College LMS, WhatsApp / Telegram",6 – 10,5,NaN,5,3,False,85.0,Slightly better,NaN,2026-01-27 19:47:23,Tamil Nadu,Deemed University,B.Tech,4th Year,9.0+,0 – 2 hours,"YouTube, ChatGPT / AI tools, WhatsApp / Telegram",3,,,,,,,,
2907,219d4ac6903fffab5ab1d64d6ed0b331adcc691f0e116fb7f62cefba91f7b0ec,2026-01-12 20:21:27,Week 1,10,0 – 2 hours,3,1,Rarely,"ChatGPT, Google Gemini, Microsoft Copilot, Claude",3 – 6,3,"No quiet study space, Health / stress issues",3,5,False,85.0,About the same,"YouTube, College LMS, WhatsApp / Telegram (for study purposes), Physical Notes",2025-12-26 18:34:24,Andhra Pradesh,Private University,B.Tech,3rd Year,9.0+,0 – 2 hours,ChatGPT / AI tools,1,,,,,,,,
2908,132137538b93be89ed6c9815b322a7a0f58530b8c229d1809265140f5cb8c398,2026-01-12 20:23:04,Week 1,4,0 – 2 hours,3,2,Often,"ChatGPT, Google Gemini, Perplexity AI",1 – 3,4,"Poor internet, No quiet study space",3,2,False,77.0,About the same,"YouTube, Coursera / Udemy / edX, WhatsApp / Telegram (for study purposes)",2026-01-13 19:44:22,Tamil Nadu,Deemed University,B.Tech,3rd Year,7.0 – 8.0,2 – 4 hours,"YouTube, ChatGPT / AI tools",2,,,,,,,,
2909,16a56bf3b362259b32e3bc7d18a95d94213241560809ad3c4d5ddba644365acb,2026-01-12 21:35:58,Week 1,5,2 – 4 hours,2,1,Rarely,"ChatGPT, Google Gemini, Microsoft Copilot, Perplexity AI, GitHub Copilot",3 – 6,3,"Poor internet, Mobile-only access, No quiet study space",3,3,False,50.0,Slightly worse,"YouTube, NPTEL / SWAYAM, WhatsApp / Telegram (for study purposes), Physical Notes",2026-02-19 13:19:58,Tamil Nadu,State University,B.Sc,2nd Year,8.0 – 9.0,2 – 4 hours,"YouTube, NPTEL / SWAYAM, Coursera / Udemy / edX, ChatGPT / AI tools, Notion / Anki / Obsidian",5,,,,,,,,
2910,8ded4921661c4a18e633a572258dbd0f9a2c004f4aa3e9e2057a670d47566de6,2026-01-12 21:44:30,Week 1,3,0 – 2 hours,1,1,Rarely,"ChatGPT, Google Gemini, Microsoft Copilot",1 – 3,3,NaN,2,2,False,,About the same,YouTube,2026-02-03 11:19:03,Kerala,Private University,B.Sc,3rd Year,Prefer not to say,2 – 4 hours,"NPTEL / SWAYAM, WhatsApp / Telegram, Physical notes",3,,,,,,,,
2911,8bfc27000534160835a23ec100f95667b3894c6b3e90a6027721d3322ad782dc,2026-01-12 22:33:54,Week 1,5,0 – 2 hours,3,2,Sometimes,"ChatGPT, Perplexity AI, Replit AI",3 – 6,4,Poor internet,3,3,False,,About the same,YouTube,2026-02-05 21:46:59,Telangana,Private University,B.Tech,3rd Year,9.0+,0 – 2 hours,"YouTube, ChatGPT / AI tools, Physical notes",3,,,,,,,,
2912,e14fc3506630213cf4dbb3dddf035e19aad46cfaf81f1761b7791f1f48a64d67,2026-01-12 23:15:31,Week 1,2,0 – 2 hours,1,1,Never,"ChatGPT, Google Gemini",1 – 3,1,"Poor internet, No quiet study space",1,1,False,,Slightly worse,"YouTube, WhatsApp / Telegram (for study purposes), Physical Notes",2026-02-02 12:45:31,Madhya Pradesh,Central University,B.Tech,3rd Year,8.0 – 9.0,2 – 4 hours,"ChatGPT / AI tools, WhatsApp / Telegram",2,,,,,,,,
2913,f8ecea41f5799921e46e5d82b8d41d92dba1fca7a66ca63506cc3c0aab382672,2026-01-13 19:46:14,Week 2,3,2 – 4 hours,3,3,Rarely,"ChatGPT, Perplexity AI",1 – 3,3,"No quiet study space, Health / stress issues",3,3,False,,About the same,"YouTube, College LMS, Notion / Anki / Obsidian",2026-01-27 17:56:30,Uttar Pradesh,Central University,B.Tech,4th Year,7.0 – 8.0,4 – 6 hours,"YouTube, NPTEL / SWAYAM, Coursera / Udemy / edX, ChatGPT / AI tools, Notion / Anki / Obsidian",5,,,,,,,,
2914,3a16c6fa9dbc26f91e12cdd112bec4f2953a34f47097d3424e3f551bb022a684,2026-01-16 12:27:49,Week 1,14,2 – 4 hours,2,2,Rarely,"ChatGPT, Perplexity AI",3 – 6,4,"Mobile-only access, No quiet study space",2,4,False,,Much worse,"YouTube, Notion / Anki / Obsidian, WhatsApp / Telegram (for study purposes)",2026-01-31 18:44:48,Tamil Nadu,Private University,BBA,1st Year,6.0 – 7.0,0 – 2 hours,"YouTube, Coursera / Udemy / edX, ChatGPT / AI tools, College LMS, WhatsApp / Telegram, Physical notes",6,,,,,,,,
2915,219d4ac6903fffab5ab1d64d6ed0b331adcc691f0e116fb7f62cefba91f7b0ec,2026-01-31 11:32:52,Week 1,5,0 – 2 hours,4,4,Often,"ChatGPT, Google Gemini, Claude, Perplexity AI, Notion AI, Replit AI, Canva AI, DALL·E",3 – 6,4,Health / stress issues,4,4,False,80.0,Slightly better,"YouTube, WhatsApp / Telegram (for study purposes)",2025-12-26 18:34:24,Andhra Pradesh,Private University,B.Tech,3rd Year,9.0+,0 – 2 hours,ChatGPT / AI tools,1,,,,,,,,
2916,8ded4921661c4a18e633a572258dbd0f9a2c004f4aa3e9e2057a670d47566de6,2026-01-31 14:55:23,Week 1,60,4 – 6 hours,4,3,Sometimes,"ChatGPT, Microsoft Copilot, GitHub Copilot, Replit AI",3 – 6,3,"Poor internet, No quiet study space",3,3,False,,Slightly better,"YouTube, WhatsApp / Telegram (for study purposes), Physical Notes",2026-02-03 11:19:03,Kerala,Private University,B.Sc,3rd Year,Prefer not to say,2 – 4 hours,"NPTEL / SWAYAM, WhatsApp / Telegram, Physical notes",3,,,,,,,,
2917,ace8e293cc91c35e822f9101bc4e97d2ad904d1e130b4402fd6a6642f245665e,2026-01-31 16:07:51,Week 1,20,0 – 2 hours,3,1,Never,Google Gemini,3 – 6,5,"Poor internet, No quiet study space",2,5,False,75.0,Slightly worse,"YouTube, Notion / Anki / Obsidian",2026-02-23 10:12:43,Kerala,State University,B.Tech,2nd Year,6.0 – 7.0,0 – 2 hours,"NPTEL / SWAYAM, Notion / Anki / Obsidian",2,,,,,,,,
2918,48cdb835c278ac6b10eed195f85632896d3be15d20d75197a0b916b2395939a6,2026-01-31 16:39:48,Week 1,20,4 – 6 hours,3,3,Sometimes,"ChatGPT, Google Gemini",1 – 3,3,Health / stress issues,3,2,False,,Slightly worse,"YouTube, NPTEL / SWAYAM, WhatsApp / Telegram (for study purposes), Physical Notes",2026-01-27 00:18:46,Telangana,IIT / NIT,B.Sc,3rd Year,7.0 – 8.0,0 – 2 hours,"YouTube, NPTEL / SWAYAM, ChatGPT / AI tools, WhatsApp / Telegram, Physical notes only",5,,,,,,,,
2919,86b1b7c8fd97ac6aa33f3f67e3c3652ee35ae2226cc4798385726481eea05f57,2026-01-31 17:56:30,Week 1,4,2 – 4 hours,1,1,Never,ChatGPT,1 – 3,3,Poor internet,1,1,False,,Much worse,Physical Notes,2026-01-31 18:50:27,Tamil Nadu,Central University,B.Tech,1st Year,7.0 – 8.0,0 – 2 hours,"YouTube, ChatGPT / AI tools, College LMS, WhatsApp / Telegram",4,,,,,,,,
3047,8773494ab4b07b7f7350b8d37e960ba5d05e7caf5ffbb75a943c63465a604b7f,2026-02-26 10:51:30,Week 3,20,4 – 6 hours,2,2,Rarely,Google Gemini,1 – 3,2,Mobile-only access,2,2,False,,Slightly worse,YouTube,2026-01-31 18:47:34,Tamil Nadu,IIT / NIT,B.Tech,2nd Year,9.0+,4 – 6 hours,"YouTube, NPTEL / SWAYAM, Coursera / Udemy / edX, ChatGPT / AI tools, College LMS, WhatsApp / Telegram, Physical notes",7,,,,,,,,
2920,9c37b8db9c39e670e8422cf5afe252221762450c6f3d1f72c8ef3cdfe0a584e6,2026-01-31 18:23:25,Week 1,13,0 – 2 hours,1,1,Never,"ChatGPT, Google Gemini, Perplexity AI, Canva AI",6 – 10,3,"Poor internet, Mobile-only access, Health / stress issues",2,3,False,50.0,Slightly worse,"YouTube, College LMS, WhatsApp / Telegram (for study purposes), Physical Notes",2026-02-23 10:10:44,Tamil Nadu,State University,B.Sc,2nd Year,7.0 – 8.0,2 – 4 hours,"YouTube, NPTEL / SWAYAM, Coursera / Udemy / edX, ChatGPT / AI tools, College LMS",5,,,,,,,,
2921,cf47f395a464caa7ab1da1745c2d650002296d75e8eac41561b430a83f4382f8,2026-01-31 18:55:41,Week 1,14,0 – 2 hours,1,1,Never,"ChatGPT, Google Gemini, Microsoft Copilot, Perplexity AI",3 – 6,3,"Poor internet, Mobile-only access",2,4,False,,Slightly worse,"YouTube, Coursera / Udemy / edX, College LMS, Physical Notes",2026-01-31 18:49:58,Tamil Nadu,Central University,B.Sc,3rd Year,7.0 – 8.0,2 – 4 hours,"YouTube, NPTEL / SWAYAM, Coursera / Udemy / edX, ChatGPT / AI tools, Notion / Anki / Obsidian",5,,,,,,,,
2922,e14fc3506630213cf4dbb3dddf035e19aad46cfaf81f1761b7791f1f48a64d67,2026-01-31 18:57:01,Week 1,23,2 – 4 hours,3,3,Sometimes,"ChatGPT, Google Gemini, Microsoft Copilot, Claude, Perplexity AI, Grammarly, QuillBot, GitHub Copilot, Canva AI, Khanmigo (Khan Academy AI)",6 – 10,4,No quiet study space,3,3,False,70.0,About the same,"YouTube, NPTEL / SWAYAM, Coursera / Udemy / edX, College LMS, WhatsApp / Telegram (for study purposes), Physical Notes",2026-02-02 12:45:31,Madhya Pradesh,Central University,B.Tech,3rd Year,8.0 – 9.0,2 – 4 hours,"ChatGPT / AI tools, WhatsApp / Telegram",2,,,,,,,,
2923,81ddebb1fc0e6b009a5655dea87854093d1374914f03d128e615c955c9007504,2026-01-31 19:00:49,Week 1,26,2 – 4 hours,2,2,Sometimes,"ChatGPT, Google Gemini, Microsoft Copilot, Claude, Perplexity AI, Grammarly, Notion AI, GitHub Copilot, Codeium, Canva AI, DALL·E",3 – 6,3,"Poor internet, Mobile-only access",2,4,False,70.0,Slightly worse,"YouTube, NPTEL / SWAYAM, Coursera / Udemy / edX, College LMS, WhatsApp / Telegram (for study purposes), Physical Notes",2026-01-12 20:20:23,Tamil Nadu,Private University,B.Tech,3rd Year,7.0 – 8.0,2 – 4 hours,"YouTube, ChatGPT / AI tools, WhatsApp / Telegram, Physical notes only",4,,,,,,,,
2924,5e849a6892d6df48c1362529cab706d619efa96a172b3f715bc1f5ccd5ca61ec,2026-01-31 19:02:01,Week 1,22,2 – 4 hours,3,2,Rarely,"ChatGPT, Google Gemini, Microsoft Copilot, Claude, Perplexity AI, Grammarly, GitHub Copilot, Codeium, Replit AI, Tabnine, Canva AI",6 – 10,4,NaN,3,3,False,80.0,About the same,"YouTube, NPTEL / SWAYAM, Coursera / Udemy / edX, College LMS, WhatsApp / Telegram (for study purposes), Physical Notes",2026-02-02 13:01:28,Uttar Pradesh,IIT / NIT,BA,Others,8.0 – 9.0,2 – 4 hours,"YouTube, ChatGPT / AI tools",2,,,,,,,,
2925,ea6dc2fae8a61411b9d6de51699ca6787330c0036ffedddf4a649648fefe8732,2026-01-31 19:04:48,Week 1,30,2 – 4 hours,3,3,Sometimes,"ChatGPT, Google Gemini, Microsoft Copilot, Claude, QuillBot, Notion AI, GitHub Copilot, Midjourney, Adobe Firefly, Khanmigo (Khan Academy AI)",6 – 10,4,"Poor internet, Health / stress issues",3,5,False,,Slightly worse,"YouTube, NPTEL / SWAYAM, Coursera / Udemy / edX, College LMS, WhatsApp / Telegram (for study purposes), Physical Notes",2026-01-31 18:48:18,Andhra Pradesh,Private University,B.Tech,4th Year,7.0 – 8.0,2 – 4 hours,"YouTube, ChatGPT / AI tools, College LMS, WhatsApp / Telegram",4,,,,,,,,
2926,266344e1c50b449d6d5dbec5b4b1af3236f13cc0b97871acccf3da3697283f82,2026-01-31 19:05:17,Week 1,60,4 – 6 hours,4,3,Rarely,"ChatGPT, Google Gemini",6 – 10,4,"No quiet study space, Health / stress issues",3,4,False,0.0,About the same,"YouTube, Physical Notes",2026-01-16 12:24:26,Tamil Nadu,Private University,B.Tech,3rd Year,9.0+,2 – 4 hours,"YouTube, ChatGPT / AI tools, Notion / Anki / Obsidian, WhatsApp / Telegram",4,,,,,,,,
2927,16a56bf3b362259b32e3bc7d18a95d94213241560809ad3c4d5ddba644365acb,2026-01-31 19:06:54,Week 1,50,4 – 6 hours,3,3,Often,"ChatGPT, Google Gemini, Microsoft Copilot, Claude, Perplexity AI, GitHub Copilot",6 – 10,5,"Poor internet, No quiet study space",2,5,False,75.0,About the same,"YouTube, College LMS, WhatsApp / Telegram (for study purposes), Physical Notes",2026-02-19 13:19:58,Tamil Nadu,State University,B.Sc,2nd Year,8.0 – 9.0,2 – 4 hours,"YouTube, NPTEL / SWAYAM, Coursera / Udemy / edX, ChatGPT / AI tools, Notion / Anki / Obsidian",5,,,,,,,,
2928,b9c03c59028b4485073ac377b7c14dfe728898b0dccd931ebc2eea5d5b1d746a,2026-01-31 19:10:39,Week 1,40,4 – 6 hours,4,4,Sometimes,"ChatGPT, Google Gemini, Microsoft Copilot, Claude, Perplexity AI, Grammarly, Jasper AI, GitHub Copilot, Replit AI, Canva AI, Adobe Firefly, Khanmigo (Khan Academy AI)",6 – 10,5,NaN,3,3,False,80.0,Slightly better,"YouTube, NPTEL / SWAYAM, College LMS, WhatsApp / Telegram (for study purposes), Physical Notes",2025-12-27 14:52:29,Tamil Nadu,Central University,B.Tech,3rd Year,8.0 – 9.0,2 – 4 hours,"ChatGPT / AI tools, College LMS, WhatsApp / Telegram",3,,,,,,,,
2929,1dd2975d45d1e27948cae456e3827e3b50778c013fecee985fb0422f4a492ba2,2026-01-31 19:13:43,Week 1,50,6+ hours,3,2,Often,"ChatGPT, Google Gemini, Microsoft Copilot, Claude, Perplexity AI, Grammarly",3 – 6,4,No quiet study space,3,5,False,60.0,About the same,"YouTube, NPTEL / SWAYAM, Coursera / Udemy / edX, College LMS, WhatsApp / Telegram (for study purposes), Physical Notes",2026-02-19 13:17:59,Andhra Pradesh,State University,B.Tech,2nd Year,7.0 – 8.0,6+ hours,"YouTube, NPTEL / SWAYAM, Coursera / Udemy / edX, ChatGPT / AI tools, Notion / Anki / Obsidian, College LMS, WhatsApp / Telegram, Physical notes",8,,,,,,,,
2930,9f7b57d47f3cd447af0a85a35c1ce5b1287d471159595088cd7493a849b93059,2026-01-31 19:15:02,Week 1,45,4 – 6 hours,2,2,Rarely,"ChatGPT, Google Gemini, Microsoft Copilot, Claude, Perplexity AI, Grammarly, Codeium, Replit AI, Tabnine, Canva AI",10+,5,NaN,2,4,False,70.0,Slightly worse,"YouTube, Coursera / Udemy / edX, WhatsApp / Telegram (for study purposes), Physical Notes",2026-02-02 12:38:26,Punjab,Central University,B.Tech,1st Year,6.0 – 7.0,4 – 6 hours,"YouTube, NPTEL / SWAYAM, Coursera / Udemy / edX, ChatGPT / AI tools, College LMS, WhatsApp / Telegram",6,,,,,,,,
2931,81ddebb1fc0e6b009a5655dea87854093d1374914f03d128e615c955c9007504,2026-01-31 19:16:03,Week 1,35,2 – 4 hours,2,1,Never,"ChatGPT, Google Gemini",3 – 6,3,"Poor internet, No quiet study space, Health / stress issues",2,5,False,50.0,Slightly worse,"YouTube, WhatsApp / Telegram (for study purposes), Physical Notes",2026-01-12 20:20:23,Tamil Nadu,Private University,B.Tech,3rd Year,7.0 – 8.0,2 – 4 hours,"YouTube, ChatGPT / AI tools, WhatsApp / Telegram, Physical notes only",4,,,,,,,,
2932,e14fc3506630213cf4dbb3dddf035e19aad46cfaf81f1761b7791f1f48a64d67,2026-01-31 19:17:08,Week 1,49,6+ hours,3,2,Always,"ChatGPT, Google Gemini, Microsoft Copilot, Claude, Perplexity AI, Grammarly, Jasper AI",6 – 10,5,"Poor internet, No quiet study space, Health / stress issues",3,5,False,80.0,About the same,"YouTube, NPTEL / SWAYAM, WhatsApp / Telegram (for study purposes), Physical Notes",2026-02-02 12:45:31,Madhya Pradesh,Central University,B.Tech,3rd Year,8.0 – 9.0,2 – 4 hours,"ChatGPT / AI tools, WhatsApp / Telegram",2,,,,,,,,
2933,219d4ac6903fffab5ab1d64d6ed0b331adcc691f0e116fb7f62cefba91f7b0ec,2026-01-31 19:18:01,Week 1,60,6+ hours,4,2,Sometimes,"ChatGPT, Google Gemini, Microsoft Copilot, Claude, Perplexity AI, Grammarly, GitHub Copilot",6 – 10,5,No quiet study space,3,3,False,75.0,About the same,"YouTube, Coursera / Udemy / edX, College LMS, WhatsApp / Telegram (for study purposes), Physical Notes",2025-12-26 18:34:24,Andhra Pradesh,Private University,B.Tech,3rd Year,9.0+,0 – 2 hours,ChatGPT / AI tools,1,,,,,,,,
2934,ace8e293cc91c35e822f9101bc4e97d2ad904d1e130b4402fd6a6642f245665e,2026-01-31 19:38:23,Week 1,30,2 – 4 hours,3,1,Sometimes,"ChatGPT, Microsoft Copilot, Claude, Perplexity AI, Notion AI",3 – 6,4,"Poor internet, No quiet study space, Health / stress issues",3,5,False,90.0,Slightly worse,"YouTube, WhatsApp / Telegram (for study purposes), Physical Notes",2026-02-23 10:12:43,Kerala,State University,B.Tech,2nd Year,6.0 – 7.0,0 – 2 hours,"NPTEL / SWAYAM, Notion / Anki / Obsidian",2,,,,,,,,
2935,86b1b7c8fd97ac6aa33f3f67e3c3652ee35ae2226cc4798385726481eea05f57,2026-01-31 21:34:43,Week 1,2,0 – 2 hours,3,1,Sometimes,"ChatGPT, Google Gemini, Claude, Perplexity AI, Notion AI",1 – 3,4,"Poor internet, Mobile-only access, No quiet study space, Health / stress issues",3,5,False,80.0,Slightly worse,"YouTube, Notion / Anki / Obsidian, Physical Notes",2026-01-31 18:50:27,Tamil Nadu,Central University,B.Tech,1st Year,7.0 – 8.0,0 – 2 hours,"YouTube, ChatGPT / AI tools, College LMS, WhatsApp / Telegram",4,,,,,,,,
2936,522e39ae01bce33e97b085b9517a3680984adf0d38e718487e3314eb74127ab2,2026-01-31 21:35:59,Week 1,22,2 – 4 hours,4,4,Sometimes,"ChatGPT, Google Gemini, Perplexity AI",6 – 10,5,"Poor internet, Mobile-only access, Health / stress issues",4,5,False,,Much better,"YouTube, College LMS, Notion / Anki / Obsidian, WhatsApp / Telegram (for study purposes), Physical Notes",2026-01-31 18:48:52,Tamil Nadu,State University,B.Tech,2nd Year,Below 6.0,0 – 2 hours,"YouTube, ChatGPT / AI tools, WhatsApp / Telegram",3,,,,,,,,
2937,e14fc3506630213cf4dbb3dddf035e19aad46cfaf81f1761b7791f1f48a64d67,2026-02-01 20:06:39,Week 1,6,0 – 2 hours,4,1,Never,"ChatGPT, Google Gemini",3 – 6,5,Health / stress issues,5,4,False,80.0,About the same,"YouTube, WhatsApp / Telegram (for study purposes), Physical Notes",2026-02-02 12:45:31,Madhya Pradesh,Central University,B.Tech,3rd Year,8.0 – 9.0,2 – 4 hours,"ChatGPT / AI tools, WhatsApp / Telegram",2,,,,,,,,
2938,6cdee50dedfbbd1a46317cf81321165ab42071b577d2f1514daac32cb4160095,2026-02-02 00:28:33,Week 1,3,0 – 2 hours,1,1,Rarely,"ChatGPT, Google Gemini, Microsoft Copilot, Claude, Perplexity AI, Grammarly",1 – 3,4,"No quiet study space, Health / stress issues",1,4,False,,About the same,"YouTube, College LMS, WhatsApp / Telegram (for study purposes), Physical Notes",2026-02-02 12:39:28,Gujarat,Private University,B.Tech,3rd Year,8.0 – 9.0,6+ hours,NaN,1,,,,,,,,
2939,48cdb835c278ac6b10eed195f85632896d3be15d20d75197a0b916b2395939a6,2026-02-02 21:55:05,Week 1,12,2 – 4 hours,3,3,Rarely,"ChatGPT, Google Gemini, Claude, Canva AI",3 – 6,3,Mobile-only access,3,3,False,,About the same,"YouTube, Coursera / Udemy / edX",2026-01-27 00:18:46,Telangana,IIT / NIT,B.Sc,3rd Year,7.0 – 8.0,0 – 2 hours,"YouTube, NPTEL / SWAYAM, ChatGPT / AI tools, WhatsApp / Telegram, Physical notes only",5,,,,,,,,
2940,7b5c4bd7d59556f437489bc9729a8c19655b90085e45e8dff621cf66913fc521,2026-02-03 10:30:21,Week 1,20,2 – 4 hours,3,1,Often,"ChatGPT, Google Gemini",10+,5,Health / stress issues,3,4,False,,About the same,YouTube,2026-02-23 10:13:22,Kerala,State University,B.Tech,3rd Year,Prefer not to say,2 – 4 hours,"YouTube, NPTEL / SWAYAM, Coursera / Udemy / edX, ChatGPT / AI tools, Notion / Anki / Obsidian, College LMS, WhatsApp / Telegram, Physical notes",8,,,,,,,,
2941,b319601b117de5d02e9d335f82997ad5d2c20f041b094bdd7a67411b8ad1543b,2026-02-03 10:38:09,Week 2,16,0 – 2 hours,5,5,Always,"ChatGPT, Google Gemini, Claude, Perplexity AI, GitHub Copilot",1 – 3,4,No quiet study space,4,4,False,85.0,Much better,"YouTube, Coursera / Udemy / edX, Physical Notes",2026-01-31 11:34:19,Tamil Nadu,State University,B.Tech,4th Year,8.0 – 9.0,0 – 2 hours,"YouTube, ChatGPT / AI tools, WhatsApp / Telegram",3,,,,,,,,
2942,0e155a1241bd00b2d588262223a52e0f8a911a4000092f096e6968dccae9e61b,2026-02-03 11:15:07,Week 2,9,0 – 2 hours,3,3,Sometimes,"Claude, Perplexity AI, Grammarly, QuillBot, GitHub Copilot",1 – 3,3,"Poor internet, Mobile-only access",3,3,False,,About the same,"Coursera / Udemy / edX, Notion / Anki / Obsidian",2026-02-03 11:16:29,Tamil Nadu,IIT / NIT,B.Tech,4th Year,8.0 – 9.0,2 – 4 hours,"ChatGPT / AI tools, College LMS",2,,,,,,,,
2943,b319601b117de5d02e9d335f82997ad5d2c20f041b094bdd7a67411b8ad1543b,2026-02-03 11:16:33,Week 2,5,2 – 4 hours,3,2,Sometimes,"ChatGPT, Google Gemini",6 – 10,3,"Poor internet, Mobile-only access, No quiet study space, Health / stress issues",2,4,False,50.0,Slightly worse,"YouTube, WhatsApp / Telegram (for study purposes)",2026-01-31 11:34:19,Tamil Nadu,State University,B.Tech,4th Year,8.0 – 9.0,0 – 2 hours,"YouTube, ChatGPT / AI tools, WhatsApp / Telegram",3,,,,,,,,
2944,1dd2975d45d1e27948cae456e3827e3b50778c013fecee985fb0422f4a492ba2,2026-02-03 11:57:11,Week 1,50,6+ hours,5,5,Often,"ChatGPT, Google Gemini, Perplexity AI, Midjourney, None",10+,5,Health / stress issues,5,5,False,,Slightly better,"YouTube, College LMS, WhatsApp / Telegram (for study purposes)",2026-02-19 13:17:59,Andhra Pradesh,State University,B.Tech,2nd Year,7.0 – 8.0,6+ hours,"YouTube, NPTEL / SWAYAM, Coursera / Udemy / edX, ChatGPT / AI tools, Notion / Anki / Obsidian, College LMS, WhatsApp / Telegram, Physical notes",8,,,,,,,,
2945,781a9f368166d71405348c3b65fa0645e7cab12d017be1e369eb8d7a5cd5fb1d,2026-02-03 11:58:01,Week 2,20,2 – 4 hours,3,3,Rarely,"ChatGPT, Google Gemini, Perplexity AI, Jasper AI",3 – 6,3,Mobile-only access,3,3,False,80.0,Slightly worse,"YouTube, College LMS, WhatsApp / Telegram (for study purposes)",2026-02-02 12:40:04,Maharashtra,IIT / NIT,B.Com,4th Year,7.0 – 8.0,2 – 4 hours,"YouTube, NPTEL / SWAYAM, Coursera / Udemy / edX, ChatGPT / AI tools, Notion / Anki / Obsidian, College LMS, WhatsApp / Telegram, Physical notes",8,,,,,,,,
2946,9c37b8db9c39e670e8422cf5afe252221762450c6f3d1f72c8ef3cdfe0a584e6,2026-02-03 12:00:28,Week 1,42,4 – 6 hours,4,4,Sometimes,"ChatGPT, Perplexity AI, Tabnine, Canva AI",1 – 3,4,NaN,4,4,False,,About the same,"YouTube, NPTEL / SWAYAM, Notion / Anki / Obsidian, Physical Notes",2026-02-23 10:10:44,Tamil Nadu,State University,B.Sc,2nd Year,7.0 – 8.0,2 – 4 hours,"YouTube, NPTEL / SWAYAM, Coursera / Udemy / edX, ChatGPT / AI tools, College LMS",5,,,,,,,,
2947,26234105c87439e0dc4fb999632d3a5406775cc0728c26840e4a6b26d071341b,2026-02-03 12:05:44,Week 1,38,2 – 4 hours,3,2,Always,"Google Gemini, Perplexity AI, QuillBot, Codeium, Replit AI, Canva AI, Khanmigo (Khan Academy AI)",10+,4,"No quiet study space, None",3,3,False,,Much better,"YouTube, Coursera / Udemy / edX",2026-01-12 20:18:58,Tamil Nadu,Private University,B.Tech,2nd Year,6.0 – 7.0,0 – 2 hours,"YouTube, ChatGPT / AI tools, College LMS",3,,,,,,,,
2948,32b68dc8923730efba7e69129bcc4d5555495cc9359174e99e3d50570ce6de44,2026-02-03 12:20:13,Week 1,13,0 – 2 hours,3,4,Always,"ChatGPT, Microsoft Copilot, Claude, Grammarly, Notion AI, GitHub Copilot",3 – 6,3,Poor internet,2,3,False,70.0,About the same,"YouTube, NPTEL / SWAYAM, College LMS, WhatsApp / Telegram (for study purposes), Physical Notes",2026-01-31 14:55:58,Kerala,State University,B.Sc,1st Year,7.0 – 8.0,0 – 2 hours,"YouTube, ChatGPT / AI tools, College LMS, WhatsApp / Telegram",4,,,,,,,,
2949,9c37b8db9c39e670e8422cf5afe252221762450c6f3d1f72c8ef3cdfe0a584e6,2026-02-03 12:28:44,Week 1,20,0 – 2 hours,3,4,Always,"ChatGPT, Google Gemini, Microsoft Copilot, Claude, Perplexity AI, QuillBot, Canva AI",3 – 6,3,"Poor internet, Mobile-only access, No quiet study space",2,4,False,50.0,Slightly worse,"Coursera / Udemy / edX, WhatsApp / Telegram (for study purposes), Physical Notes",2026-02-23 10:10:44,Tamil Nadu,State University,B.Sc,2nd Year,7.0 – 8.0,2 – 4 hours,"YouTube, NPTEL / SWAYAM, Coursera / Udemy / edX, ChatGPT / AI tools, College LMS",5,,,,,,,,
2950,ef4aca4b5a9ddc8cfe1cda04eef5cb540a47e603dac29e3f59b7bdd1a387191d,2026-02-03 12:29:41,Week 1,60,6+ hours,3,3,Rarely,"ChatGPT, Google Gemini, Microsoft Copilot, Claude, Perplexity AI, Grammarly, QuillBot, Replit AI, Tabnine, Canva AI, DALL·E, Midjourney",6 – 10,3,"Poor internet, Health / stress issues",3,5,False,90.0,Slightly better,"YouTube, NPTEL / SWAYAM, Coursera / Udemy / edX, College LMS",2026-02-02 12:52:17,Maharashtra,Private University,B.Tech,Others,6.0 – 7.0,2 – 4 hours,"YouTube, ChatGPT / AI tools",2,,,,,,,,
2951,1dd2975d45d1e27948cae456e3827e3b50778c013fecee985fb0422f4a492ba2,2026-02-03 12:42:02,Week 1,25,4 – 6 hours,4,3,Sometimes,"ChatGPT, Google Gemini, Perplexity AI",3 – 6,4,NaN,4,3,False,85.0,Slightly better,"YouTube, Coursera / Udemy / edX, Notion / Anki / Obsidian",2026-02-19 13:17:59,Andhra Pradesh,State University,B.Tech,2nd Year,7.0 – 8.0,6+ hours,"YouTube, NPTEL / SWAYAM, Coursera / Udemy / edX, ChatGPT / AI tools, Notion / Anki / Obsidian, College LMS, WhatsApp / Telegram, Physical notes",8,,,,,,,,
2952,16a56bf3b362259b32e3bc7d18a95d94213241560809ad3c4d5ddba644365acb,2026-02-03 12:43:56,Week 1,20,2 – 4 hours,2,2,Rarely,"Claude, Grammarly",1 – 3,2,Poor internet,2,4,False,75.0,Much worse,College LMS,2026-02-19 13:19:58,Tamil Nadu,State University,B.Sc,2nd Year,8.0 – 9.0,2 – 4 hours,"YouTube, NPTEL / SWAYAM, Coursera / Udemy / edX, ChatGPT / AI tools, Notion / Anki / Obsidian",5,,,,,,,,
2953,132137538b93be89ed6c9815b322a7a0f58530b8c229d1809265140f5cb8c398,2026-02-03 12:46:15,Week 1,15,2 – 4 hours,2,2,Never,"ChatGPT, Microsoft Copilot",0,3,Health / stress issues,3,5,False,,About the same,YouTube,2026-01-13 19:44:22,Tamil Nadu,Deemed University,B.Tech,3rd Year,7.0 – 8.0,2 – 4 hours,"YouTube, ChatGPT / AI tools",2,,,,,,,,
2954,f8041b50a2c1379ae1a539104ac8cfff2e7475d9225620826e59c80d286afe76,2026-02-03 12:51:53,Week 1,35,6+ hours,5,4,Sometimes,"ChatGPT, Claude",6 – 10,5,"Mobile-only access, Health / stress issues",4,2,False,85.0,Slightly better,YouTube,2026-01-31 18:25:54,Andhra Pradesh,Private University,B.Sc,3rd Year,7.0 – 8.0,0 – 2 hours,"YouTube, NPTEL / SWAYAM, Notion / Anki / Obsidian, College LMS, WhatsApp / Telegram",5,,,,,,,,
2955,0e155a1241bd00b2d588262223a52e0f8a911a4000092f096e6968dccae9e61b,2026-02-03 12:53:19,Week 1,15,0 – 2 hours,2,1,Never,NaN,0,1,Poor internet,2,4,False,,About the same,"YouTube, Physical Notes",2026-02-03 11:16:29,Tamil Nadu,IIT / NIT,B.Tech,4th Year,8.0 – 9.0,2 – 4 hours,"ChatGPT / AI tools, College LMS",2,,,,,,,,
2956,86b1b7c8fd97ac6aa33f3f67e3c3652ee35ae2226cc4798385726481eea05f57,2026-02-03 12:55:32,Week 1,25,2 – 4 hours,3,3,Often,ChatGPT,3 – 6,3,NaN,3,3,False,78.0,Slightly better,"YouTube, Coursera / Udemy / edX, College LMS",2026-01-31 18:50:27,Tamil Nadu,Central University,B.Tech,1st Year,7.0 – 8.0,0 – 2 hours,"YouTube, ChatGPT / AI tools, College LMS, WhatsApp / Telegram",4,,,,,,,,
2957,48cdb835c278ac6b10eed195f85632896d3be15d20d75197a0b916b2395939a6,2026-02-03 17:14:22,Week 3,30,2 – 4 hours,3,2,Often,"ChatGPT, Google Gemini, GitHub Copilot",10+,5,Health / stress issues,4,5,False,,Slightly better,"YouTube, College LMS",2026-01-27 00:18:46,Telangana,IIT / NIT,B.Sc,3rd Year,7.0 – 8.0,0 – 2 hours,"YouTube, NPTEL / SWAYAM, ChatGPT / AI tools, WhatsApp / Telegram, Physical notes only",5,,,,,,,,
2958,32b68dc8923730efba7e69129bcc4d5555495cc9359174e99e3d50570ce6de44,2026-02-05 21:45:35,Week 1,0,4 – 6 hours,3,3,Sometimes,"ChatGPT, Google Gemini, Claude, Perplexity AI, Canva AI",1 – 3,3,NaN,3,3,False,,About the same,"YouTube, NPTEL / SWAYAM, Coursera / Udemy / edX, College LMS, WhatsApp / Telegram (for study purposes)",2026-01-31 14:55:58,Kerala,State University,B.Sc,1st Year,7.0 – 8.0,0 – 2 hours,"YouTube, ChatGPT / AI tools, College LMS, WhatsApp / Telegram",4,,,,,,,,
2959,3d83828233d057f5e1e37a4c9e784850077d6638768e69b0f6b5d4e5e2dfc994,2026-02-05 21:49:41,Week 1,10,0 – 2 hours,5,3,Sometimes,"ChatGPT, Google Gemini, Microsoft Copilot, Perplexity AI, GitHub Copilot, Canva AI, Khanmigo (Khan Academy AI)",1 – 3,3,"Poor internet, Mobile-only access, No quiet study space",3,5,False,94.0,Much better,"YouTube, NPTEL / SWAYAM, Coursera / Udemy / edX, College LMS, Notion / Anki / Obsidian, WhatsApp / Telegram (for study purposes), Physical Notes",2026-01-12 21:41:37,Tamil Nadu,Private University,B.Tech,3rd Year,8.0 – 9.0,0 – 2 hours,"YouTube, ChatGPT / AI tools",2,,,,,,,,
2960,b9c03c59028b4485073ac377b7c14dfe728898b0dccd931ebc2eea5d5b1d746a,2026-02-05 21:53:36,Week 1,70,2 – 4 hours,1,1,Sometimes,ChatGPT,10+,3,NaN,2,1,False,,Slightly better,"YouTube, WhatsApp / Telegram (for study purposes)",2025-12-27 14:52:29,Tamil Nadu,Central University,B.Tech,3rd Year,8.0 – 9.0,2 – 4 hours,"ChatGPT / AI tools, College LMS, WhatsApp / Telegram",3,,,,,,,,
2961,49c29b44c0f2dba949371e3de5aaea4ace47ef333c771bda5ab86551a01e7a7d,2026-02-05 22:29:26,Week 1,0,0 – 2 hours,1,1,Never,"ChatGPT, Google Gemini, Microsoft Copilot",1 – 3,3,"Poor internet, Mobile-only access, No quiet study space, Health / stress issues",1,4,False,70.0,About the same,YouTube,2026-02-02 12:49:39,Uttar Pradesh,Central University,B.Tech,Others,8.0 – 9.0,2 – 4 hours,"YouTube, ChatGPT / AI tools",2,,,,,,,,
2962,c4fc9686cc1b927682fbf989fe97901e479c7d5a214ce073d7cc6062f4682ed6,2026-02-08 10:09:09,Week 2,1,0 – 2 hours,4,1,Never,"ChatGPT, Google Gemini",3 – 6,5,NaN,5,5,False,,About the same,WhatsApp / Telegram (for study purposes),2026-02-23 10:06:40,Andhra Pradesh,Private University,B.Com,3rd Year,6.0 – 7.0,0 – 2 hours,"Coursera / Udemy / edX, ChatGPT / AI tools, Notion / Anki / Obsidian, WhatsApp / Telegram",4,,,,,,,,
2963,a0844c331d7454600df29956fea1f640e9035aa0e376172eded377ff472dedbe,2026-02-16 08:39:48,Week 3,4,0 – 2 hours,3,1,Never,ChatGPT,6 – 10,4,NaN,4,3,False,,About the same,"YouTube, WhatsApp / Telegram (for study purposes)",2026-01-31 18:46:52,Karnataka,Central University,B.Sc,1st Year,7.0 – 8.0,2 – 4 hours,"NPTEL / SWAYAM, Coursera / Udemy / edX, ChatGPT / AI tools, College LMS, WhatsApp / Telegram, Physical notes",6,,,,,,,,
2964,ace8e293cc91c35e822f9101bc4e97d2ad904d1e130b4402fd6a6642f245665e,2026-02-19 09:15:03,Week 2,6,0 – 2 hours,3,3,Rarely,"ChatGPT, Google Gemini, Claude",1 – 3,4,"Poor internet, No quiet study space",4,4,False,80.0,Slightly better,"YouTube, WhatsApp / Telegram (for study purposes), Physical Notes",2026-02-23 10:12:43,Kerala,State University,B.Tech,2nd Year,6.0 – 7.0,0 – 2 hours,"NPTEL / SWAYAM, Notion / Anki / Obsidian",2,,,,,,,,
2965,c4fc9686cc1b927682fbf989fe97901e479c7d5a214ce073d7cc6062f4682ed6,2026-02-19 09:18:05,Week 3,5,0 – 2 hours,2,2,Rarely,"ChatGPT, Google Gemini",1 – 3,2,"Poor internet, No quiet study space, Health / stress issues",2,4,False,60.0,Slightly worse,"NPTEL / SWAYAM, WhatsApp / Telegram (for study purposes), Physical Notes",2026-02-23 10:06:40,Andhra Pradesh,Private University,B.Com,3rd Year,6.0 – 7.0,0 – 2 hours,"Coursera / Udemy / edX, ChatGPT / AI tools, Notion / Anki / Obsidian, WhatsApp / Telegram",4,,,,,,,,
3108,ef4aca4b5a9ddc8cfe1cda04eef5cb540a47e603dac29e3f59b7bdd1a387191d,2026-02-26 11:52:52,Week 4,45,4 – 6 hours,2,2,Sometimes,"ChatGPT, QuillBot",3 – 6,3,NaN,3,3,False,,Slightly better,"YouTube, College LMS",2026-02-02 12:52:17,Maharashtra,Private University,B.Tech,Others,6.0 – 7.0,2 – 4 hours,"YouTube, ChatGPT / AI tools",2,,,,,,,,
2966,e9f047d3c2da21e5de56f3abab5c156cedf45843e25e1cc9c00e542a0848fb89,2026-02-19 09:19:09,Week 3,6,0 – 2 hours,3,3,Never,"ChatGPT, Google Gemini, Claude, Perplexity AI, GitHub Copilot",3 – 6,3,"Poor internet, No quiet study space",3,3,False,,About the same,"YouTube, Notion / Anki / Obsidian, WhatsApp / Telegram (for study purposes), Physical Notes",2026-02-23 10:04:41,Andhra Pradesh,Central University,B.Tech,2nd Year,7.0 – 8.0,0 – 2 hours,"YouTube, NPTEL / SWAYAM, Coursera / Udemy / edX, Notion / Anki / Obsidian, WhatsApp / Telegram",5,,,,,,,,
2967,3d83828233d057f5e1e37a4c9e784850077d6638768e69b0f6b5d4e5e2dfc994,2026-02-19 09:20:04,Week 4,7,2 – 4 hours,3,4,Never,"ChatGPT, Google Gemini, Microsoft Copilot, Claude, Perplexity AI",1 – 3,3,Poor internet,3,4,False,,About the same,"YouTube, WhatsApp / Telegram (for study purposes), Physical Notes",2026-01-12 21:41:37,Tamil Nadu,Private University,B.Tech,3rd Year,8.0 – 9.0,0 – 2 hours,"YouTube, ChatGPT / AI tools",2,,,,,,,,
2968,b7c45e43b3e4defcfa15c66053995acfb95306f516892ea504b4a561e64a85b9,2026-02-19 09:21:21,Week 4,7,2 – 4 hours,3,3,Never,"ChatGPT, Google Gemini, GitHub Copilot",1 – 3,2,Health / stress issues,2,3,False,70.0,About the same,"YouTube, WhatsApp / Telegram (for study purposes), Physical Notes",2026-01-31 18:40:13,Tamil Nadu,IIT / NIT,B.Sc,2nd Year,6.0 – 7.0,0 – 2 hours,"YouTube, NPTEL / SWAYAM, ChatGPT / AI tools",3,,,,,,,,
2969,3d83828233d057f5e1e37a4c9e784850077d6638768e69b0f6b5d4e5e2dfc994,2026-02-19 09:22:29,Week 4,5,0 – 2 hours,1,1,Never,ChatGPT,1 – 3,2,Poor internet,2,2,False,,Slightly worse,YouTube,2026-01-12 21:41:37,Tamil Nadu,Private University,B.Tech,3rd Year,8.0 – 9.0,0 – 2 hours,"YouTube, ChatGPT / AI tools",2,,,,,,,,
2970,ef4aca4b5a9ddc8cfe1cda04eef5cb540a47e603dac29e3f59b7bdd1a387191d,2026-02-19 09:23:22,Week 4,8,2 – 4 hours,4,4,Never,"ChatGPT, Google Gemini, Microsoft Copilot, Claude, GitHub Copilot",3 – 6,4,Poor internet,4,4,False,60.0,Slightly better,"YouTube, WhatsApp / Telegram (for study purposes), Physical Notes",2026-02-02 12:52:17,Maharashtra,Private University,B.Tech,Others,6.0 – 7.0,2 – 4 hours,"YouTube, ChatGPT / AI tools",2,,,,,,,,
2971,5e849a6892d6df48c1362529cab706d619efa96a172b3f715bc1f5ccd5ca61ec,2026-02-22 21:39:27,Week 4,6,0 – 2 hours,5,1,Never,ChatGPT,3 – 6,4,Health / stress issues,3,3,False,80.0,Slightly worse,"WhatsApp / Telegram (for study purposes), Physical Notes",2026-02-02 13:01:28,Uttar Pradesh,IIT / NIT,BA,Others,8.0 – 9.0,2 – 4 hours,"YouTube, ChatGPT / AI tools",2,,,,,,,,
2972,ace8e293cc91c35e822f9101bc4e97d2ad904d1e130b4402fd6a6642f245665e,2026-02-23 10:18:52,Week 1,20,2 – 4 hours,3,3,Sometimes,"ChatGPT, Google Gemini, Microsoft Copilot, Claude, Perplexity AI, Grammarly, GitHub Copilot",3 – 6,4,"Poor internet, Mobile-only access, No quiet study space, Health / stress issues",2,2,False,,About the same,"YouTube, NPTEL / SWAYAM, Coursera / Udemy / edX, College LMS, WhatsApp / Telegram (for study purposes)",2026-02-23 10:12:43,Kerala,State University,B.Tech,2nd Year,6.0 – 7.0,0 – 2 hours,"NPTEL / SWAYAM, Notion / Anki / Obsidian",2,,,,,,,,
2973,caf626adf6b1139006e560ca8cc80b33ca449dfd93d89557b2b5dca8a09ea07f,2026-02-23 10:19:54,Week 1,30,2 – 4 hours,3,3,Often,"ChatGPT, Microsoft Copilot, Perplexity AI, Grammarly, QuillBot, Codeium, Tabnine",3 – 6,4,"Poor internet, No quiet study space, Health / stress issues, None",5,4,False,50.0,About the same,"NPTEL / SWAYAM, College LMS, Notion / Anki / Obsidian",2026-02-23 10:06:05,Karnataka,Private University,BA,3rd Year,7.0 – 8.0,2 – 4 hours,"YouTube, NPTEL / SWAYAM, Coursera / Udemy / edX, ChatGPT / AI tools, Notion / Anki / Obsidian, WhatsApp / Telegram",6,,,,,,,,
2974,48cdb835c278ac6b10eed195f85632896d3be15d20d75197a0b916b2395939a6,2026-02-23 10:20:56,Week 1,35,4 – 6 hours,4,4,Often,"ChatGPT, Google Gemini, Microsoft Copilot, Perplexity AI, Grammarly, QuillBot",6 – 10,4,"Poor internet, No quiet study space, Health / stress issues",3,4,False,75.0,Slightly better,"YouTube, NPTEL / SWAYAM, Coursera / Udemy / edX, College LMS, Physical Notes",2026-01-27 00:18:46,Telangana,IIT / NIT,B.Sc,3rd Year,7.0 – 8.0,0 – 2 hours,"YouTube, NPTEL / SWAYAM, ChatGPT / AI tools, WhatsApp / Telegram, Physical notes only",5,,,,,,,,
2975,b9c03c59028b4485073ac377b7c14dfe728898b0dccd931ebc2eea5d5b1d746a,2026-02-23 10:22:44,Week 1,30,4 – 6 hours,3,3,Sometimes,"ChatGPT, Google Gemini, Microsoft Copilot, Claude, Notion AI, GitHub Copilot, Codeium",3 – 6,4,"Mobile-only access, No quiet study space",2,3,False,,About the same,"NPTEL / SWAYAM, College LMS, Notion / Anki / Obsidian, WhatsApp / Telegram (for study purposes)",2025-12-27 14:52:29,Tamil Nadu,Central University,B.Tech,3rd Year,8.0 – 9.0,2 – 4 hours,"ChatGPT / AI tools, College LMS, WhatsApp / Telegram",3,,,,,,,,
2976,9f7b57d47f3cd447af0a85a35c1ce5b1287d471159595088cd7493a849b93059,2026-02-23 10:23:43,Week 1,40,4 – 6 hours,2,2,Never,"ChatGPT, Google Gemini, Microsoft Copilot, Claude, Perplexity AI, Grammarly, QuillBot, Notion AI, Jasper AI, GitHub Copilot, Codeium, Replit AI, Tabnine",3 – 6,3,No quiet study space,3,4,False,59.0,Slightly worse,"YouTube, NPTEL / SWAYAM, College LMS, Notion / Anki / Obsidian, WhatsApp / Telegram (for study purposes)",2026-02-02 12:38:26,Punjab,Central University,B.Tech,1st Year,6.0 – 7.0,4 – 6 hours,"YouTube, NPTEL / SWAYAM, Coursera / Udemy / edX, ChatGPT / AI tools, College LMS, WhatsApp / Telegram",6,,,,,,,,
2977,0e155a1241bd00b2d588262223a52e0f8a911a4000092f096e6968dccae9e61b,2026-02-23 10:35:09,Week 2,45,4 – 6 hours,4,2,Rarely,"ChatGPT, Google Gemini, Microsoft Copilot, Claude, Perplexity AI, Grammarly, Jasper AI, Tabnine, Canva AI, Adobe Firefly",6 – 10,4,Mobile-only access,4,4,False,80.0,Slightly better,"YouTube, Coursera / Udemy / edX, Notion / Anki / Obsidian, Physical Notes",2026-02-03 11:16:29,Tamil Nadu,IIT / NIT,B.Tech,4th Year,8.0 – 9.0,2 – 4 hours,"ChatGPT / AI tools, College LMS",2,,,,,,,,
2978,132137538b93be89ed6c9815b322a7a0f58530b8c229d1809265140f5cb8c398,2026-02-23 10:35:57,Week 2,50,4 – 6 hours,2,2,Rarely,"ChatGPT, Google Gemini, Microsoft Copilot, Claude, Grammarly, Jasper AI, Codeium, Replit AI, DALL·E, Adobe Firefly, Khanmigo (Khan Academy AI)",6 – 10,4,NaN,4,3,False,90.0,Slightly better,"YouTube, NPTEL / SWAYAM, Coursera / Udemy / edX, College LMS, Notion / Anki / Obsidian",2026-01-13 19:44:22,Tamil Nadu,Deemed University,B.Tech,3rd Year,7.0 – 8.0,2 – 4 hours,"YouTube, ChatGPT / AI tools",2,,,,,,,,
2979,ea6dc2fae8a61411b9d6de51699ca6787330c0036ffedddf4a649648fefe8732,2026-02-23 10:36:55,Week 2,60,6+ hours,3,3,Sometimes,"ChatGPT, Google Gemini, Microsoft Copilot, Claude, Grammarly, QuillBot, Jasper AI, Codeium, Tabnine, Canva AI, Adobe Firefly",10+,5,Health / stress issues,5,5,False,80.0,Slightly better,"YouTube, NPTEL / SWAYAM, Coursera / Udemy / edX, College LMS, Notion / Anki / Obsidian, WhatsApp / Telegram (for study purposes), Physical Notes",2026-01-31 18:48:18,Andhra Pradesh,Private University,B.Tech,4th Year,7.0 – 8.0,2 – 4 hours,"YouTube, ChatGPT / AI tools, College LMS, WhatsApp / Telegram",4,,,,,,,,
2980,f8041b50a2c1379ae1a539104ac8cfff2e7475d9225620826e59c80d286afe76,2026-02-23 10:37:44,Week 2,70,6+ hours,3,3,Sometimes,"ChatGPT, Google Gemini, Microsoft Copilot, Claude, Perplexity AI, Grammarly, QuillBot, Notion AI, Codeium, Replit AI, Canva AI, DALL·E, Midjourney, Adobe Firefly",6 – 10,4,"Poor internet, No quiet study space, Health / stress issues",5,4,False,,About the same,"YouTube, NPTEL / SWAYAM, Coursera / Udemy / edX, College LMS, Notion / Anki / Obsidian, WhatsApp / Telegram (for study purposes), Physical Notes",2026-01-31 18:25:54,Andhra Pradesh,Private University,B.Sc,3rd Year,7.0 – 8.0,0 – 2 hours,"YouTube, NPTEL / SWAYAM, Notion / Anki / Obsidian, College LMS, WhatsApp / Telegram",5,,,,,,,,
2981,f8ecea41f5799921e46e5d82b8d41d92dba1fca7a66ca63506cc3c0aab382672,2026-02-23 10:38:39,Week 2,60,6+ hours,3,3,Often,"ChatGPT, Google Gemini, Microsoft Copilot, Claude, Perplexity AI, Grammarly, Jasper AI, GitHub Copilot, Canva AI",6 – 10,3,NaN,4,4,False,75.0,Much better,"YouTube, NPTEL / SWAYAM, Coursera / Udemy / edX, College LMS, Notion / Anki / Obsidian, WhatsApp / Telegram (for study purposes), Physical Notes",2026-01-27 17:56:30,Uttar Pradesh,Central University,B.Tech,4th Year,7.0 – 8.0,4 – 6 hours,"YouTube, NPTEL / SWAYAM, Coursera / Udemy / edX, ChatGPT / AI tools, Notion / Anki / Obsidian",5,,,,,,,,
2982,bed0f2897fdcff9c379616ea83849b1ca59a967db6315c91cd8fcf4fcf4c7216,2026-02-23 10:40:54,Week 2,70,6+ hours,4,1,Often,"ChatGPT, Google Gemini, Microsoft Copilot, Claude, Perplexity AI, Grammarly, QuillBot, Notion AI, GitHub Copilot, DALL·E",10+,4,Health / stress issues,4,4,False,85.0,About the same,"YouTube, NPTEL / SWAYAM, Coursera / Udemy / edX, College LMS, Notion / Anki / Obsidian, WhatsApp / Telegram (for study purposes), Physical Notes",2026-01-31 18:46:23,Andhra Pradesh,State University,B.Sc,2nd Year,7.0 – 8.0,2 – 4 hours,"YouTube, NPTEL / SWAYAM, WhatsApp / Telegram",3,,,,,,,,
2983,f72f420debc36def28125c58c71822ce49043914a9406e73923965f87c8cb669,2026-02-23 10:42:01,Week 2,65,6+ hours,4,2,Sometimes,"ChatGPT, Google Gemini, Microsoft Copilot, Claude, Perplexity AI, Grammarly, QuillBot, Notion AI, Codeium",6 – 10,4,Health / stress issues,3,3,False,70.0,Much better,"YouTube, NPTEL / SWAYAM, Coursera / Udemy / edX, College LMS, Notion / Anki / Obsidian, WhatsApp / Telegram (for study purposes), Physical Notes",2026-01-12 23:37:58,Karnataka,Private University,BA,3rd Year,8.0 – 9.0,0 – 2 hours,"YouTube, ChatGPT / AI tools, WhatsApp / Telegram, Physical notes only",4,,,,,,,,
2984,9c37b8db9c39e670e8422cf5afe252221762450c6f3d1f72c8ef3cdfe0a584e6,2026-02-23 10:42:59,Week 2,55,6+ hours,5,5,Always,"ChatGPT, Google Gemini, Microsoft Copilot, Claude, Perplexity AI, Grammarly, QuillBot, Jasper AI, GitHub Copilot, Replit AI",10+,5,No quiet study space,5,5,False,80.0,Slightly better,"YouTube, NPTEL / SWAYAM, Coursera / Udemy / edX, College LMS, WhatsApp / Telegram (for study purposes)",2026-02-23 10:10:44,Tamil Nadu,State University,B.Sc,2nd Year,7.0 – 8.0,2 – 4 hours,"YouTube, NPTEL / SWAYAM, Coursera / Udemy / edX, ChatGPT / AI tools, College LMS",5,,,,,,,,
3009,384ceb85e96e6aa2ecda396e81a782b00f64a547b8639cec5570f556cec3c71d,2026-02-26 09:57:57,Week 2,69,6+ hours,5,5,Always,"ChatGPT, Google Gemini, Microsoft Copilot, Claude, Perplexity AI, Canva AI",10+,5,NaN,5,5,False,80.0,Much better,"YouTube, College LMS, WhatsApp / Telegram (for study purposes), Physical Notes",2026-02-23 10:05:39,Kerala,Private University,B.Com,2nd Year,8.0 – 9.0,4 – 6 hours,"NPTEL / SWAYAM, Coursera / Udemy / edX, College LMS, Physical notes",4,,,,,,,,
2985,219d4ac6903fffab5ab1d64d6ed0b331adcc691f0e116fb7f62cefba91f7b0ec,2026-02-23 10:44:12,Week 2,50,6+ hours,5,2,Sometimes,"ChatGPT, Google Gemini, Microsoft Copilot, Claude, Perplexity AI, Grammarly, Notion AI, Codeium, Tabnine, Canva AI",10+,5,Mobile-only access,5,4,False,66.0,Slightly worse,"YouTube, NPTEL / SWAYAM, Coursera / Udemy / edX, College LMS, Notion / Anki / Obsidian, WhatsApp / Telegram (for study purposes), Physical Notes",2025-12-26 18:34:24,Andhra Pradesh,Private University,B.Tech,3rd Year,9.0+,0 – 2 hours,ChatGPT / AI tools,1,,,,,,,,
2986,1dd2975d45d1e27948cae456e3827e3b50778c013fecee985fb0422f4a492ba2,2026-02-23 10:45:06,Week 2,60,6+ hours,5,3,Sometimes,"ChatGPT, Google Gemini, Microsoft Copilot, Claude, Perplexity AI, Grammarly, QuillBot, Notion AI, GitHub Copilot, Replit AI, Canva AI, Adobe Firefly",6 – 10,4,"Poor internet, No quiet study space",5,4,False,56.0,Much worse,"YouTube, NPTEL / SWAYAM, Coursera / Udemy / edX, College LMS, Notion / Anki / Obsidian, WhatsApp / Telegram (for study purposes), Physical Notes",2026-02-19 13:17:59,Andhra Pradesh,State University,B.Tech,2nd Year,7.0 – 8.0,6+ hours,"YouTube, NPTEL / SWAYAM, Coursera / Udemy / edX, ChatGPT / AI tools, Notion / Anki / Obsidian, College LMS, WhatsApp / Telegram, Physical notes",8,,,,,,,,
2987,9f7b57d47f3cd447af0a85a35c1ce5b1287d471159595088cd7493a849b93059,2026-02-23 10:46:14,Week 2,56,6+ hours,5,2,Sometimes,"ChatGPT, Google Gemini, Microsoft Copilot, Claude, Perplexity AI, Grammarly, QuillBot, Notion AI",10+,4,"Poor internet, Mobile-only access",3,3,False,60.0,Slightly worse,"YouTube, NPTEL / SWAYAM, Coursera / Udemy / edX, College LMS, Notion / Anki / Obsidian, WhatsApp / Telegram (for study purposes), Physical Notes",2026-02-02 12:38:26,Punjab,Central University,B.Tech,1st Year,6.0 – 7.0,4 – 6 hours,"YouTube, NPTEL / SWAYAM, Coursera / Udemy / edX, ChatGPT / AI tools, College LMS, WhatsApp / Telegram",6,,,,,,,,
2988,f90ab6deefe14d178606a393182b36cdc645169d692772666b9c29214c2a4e40,2026-02-23 10:47:04,Week 2,60,4 – 6 hours,4,5,Sometimes,"ChatGPT, Google Gemini, Microsoft Copilot, Claude, Perplexity AI, Grammarly, QuillBot, Notion AI, Jasper AI",10+,5,Poor internet,5,5,False,75.0,About the same,"YouTube, College LMS, WhatsApp / Telegram (for study purposes), Physical Notes",2026-02-05 21:56:57,Telangana,Private University,B.Tech,3rd Year,7.0 – 8.0,0 – 2 hours,"ChatGPT / AI tools, WhatsApp / Telegram",2,,,,,,,,
2989,522e39ae01bce33e97b085b9517a3680984adf0d38e718487e3314eb74127ab2,2026-02-23 10:48:16,Week 2,45,4 – 6 hours,5,3,Often,"ChatGPT, Google Gemini, Claude, Perplexity AI, Grammarly",6 – 10,4,Poor internet,5,4,False,90.0,Slightly better,"YouTube, NPTEL / SWAYAM, College LMS, WhatsApp / Telegram (for study purposes)",2026-01-31 18:48:52,Tamil Nadu,State University,B.Tech,2nd Year,Below 6.0,0 – 2 hours,"YouTube, ChatGPT / AI tools, WhatsApp / Telegram",3,,,,,,,,
2990,9c37b8db9c39e670e8422cf5afe252221762450c6f3d1f72c8ef3cdfe0a584e6,2026-02-23 10:49:33,Week 3,20,2 – 4 hours,2,2,Rarely,"ChatGPT, Google Gemini",3 – 6,3,Poor internet,2,2,False,,Slightly worse,"YouTube, WhatsApp / Telegram (for study purposes)",2026-02-23 10:10:44,Tamil Nadu,State University,B.Sc,2nd Year,7.0 – 8.0,2 – 4 hours,"YouTube, NPTEL / SWAYAM, Coursera / Udemy / edX, ChatGPT / AI tools, College LMS",5,,,,,,,,
2991,81ddebb1fc0e6b009a5655dea87854093d1374914f03d128e615c955c9007504,2026-02-23 11:07:02,Week 3,40,4 – 6 hours,3,3,Sometimes,"ChatGPT, Google Gemini, Microsoft Copilot, Claude, Perplexity AI, Grammarly",3 – 6,2,NaN,3,3,False,,Slightly worse,"YouTube, College LMS, Notion / Anki / Obsidian",2026-01-12 20:20:23,Tamil Nadu,Private University,B.Tech,3rd Year,7.0 – 8.0,2 – 4 hours,"YouTube, ChatGPT / AI tools, WhatsApp / Telegram, Physical notes only",4,,,,,,,,
2992,81ddebb1fc0e6b009a5655dea87854093d1374914f03d128e615c955c9007504,2026-02-23 11:07:50,Week 3,30,2 – 4 hours,2,2,Rarely,"ChatGPT, Google Gemini, Perplexity AI, Grammarly",1 – 3,2,NaN,3,3,False,,Slightly worse,"YouTube, NPTEL / SWAYAM, Coursera / Udemy / edX, College LMS",2026-01-12 20:20:23,Tamil Nadu,Private University,B.Tech,3rd Year,7.0 – 8.0,2 – 4 hours,"YouTube, ChatGPT / AI tools, WhatsApp / Telegram, Physical notes only",4,,,,,,,,
2993,26234105c87439e0dc4fb999632d3a5406775cc0728c26840e4a6b26d071341b,2026-02-23 11:08:32,Week 3,30,4 – 6 hours,2,2,Sometimes,"ChatGPT, Google Gemini, Microsoft Copilot, Claude, Perplexity AI",1 – 3,2,Poor internet,2,2,False,,Much worse,"YouTube, NPTEL / SWAYAM, Coursera / Udemy / edX, College LMS",2026-01-12 20:18:58,Tamil Nadu,Private University,B.Tech,2nd Year,6.0 – 7.0,0 – 2 hours,"YouTube, ChatGPT / AI tools, College LMS",3,,,,,,,,
2994,ea6dc2fae8a61411b9d6de51699ca6787330c0036ffedddf4a649648fefe8732,2026-02-23 11:09:19,Week 3,30,2 – 4 hours,3,3,Sometimes,"ChatGPT, Google Gemini, Microsoft Copilot, Claude, Perplexity AI, QuillBot",1 – 3,3,NaN,3,3,False,,About the same,"YouTube, NPTEL / SWAYAM, Coursera / Udemy / edX, College LMS",2026-01-31 18:48:18,Andhra Pradesh,Private University,B.Tech,4th Year,7.0 – 8.0,2 – 4 hours,"YouTube, ChatGPT / AI tools, College LMS, WhatsApp / Telegram",4,,,,,,,,
2995,e8386eec4c2f671d625ec0a877e0c9af57a196443df6751cfd908bc4bb188c51,2026-02-23 11:12:41,Week 3,20,2 – 4 hours,3,3,Sometimes,"ChatGPT, Google Gemini, Microsoft Copilot, Claude, Perplexity AI, Grammarly, QuillBot",1 – 3,3,Health / stress issues,2,2,False,,Slightly worse,"YouTube, NPTEL / SWAYAM, Coursera / Udemy / edX, College LMS, Notion / Anki / Obsidian",2026-01-31 18:42:45,Kerala,State University,B.Com,2nd Year,Prefer not to say,2 – 4 hours,"YouTube, NPTEL / SWAYAM, Coursera / Udemy / edX, Notion / Anki / Obsidian, Physical notes",5,,,,,,,,
2996,32b68dc8923730efba7e69129bcc4d5555495cc9359174e99e3d50570ce6de44,2026-02-23 11:13:20,Week 3,20,2 – 4 hours,2,2,Rarely,"ChatGPT, Google Gemini, Microsoft Copilot, Claude",1 – 3,2,NaN,3,2,False,,About the same,"YouTube, Coursera / Udemy / edX, Notion / Anki / Obsidian",2026-01-31 14:55:58,Kerala,State University,B.Sc,1st Year,7.0 – 8.0,0 – 2 hours,"YouTube, ChatGPT / AI tools, College LMS, WhatsApp / Telegram",4,,,,,,,,
2997,f90ab6deefe14d178606a393182b36cdc645169d692772666b9c29214c2a4e40,2026-02-23 11:14:00,Week 4,10,0 – 2 hours,1,1,Never,"ChatGPT, Google Gemini",1 – 3,2,Poor internet,1,1,False,,Much worse,"YouTube, Coursera / Udemy / edX",2026-02-05 21:56:57,Telangana,Private University,B.Tech,3rd Year,7.0 – 8.0,0 – 2 hours,"ChatGPT / AI tools, WhatsApp / Telegram",2,,,,,,,,
2998,5e849a6892d6df48c1362529cab706d619efa96a172b3f715bc1f5ccd5ca61ec,2026-02-24 12:14:09,Week 2,50,6+ hours,4,4,Sometimes,"ChatGPT, Google Gemini, Microsoft Copilot, Claude, Grammarly, QuillBot, Notion AI, Midjourney, Adobe Firefly, Khanmigo (Khan Academy AI)",6 – 10,5,"Poor internet, Mobile-only access, Health / stress issues",3,3,False,60.0,About the same,"YouTube, NPTEL / SWAYAM, Coursera / Udemy / edX, College LMS, Notion / Anki / Obsidian, WhatsApp / Telegram (for study purposes)",2026-02-02 13:01:28,Uttar Pradesh,IIT / NIT,BA,Others,8.0 – 9.0,2 – 4 hours,"YouTube, ChatGPT / AI tools",2,,,,,,,,
2999,9c37b8db9c39e670e8422cf5afe252221762450c6f3d1f72c8ef3cdfe0a584e6,2026-02-24 12:16:26,Week 2,40,4 – 6 hours,3,3,Sometimes,"ChatGPT, Google Gemini, Microsoft Copilot, Claude, Perplexity AI, Grammarly, QuillBot, GitHub Copilot, Codeium",6 – 10,4,"Poor internet, Mobile-only access, No quiet study space",3,3,False,70.0,Slightly better,"YouTube, NPTEL / SWAYAM, Coursera / Udemy / edX, College LMS, Notion / Anki / Obsidian, Physical Notes",2026-02-23 10:10:44,Tamil Nadu,State University,B.Sc,2nd Year,7.0 – 8.0,2 – 4 hours,"YouTube, NPTEL / SWAYAM, Coursera / Udemy / edX, ChatGPT / AI tools, College LMS",5,,,,,,,,
3000,9c37b8db9c39e670e8422cf5afe252221762450c6f3d1f72c8ef3cdfe0a584e6,2026-02-25 23:11:19,Week 3,4,2 – 4 hours,3,3,Sometimes,"ChatGPT, Microsoft Copilot, QuillBot",1 – 3,3,No quiet study space,3,3,False,,Slightly worse,YouTube,2026-02-23 10:10:44,Tamil Nadu,State University,B.Sc,2nd Year,7.0 – 8.0,2 – 4 hours,"YouTube, NPTEL / SWAYAM, Coursera / Udemy / edX, ChatGPT / AI tools, College LMS",5,,,,,,,,
3001,27d91473394ea1f8f97a8f1740492902f4ab1abbfe0b003e4536904eaba6dca0,2026-02-26 00:09:17,Week 3,2,0 – 2 hours,2,2,Rarely,ChatGPT,1 – 3,2,Poor internet,2,2,False,,Slightly worse,NaN,2026-01-31 18:43:28,Tamil Nadu,IIT / NIT,B.Tech,3rd Year,7.0 – 8.0,2 – 4 hours,"YouTube, NPTEL / SWAYAM, Coursera / Udemy / edX, ChatGPT / AI tools, Notion / Anki / Obsidian, College LMS, WhatsApp / Telegram, Physical notes",8,,,,,,,,
3002,e8386eec4c2f671d625ec0a877e0c9af57a196443df6751cfd908bc4bb188c51,2026-02-26 00:14:22,Week 2,9,6+ hours,5,5,Often,"ChatGPT, Google Gemini, Claude",3 – 6,4,NaN,4,5,False,,Much better,"YouTube, WhatsApp / Telegram (for study purposes), Physical Notes",2026-01-31 18:42:45,Kerala,State University,B.Com,2nd Year,Prefer not to say,2 – 4 hours,"YouTube, NPTEL / SWAYAM, Coursera / Udemy / edX, Notion / Anki / Obsidian, Physical notes",5,,,,,,,,
3003,384ceb85e96e6aa2ecda396e81a782b00f64a547b8639cec5570f556cec3c71d,2026-02-26 00:14:46,Week 1,68,4 – 6 hours,4,4,Often,"ChatGPT, Google Gemini, Microsoft Copilot, Claude, Perplexity AI",10+,5,NaN,4,4,False,,Slightly better,YouTube,2026-02-23 10:05:39,Kerala,Private University,B.Com,2nd Year,8.0 – 9.0,4 – 6 hours,"NPTEL / SWAYAM, Coursera / Udemy / edX, College LMS, Physical notes",4,,,,,,,,
3004,8773494ab4b07b7f7350b8d37e960ba5d05e7caf5ffbb75a943c63465a604b7f,2026-02-26 00:16:28,Week 2,68,6+ hours,5,5,Always,"ChatGPT, Google Gemini, Microsoft Copilot, Claude, Perplexity AI",10+,5,NaN,5,5,False,80.0,Much better,"YouTube, College LMS, WhatsApp / Telegram (for study purposes), Physical Notes",2026-01-31 18:47:34,Tamil Nadu,IIT / NIT,B.Tech,2nd Year,9.0+,4 – 6 hours,"YouTube, NPTEL / SWAYAM, Coursera / Udemy / edX, ChatGPT / AI tools, College LMS, WhatsApp / Telegram, Physical notes",7,,,,,,,,
3005,c4fc9686cc1b927682fbf989fe97901e479c7d5a214ce073d7cc6062f4682ed6,2026-02-26 00:17:35,Week 3,50,4 – 6 hours,3,3,Sometimes,ChatGPT,3 – 6,4,NaN,2,2,False,,Slightly worse,YouTube,2026-02-23 10:06:40,Andhra Pradesh,Private University,B.Com,3rd Year,6.0 – 7.0,0 – 2 hours,"Coursera / Udemy / edX, ChatGPT / AI tools, Notion / Anki / Obsidian, WhatsApp / Telegram",4,,,,,,,,
3006,49c29b44c0f2dba949371e3de5aaea4ace47ef333c771bda5ab86551a01e7a7d,2026-02-26 00:18:16,Week 4,2,0 – 2 hours,2,2,Rarely,NaN,0,1,NaN,1,1,False,,Much worse,NaN,2026-02-02 12:49:39,Uttar Pradesh,Central University,B.Tech,Others,8.0 – 9.0,2 – 4 hours,"YouTube, ChatGPT / AI tools",2,,,,,,,,
3007,794e3ecad2e18d7bce8d1013a9e08fe529cc63443905f9864cedec22f7a9459b,2026-02-26 00:18:30,Week 4,40,2 – 4 hours,3,3,Never,ChatGPT,1 – 3,3,NaN,3,1,False,,Much worse,YouTube,2025-12-27 12:35:23,Tamil Nadu,Deemed University,B.Tech,3rd Year,6.0 – 7.0,0 – 2 hours,"YouTube, ChatGPT / AI tools",2,,,,,,,,
3008,3a16c6fa9dbc26f91e12cdd112bec4f2953a34f47097d3424e3f551bb022a684,2026-02-26 09:56:15,Week 1,67,6+ hours,4,4,Often,"ChatGPT, Google Gemini, Microsoft Copilot, Claude, Perplexity AI",6 – 10,4,NaN,4,4,False,,Slightly better,"YouTube, College LMS, WhatsApp / Telegram (for study purposes), Physical Notes",2026-01-31 18:44:48,Tamil Nadu,Private University,BBA,1st Year,6.0 – 7.0,0 – 2 hours,"YouTube, Coursera / Udemy / edX, ChatGPT / AI tools, College LMS, WhatsApp / Telegram, Physical notes",6,,,,,,,,
3010,132137538b93be89ed6c9815b322a7a0f58530b8c229d1809265140f5cb8c398,2026-02-26 10:04:30,Week 3,46,4 – 6 hours,3,3,Sometimes,"ChatGPT, Microsoft Copilot",3 – 6,2,NaN,3,2,False,,Slightly worse,"YouTube, College LMS, WhatsApp / Telegram (for study purposes), Physical Notes",2026-01-13 19:44:22,Tamil Nadu,Deemed University,B.Tech,3rd Year,7.0 – 8.0,2 – 4 hours,"YouTube, ChatGPT / AI tools",2,,,,,,,,
3011,97b26b3698560201c1218be1d50871d93f4ae1f4a79deeb268b0ba686e43fdeb,2026-02-26 10:05:56,Week 3,20,2 – 4 hours,2,2,Never,"ChatGPT, Google Gemini",1 – 3,2,NaN,2,1,False,,Slightly better,YouTube,2025-12-26 07:18:01,Tamil Nadu,Deemed University,B.Tech,3rd Year,8.0 – 9.0,0 – 2 hours,"ChatGPT / AI tools, College LMS, WhatsApp / Telegram",3,,,,,,,,
3012,0e155a1241bd00b2d588262223a52e0f8a911a4000092f096e6968dccae9e61b,2026-02-26 10:07:56,Week 3,10,0 – 2 hours,1,1,Never,"ChatGPT, Google Gemini",1 – 3,2,NaN,1,1,False,,Much worse,"YouTube, College LMS",2026-02-03 11:16:29,Tamil Nadu,IIT / NIT,B.Tech,4th Year,8.0 – 9.0,2 – 4 hours,"ChatGPT / AI tools, College LMS",2,,,,,,,,
3013,32b68dc8923730efba7e69129bcc4d5555495cc9359174e99e3d50570ce6de44,2026-02-26 10:07:59,Week 3,17,6+ hours,3,3,Sometimes,"ChatGPT, Perplexity AI",6 – 10,4,NaN,4,3,False,,About the same,"YouTube, WhatsApp / Telegram (for study purposes), Physical Notes",2026-01-31 14:55:58,Kerala,State University,B.Sc,1st Year,7.0 – 8.0,0 – 2 hours,"YouTube, ChatGPT / AI tools, College LMS, WhatsApp / Telegram",4,,,,,,,,
3014,26234105c87439e0dc4fb999632d3a5406775cc0728c26840e4a6b26d071341b,2026-02-26 10:09:09,Week 3,15,0 – 2 hours,1,1,Never,"ChatGPT, Google Gemini",1 – 3,2,NaN,1,1,False,,Slightly worse,"YouTube, College LMS, Physical Notes",2026-01-12 20:18:58,Tamil Nadu,Private University,B.Tech,2nd Year,6.0 – 7.0,0 – 2 hours,"YouTube, ChatGPT / AI tools, College LMS",3,,,,,,,,
3015,86b1b7c8fd97ac6aa33f3f67e3c3652ee35ae2226cc4798385726481eea05f57,2026-02-26 10:10:18,Week 3,10,0 – 2 hours,1,1,Never,ChatGPT,1 – 3,2,NaN,1,1,False,,Much worse,YouTube,2026-01-31 18:50:27,Tamil Nadu,Central University,B.Tech,1st Year,7.0 – 8.0,0 – 2 hours,"YouTube, ChatGPT / AI tools, College LMS, WhatsApp / Telegram",4,,,,,,,,
3016,f5df30de694992a770d857d674587e781574c81ffc40be127f93b6a3d3a95f48,2026-02-26 10:11:24,Week 3,10,0 – 2 hours,2,2,Never,"ChatGPT, Google Gemini",1 – 3,1,NaN,2,1,False,,Much worse,YouTube,2026-02-23 10:05:11,Andhra Pradesh,State University,B.Sc,3rd Year,Prefer not to say,2 – 4 hours,"YouTube, Coursera / Udemy / edX, Notion / Anki / Obsidian, WhatsApp / Telegram, Physical notes",5,,,,,,,,
3017,219d4ac6903fffab5ab1d64d6ed0b331adcc691f0e116fb7f62cefba91f7b0ec,2026-02-26 10:12:20,Week 3,10,2 – 4 hours,1,1,Never,ChatGPT,1 – 3,1,NaN,1,2,False,,Slightly worse,YouTube,2025-12-26 18:34:24,Andhra Pradesh,Private University,B.Tech,3rd Year,9.0+,0 – 2 hours,ChatGPT / AI tools,1,,,,,,,,
3018,63c23cf4b390284f3ce1175699f5efa501022ba212fe21be99dc9e2d21deebbf,2026-02-26 10:13:20,Week 3,10,2 – 4 hours,1,1,Never,"ChatGPT, Google Gemini",1 – 3,2,NaN,2,1,False,,Slightly worse,YouTube,2026-02-02 12:38:59,Rajasthan,State University,B.Sc,2nd Year,7.0 – 8.0,4 – 6 hours,"Coursera / Udemy / edX, ChatGPT / AI tools, Notion / Anki / Obsidian, College LMS, Physical notes",5,,,,,,,,
3019,794e3ecad2e18d7bce8d1013a9e08fe529cc63443905f9864cedec22f7a9459b,2026-02-26 10:14:20,Week 3,10,0 – 2 hours,1,1,Never,ChatGPT,1 – 3,2,NaN,2,1,False,,Much worse,YouTube,2025-12-27 12:35:23,Tamil Nadu,Deemed University,B.Tech,3rd Year,6.0 – 7.0,0 – 2 hours,"YouTube, ChatGPT / AI tools",2,,,,,,,,
3020,97b26b3698560201c1218be1d50871d93f4ae1f4a79deeb268b0ba686e43fdeb,2026-02-26 10:14:42,Week 4,10,6+ hours,2,2,Sometimes,"ChatGPT, Google Gemini",3 – 6,4,No quiet study space,3,3,False,,About the same,"YouTube, Coursera / Udemy / edX",2025-12-26 07:18:01,Tamil Nadu,Deemed University,B.Tech,3rd Year,8.0 – 9.0,0 – 2 hours,"ChatGPT / AI tools, College LMS, WhatsApp / Telegram",3,,,,,,,,
3021,63c23cf4b390284f3ce1175699f5efa501022ba212fe21be99dc9e2d21deebbf,2026-02-26 10:15:38,Week 3,8,2 – 4 hours,1,1,Never,Google Gemini,1 – 3,1,NaN,1,1,False,,Slightly worse,YouTube,2026-02-02 12:38:59,Rajasthan,State University,B.Sc,2nd Year,7.0 – 8.0,4 – 6 hours,"Coursera / Udemy / edX, ChatGPT / AI tools, Notion / Anki / Obsidian, College LMS, Physical notes",5,,,,,,,,
3022,86b1b7c8fd97ac6aa33f3f67e3c3652ee35ae2226cc4798385726481eea05f57,2026-02-26 10:17:37,Week 3,9,0 – 2 hours,1,2,Never,ChatGPT,1 – 3,1,NaN,1,1,False,,Slightly worse,YouTube,2026-01-31 18:50:27,Tamil Nadu,Central University,B.Tech,1st Year,7.0 – 8.0,0 – 2 hours,"YouTube, ChatGPT / AI tools, College LMS, WhatsApp / Telegram",4,,,,,,,,
3023,9c37b8db9c39e670e8422cf5afe252221762450c6f3d1f72c8ef3cdfe0a584e6,2026-02-26 10:18:30,Week 3,6,0 – 2 hours,1,1,Never,ChatGPT,1 – 3,1,NaN,1,1,False,,Much worse,YouTube,2026-02-23 10:10:44,Tamil Nadu,State University,B.Sc,2nd Year,7.0 – 8.0,2 – 4 hours,"YouTube, NPTEL / SWAYAM, Coursera / Udemy / edX, ChatGPT / AI tools, College LMS",5,,,,,,,,
3024,7b5c4bd7d59556f437489bc9729a8c19655b90085e45e8dff621cf66913fc521,2026-02-26 10:19:45,Week 3,8,0 – 2 hours,1,1,Never,ChatGPT,0,1,NaN,1,1,False,,Much worse,YouTube,2026-02-23 10:13:22,Kerala,State University,B.Tech,3rd Year,Prefer not to say,2 – 4 hours,"YouTube, NPTEL / SWAYAM, Coursera / Udemy / edX, ChatGPT / AI tools, Notion / Anki / Obsidian, College LMS, WhatsApp / Telegram, Physical notes",8,,,,,,,,
3025,132137538b93be89ed6c9815b322a7a0f58530b8c229d1809265140f5cb8c398,2026-02-26 10:21:01,Week 3,35,2 – 4 hours,2,2,Rarely,Google Gemini,1 – 3,1,NaN,1,2,False,,Slightly worse,YouTube,2026-01-13 19:44:22,Tamil Nadu,Deemed University,B.Tech,3rd Year,7.0 – 8.0,2 – 4 hours,"YouTube, ChatGPT / AI tools",2,,,,,,,,
3026,8773494ab4b07b7f7350b8d37e960ba5d05e7caf5ffbb75a943c63465a604b7f,2026-02-26 10:21:57,Week 3,5,0 – 2 hours,1,1,Never,ChatGPT,0,1,NaN,1,1,False,,Much worse,YouTube,2026-01-31 18:47:34,Tamil Nadu,IIT / NIT,B.Tech,2nd Year,9.0+,4 – 6 hours,"YouTube, NPTEL / SWAYAM, Coursera / Udemy / edX, ChatGPT / AI tools, College LMS, WhatsApp / Telegram, Physical notes",7,,,,,,,,
3027,e9f047d3c2da21e5de56f3abab5c156cedf45843e25e1cc9c00e542a0848fb89,2026-02-26 10:22:53,Week 3,5,0 – 2 hours,1,1,Never,ChatGPT,1 – 3,2,NaN,1,1,False,,Much worse,YouTube,2026-02-23 10:04:41,Andhra Pradesh,Central University,B.Tech,2nd Year,7.0 – 8.0,0 – 2 hours,"YouTube, NPTEL / SWAYAM, Coursera / Udemy / edX, Notion / Anki / Obsidian, WhatsApp / Telegram",5,,,,,,,,
3028,8773494ab4b07b7f7350b8d37e960ba5d05e7caf5ffbb75a943c63465a604b7f,2026-02-26 10:23:52,Week 3,6,0 – 2 hours,1,1,Never,Google Gemini,0,1,NaN,1,1,False,,Much worse,YouTube,2026-01-31 18:47:34,Tamil Nadu,IIT / NIT,B.Tech,2nd Year,9.0+,4 – 6 hours,"YouTube, NPTEL / SWAYAM, Coursera / Udemy / edX, ChatGPT / AI tools, College LMS, WhatsApp / Telegram, Physical notes",7,,,,,,,,
3029,6cdee50dedfbbd1a46317cf81321165ab42071b577d2f1514daac32cb4160095,2026-02-26 10:25:56,Week 3,2,0 – 2 hours,1,1,Never,ChatGPT,1 – 3,1,NaN,1,1,False,,Slightly worse,YouTube,2026-02-02 12:39:28,Gujarat,Private University,B.Tech,3rd Year,8.0 – 9.0,6+ hours,NaN,1,,,,,,,,
3030,1ad669ada84e5263e09135c0723aae8e30fcb58819e440892efde165dd587a5e,2026-02-26 10:27:04,Week 3,4,0 – 2 hours,1,1,Never,"Claude, GitHub Copilot",1 – 3,1,NaN,1,1,False,,Much worse,YouTube,2026-02-03 11:18:21,Karnataka,State University,BBA,3rd Year,7.0 – 8.0,2 – 4 hours,"YouTube, Coursera / Udemy / edX",2,,,,,,,,
3031,bed0f2897fdcff9c379616ea83849b1ca59a967db6315c91cd8fcf4fcf4c7216,2026-02-26 10:28:22,Week 3,4,0 – 2 hours,1,1,Never,ChatGPT,0,1,NaN,1,1,False,,Much worse,YouTube,2026-01-31 18:46:23,Andhra Pradesh,State University,B.Sc,2nd Year,7.0 – 8.0,2 – 4 hours,"YouTube, NPTEL / SWAYAM, WhatsApp / Telegram",3,,,,,,,,
3032,cf47f395a464caa7ab1da1745c2d650002296d75e8eac41561b430a83f4382f8,2026-02-26 10:29:45,Week 3,6,0 – 2 hours,1,1,Never,Claude,1 – 3,1,NaN,2,1,False,,Much worse,YouTube,2026-01-31 18:49:58,Tamil Nadu,Central University,B.Sc,3rd Year,7.0 – 8.0,2 – 4 hours,"YouTube, NPTEL / SWAYAM, Coursera / Udemy / edX, ChatGPT / AI tools, Notion / Anki / Obsidian",5,,,,,,,,
3033,48cdb835c278ac6b10eed195f85632896d3be15d20d75197a0b916b2395939a6,2026-02-26 10:30:56,Week 3,10,0 – 2 hours,1,1,Never,NaN,0,1,NaN,1,1,False,,Much worse,NaN,2026-01-27 00:18:46,Telangana,IIT / NIT,B.Sc,3rd Year,7.0 – 8.0,0 – 2 hours,"YouTube, NPTEL / SWAYAM, ChatGPT / AI tools, WhatsApp / Telegram, Physical notes only",5,,,,,,,,
3034,ad04e596e1af01ab238040c91de85cefe7f49fb2aabec57135e928a5ee02305e,2026-02-26 10:32:20,Week 3,8,0 – 2 hours,1,1,Never,Google Gemini,1 – 3,1,NaN,1,1,False,,Much worse,YouTube,2026-02-02 13:10:08,Karnataka,IIT / NIT,BBA,Others,7.0 – 8.0,2 – 4 hours,"YouTube, NPTEL / SWAYAM",2,,,,,,,,
3035,219d4ac6903fffab5ab1d64d6ed0b331adcc691f0e116fb7f62cefba91f7b0ec,2026-02-26 10:33:22,Week 3,9,0 – 2 hours,1,1,Never,ChatGPT,0,1,NaN,1,1,False,,Much worse,YouTube,2025-12-26 18:34:24,Andhra Pradesh,Private University,B.Tech,3rd Year,9.0+,0 – 2 hours,ChatGPT / AI tools,1,,,,,,,,
3036,1dd2975d45d1e27948cae456e3827e3b50778c013fecee985fb0422f4a492ba2,2026-02-26 10:35:00,Week 3,10,0 – 2 hours,1,1,Never,ChatGPT,0,1,NaN,1,1,False,,Much worse,YouTube,2026-02-19 13:17:59,Andhra Pradesh,State University,B.Tech,2nd Year,7.0 – 8.0,6+ hours,"YouTube, NPTEL / SWAYAM, Coursera / Udemy / edX, ChatGPT / AI tools, Notion / Anki / Obsidian, College LMS, WhatsApp / Telegram, Physical notes",8,,,,,,,,
3037,3d83828233d057f5e1e37a4c9e784850077d6638768e69b0f6b5d4e5e2dfc994,2026-02-26 10:36:24,Week 3,3,0 – 2 hours,1,1,Never,Google Gemini,1 – 3,1,NaN,1,1,False,,Much worse,YouTube,2026-01-12 21:41:37,Tamil Nadu,Private University,B.Tech,3rd Year,8.0 – 9.0,0 – 2 hours,"YouTube, ChatGPT / AI tools",2,,,,,,,,
3038,0e155a1241bd00b2d588262223a52e0f8a911a4000092f096e6968dccae9e61b,2026-02-26 10:37:39,Week 3,20,2 – 4 hours,2,2,Rarely,Google Gemini,1 – 3,2,NaN,2,2,False,,Much worse,NaN,2026-02-03 11:16:29,Tamil Nadu,IIT / NIT,B.Tech,4th Year,8.0 – 9.0,2 – 4 hours,"ChatGPT / AI tools, College LMS",2,,,,,,,,
3039,27d91473394ea1f8f97a8f1740492902f4ab1abbfe0b003e4536904eaba6dca0,2026-02-26 10:39:41,Week 3,22,4 – 6 hours,1,2,Rarely,ChatGPT,1 – 3,2,NaN,2,1,False,,Much worse,YouTube,2026-01-31 18:43:28,Tamil Nadu,IIT / NIT,B.Tech,3rd Year,7.0 – 8.0,2 – 4 hours,"YouTube, NPTEL / SWAYAM, Coursera / Udemy / edX, ChatGPT / AI tools, Notion / Anki / Obsidian, College LMS, WhatsApp / Telegram, Physical notes",8,,,,,,,,
3040,ea6dc2fae8a61411b9d6de51699ca6787330c0036ffedddf4a649648fefe8732,2026-02-26 10:41:38,Week 3,15,2 – 4 hours,2,3,Rarely,ChatGPT,3 – 6,3,NaN,2,3,False,80.0,Slightly worse,"College LMS, WhatsApp / Telegram (for study purposes)",2026-01-31 18:48:18,Andhra Pradesh,Private University,B.Tech,4th Year,7.0 – 8.0,2 – 4 hours,"YouTube, ChatGPT / AI tools, College LMS, WhatsApp / Telegram",4,,,,,,,,
3041,0e155a1241bd00b2d588262223a52e0f8a911a4000092f096e6968dccae9e61b,2026-02-26 10:43:58,Week 3,30,4 – 6 hours,1,2,Rarely,Microsoft Copilot,0,1,NaN,2,1,False,,Slightly worse,YouTube,2026-02-03 11:16:29,Tamil Nadu,IIT / NIT,B.Tech,4th Year,8.0 – 9.0,2 – 4 hours,"ChatGPT / AI tools, College LMS",2,,,,,,,,
3042,b9c03c59028b4485073ac377b7c14dfe728898b0dccd931ebc2eea5d5b1d746a,2026-02-26 10:45:14,Week 3,10,2 – 4 hours,2,2,Never,Google Gemini,1 – 3,2,Poor internet,2,2,False,,Slightly worse,YouTube,2025-12-27 14:52:29,Tamil Nadu,Central University,B.Tech,3rd Year,8.0 – 9.0,2 – 4 hours,"ChatGPT / AI tools, College LMS, WhatsApp / Telegram",3,,,,,,,,
3043,b7c45e43b3e4defcfa15c66053995acfb95306f516892ea504b4a561e64a85b9,2026-02-26 10:47:11,Week 3,10,2 – 4 hours,1,2,Never,ChatGPT,1 – 3,2,Poor internet,1,1,False,,Slightly worse,YouTube,2026-01-31 18:40:13,Tamil Nadu,IIT / NIT,B.Sc,2nd Year,6.0 – 7.0,0 – 2 hours,"YouTube, NPTEL / SWAYAM, ChatGPT / AI tools",3,,,,,,,,
3044,c4fc9686cc1b927682fbf989fe97901e479c7d5a214ce073d7cc6062f4682ed6,2026-02-26 10:47:57,Week 3,10,2 – 4 hours,2,1,Never,Google Gemini,0,1,Mobile-only access,2,1,False,,Slightly worse,YouTube,2026-02-23 10:06:40,Andhra Pradesh,Private University,B.Com,3rd Year,6.0 – 7.0,0 – 2 hours,"Coursera / Udemy / edX, ChatGPT / AI tools, Notion / Anki / Obsidian, WhatsApp / Telegram",4,,,,,,,,
3045,26234105c87439e0dc4fb999632d3a5406775cc0728c26840e4a6b26d071341b,2026-02-26 10:48:51,Week 3,39,4 – 6 hours,2,2,Sometimes,Google Gemini,6 – 10,3,Health / stress issues,2,2,False,,Slightly worse,YouTube,2026-01-12 20:18:58,Tamil Nadu,Private University,B.Tech,2nd Year,6.0 – 7.0,0 – 2 hours,"YouTube, ChatGPT / AI tools, College LMS",3,,,,,,,,
3046,1dd2975d45d1e27948cae456e3827e3b50778c013fecee985fb0422f4a492ba2,2026-02-26 10:50:06,Week 3,10,0 – 2 hours,2,1,Rarely,ChatGPT,1 – 3,1,No quiet study space,2,2,False,,Much worse,YouTube,2026-02-19 13:17:59,Andhra Pradesh,State University,B.Tech,2nd Year,7.0 – 8.0,6+ hours,"YouTube, NPTEL / SWAYAM, Coursera / Udemy / edX, ChatGPT / AI tools, Notion / Anki / Obsidian, College LMS, WhatsApp / Telegram, Physical notes",8,,,,,,,,
3048,32b68dc8923730efba7e69129bcc4d5555495cc9359174e99e3d50570ce6de44,2026-02-26 10:52:28,Week 3,30,4 – 6 hours,1,2,Rarely,"ChatGPT, Google Gemini, Microsoft Copilot, Claude",6 – 10,2,NaN,3,3,False,,Slightly worse,"YouTube, College LMS",2026-01-31 14:55:58,Kerala,State University,B.Sc,1st Year,7.0 – 8.0,0 – 2 hours,"YouTube, ChatGPT / AI tools, College LMS, WhatsApp / Telegram",4,,,,,,,,
3049,e8386eec4c2f671d625ec0a877e0c9af57a196443df6751cfd908bc4bb188c51,2026-02-26 10:53:22,Week 3,20,2 – 4 hours,2,3,Rarely,"ChatGPT, Google Gemini",1 – 3,3,NaN,2,2,False,,Slightly worse,YouTube,2026-01-31 18:42:45,Kerala,State University,B.Com,2nd Year,Prefer not to say,2 – 4 hours,"YouTube, NPTEL / SWAYAM, Coursera / Udemy / edX, Notion / Anki / Obsidian, Physical notes",5,,,,,,,,
3050,32b68dc8923730efba7e69129bcc4d5555495cc9359174e99e3d50570ce6de44,2026-02-26 10:54:35,Week 3,20,2 – 4 hours,1,1,Never,ChatGPT,1 – 3,2,NaN,2,2,False,,Much worse,YouTube,2026-01-31 14:55:58,Kerala,State University,B.Sc,1st Year,7.0 – 8.0,0 – 2 hours,"YouTube, ChatGPT / AI tools, College LMS, WhatsApp / Telegram",4,,,,,,,,
3051,f90ab6deefe14d178606a393182b36cdc645169d692772666b9c29214c2a4e40,2026-02-26 10:56:13,Week 3,10,0 – 2 hours,1,1,Never,NaN,0,1,NaN,1,1,False,,Much worse,NaN,2026-02-05 21:56:57,Telangana,Private University,B.Tech,3rd Year,7.0 – 8.0,0 – 2 hours,"ChatGPT / AI tools, WhatsApp / Telegram",2,,,,,,,,
3052,2b17d11e7d9c1af7a7fed72e60e90a5ee797f0b6e0cc8645592f6fdc2ad13cd2,2026-02-26 10:56:57,Week 3,8,2 – 4 hours,1,1,Never,ChatGPT,1 – 3,2,Poor internet,2,2,False,,Much worse,NPTEL / SWAYAM,2026-01-31 18:51:00,Tamil Nadu,State University,B.Tech,1st Year,6.0 – 7.0,2 – 4 hours,"YouTube, Coursera / Udemy / edX, ChatGPT / AI tools, Notion / Anki / Obsidian, WhatsApp / Telegram",5,,,,,,,,
3053,9c37b8db9c39e670e8422cf5afe252221762450c6f3d1f72c8ef3cdfe0a584e6,2026-02-26 10:57:55,Week 3,19,2 – 4 hours,2,2,Rarely,Google Gemini,0,1,Mobile-only access,2,1,False,,Slightly worse,YouTube,2026-02-23 10:10:44,Tamil Nadu,State University,B.Sc,2nd Year,7.0 – 8.0,2 – 4 hours,"YouTube, NPTEL / SWAYAM, Coursera / Udemy / edX, ChatGPT / AI tools, College LMS",5,,,,,,,,
3054,9c37b8db9c39e670e8422cf5afe252221762450c6f3d1f72c8ef3cdfe0a584e6,2026-02-26 10:58:59,Week 3,10,2 – 4 hours,1,2,Rarely,Google Gemini,3 – 6,1,Poor internet,1,2,False,,Much worse,YouTube,2026-02-23 10:10:44,Tamil Nadu,State University,B.Sc,2nd Year,7.0 – 8.0,2 – 4 hours,"YouTube, NPTEL / SWAYAM, Coursera / Udemy / edX, ChatGPT / AI tools, College LMS",5,,,,,,,,
3055,e9f047d3c2da21e5de56f3abab5c156cedf45843e25e1cc9c00e542a0848fb89,2026-02-26 10:59:46,Week 3,20,2 – 4 hours,3,2,Rarely,Google Gemini,0,2,Poor internet,1,2,False,,Much worse,YouTube,2026-02-23 10:04:41,Andhra Pradesh,Central University,B.Tech,2nd Year,7.0 – 8.0,0 – 2 hours,"YouTube, NPTEL / SWAYAM, Coursera / Udemy / edX, Notion / Anki / Obsidian, WhatsApp / Telegram",5,,,,,,,,
3056,ef4aca4b5a9ddc8cfe1cda04eef5cb540a47e603dac29e3f59b7bdd1a387191d,2026-02-26 11:01:22,Week 3,10,0 – 2 hours,2,1,Rarely,ChatGPT,1 – 3,3,NaN,2,2,False,,Slightly worse,YouTube,2026-02-02 12:52:17,Maharashtra,Private University,B.Tech,Others,6.0 – 7.0,2 – 4 hours,"YouTube, ChatGPT / AI tools",2,,,,,,,,
3057,48cdb835c278ac6b10eed195f85632896d3be15d20d75197a0b916b2395939a6,2026-02-26 11:02:50,Week 3,6,0 – 2 hours,1,1,Never,ChatGPT,1 – 3,1,Poor internet,2,1,False,,Much worse,YouTube,2026-01-27 00:18:46,Telangana,IIT / NIT,B.Sc,3rd Year,7.0 – 8.0,0 – 2 hours,"YouTube, NPTEL / SWAYAM, ChatGPT / AI tools, WhatsApp / Telegram, Physical notes only",5,,,,,,,,
3058,26234105c87439e0dc4fb999632d3a5406775cc0728c26840e4a6b26d071341b,2026-02-26 11:03:53,Week 3,10,2 – 4 hours,1,1,Never,ChatGPT,1 – 3,2,NaN,1,2,False,,Much worse,YouTube,2026-01-12 20:18:58,Tamil Nadu,Private University,B.Tech,2nd Year,6.0 – 7.0,0 – 2 hours,"YouTube, ChatGPT / AI tools, College LMS",3,,,,,,,,
3059,ad04e596e1af01ab238040c91de85cefe7f49fb2aabec57135e928a5ee02305e,2026-02-26 11:05:33,Week 3,10,0 – 2 hours,1,1,Rarely,ChatGPT,1 – 3,1,NaN,2,1,False,,Much worse,YouTube,2026-02-02 13:10:08,Karnataka,IIT / NIT,BBA,Others,7.0 – 8.0,2 – 4 hours,"YouTube, NPTEL / SWAYAM",2,,,,,,,,
3060,2b17d11e7d9c1af7a7fed72e60e90a5ee797f0b6e0cc8645592f6fdc2ad13cd2,2026-02-26 11:06:33,Week 3,10,2 – 4 hours,2,1,Rarely,Microsoft Copilot,1 – 3,2,Poor internet,2,2,False,,Much worse,YouTube,2026-01-31 18:51:00,Tamil Nadu,State University,B.Tech,1st Year,6.0 – 7.0,2 – 4 hours,"YouTube, Coursera / Udemy / edX, ChatGPT / AI tools, Notion / Anki / Obsidian, WhatsApp / Telegram",5,,,,,,,,
3061,27d91473394ea1f8f97a8f1740492902f4ab1abbfe0b003e4536904eaba6dca0,2026-02-26 11:07:47,Week 4,30,2 – 4 hours,2,3,Sometimes,"ChatGPT, Google Gemini, Microsoft Copilot",3 – 6,3,No quiet study space,3,2,False,,Slightly worse,"YouTube, College LMS",2026-01-31 18:43:28,Tamil Nadu,IIT / NIT,B.Tech,3rd Year,7.0 – 8.0,2 – 4 hours,"YouTube, NPTEL / SWAYAM, Coursera / Udemy / edX, ChatGPT / AI tools, Notion / Anki / Obsidian, College LMS, WhatsApp / Telegram, Physical notes",8,,,,,,,,
3062,b7c45e43b3e4defcfa15c66053995acfb95306f516892ea504b4a561e64a85b9,2026-02-26 11:08:33,Week 4,35,2 – 4 hours,3,3,Sometimes,"ChatGPT, Google Gemini, Microsoft Copilot, Claude",3 – 6,3,NaN,3,2,False,,Slightly better,"YouTube, Physical Notes",2026-01-31 18:40:13,Tamil Nadu,IIT / NIT,B.Sc,2nd Year,6.0 – 7.0,0 – 2 hours,"YouTube, NPTEL / SWAYAM, ChatGPT / AI tools",3,,,,,,,,
3063,0e155a1241bd00b2d588262223a52e0f8a911a4000092f096e6968dccae9e61b,2026-02-26 11:09:51,Week 4,43,4 – 6 hours,3,3,Sometimes,"ChatGPT, Google Gemini, Microsoft Copilot",3 – 6,2,NaN,3,2,False,,Slightly better,"YouTube, WhatsApp / Telegram (for study purposes)",2026-02-03 11:16:29,Tamil Nadu,IIT / NIT,B.Tech,4th Year,8.0 – 9.0,2 – 4 hours,"ChatGPT / AI tools, College LMS",2,,,,,,,,
3064,b7c45e43b3e4defcfa15c66053995acfb95306f516892ea504b4a561e64a85b9,2026-02-26 11:10:57,Week 4,40,4 – 6 hours,3,3,Sometimes,"ChatGPT, Google Gemini, Microsoft Copilot, Claude",6 – 10,3,NaN,2,3,False,,Slightly better,"YouTube, WhatsApp / Telegram (for study purposes), Physical Notes",2026-01-31 18:40:13,Tamil Nadu,IIT / NIT,B.Sc,2nd Year,6.0 – 7.0,0 – 2 hours,"YouTube, NPTEL / SWAYAM, ChatGPT / AI tools",3,,,,,,,,
3065,266344e1c50b449d6d5dbec5b4b1af3236f13cc0b97871acccf3da3697283f82,2026-02-26 11:12:09,Week 4,30,4 – 6 hours,3,2,Often,"ChatGPT, Google Gemini, Microsoft Copilot, Claude, Perplexity AI",3 – 6,3,NaN,3,2,False,,Slightly better,"YouTube, College LMS",2026-01-16 12:24:26,Tamil Nadu,Private University,B.Tech,3rd Year,9.0+,2 – 4 hours,"YouTube, ChatGPT / AI tools, Notion / Anki / Obsidian, WhatsApp / Telegram",4,,,,,,,,
3066,b7c45e43b3e4defcfa15c66053995acfb95306f516892ea504b4a561e64a85b9,2026-02-26 11:13:04,Week 4,45,4 – 6 hours,3,3,Sometimes,"ChatGPT, Google Gemini, Microsoft Copilot",3 – 6,3,NaN,2,3,False,,Slightly better,"YouTube, WhatsApp / Telegram (for study purposes)",2026-01-31 18:40:13,Tamil Nadu,IIT / NIT,B.Sc,2nd Year,6.0 – 7.0,0 – 2 hours,"YouTube, NPTEL / SWAYAM, ChatGPT / AI tools",3,,,,,,,,
3067,6cdee50dedfbbd1a46317cf81321165ab42071b577d2f1514daac32cb4160095,2026-02-26 11:13:57,Week 4,40,4 – 6 hours,4,3,Sometimes,"ChatGPT, Google Gemini, Microsoft Copilot",3 – 6,2,NaN,4,3,False,,Slightly better,YouTube,2026-02-02 12:39:28,Gujarat,Private University,B.Tech,3rd Year,8.0 – 9.0,6+ hours,NaN,1,,,,,,,,
3068,26234105c87439e0dc4fb999632d3a5406775cc0728c26840e4a6b26d071341b,2026-02-26 11:14:45,Week 4,30,4 – 6 hours,2,4,Sometimes,"ChatGPT, Google Gemini, Microsoft Copilot",3 – 6,3,NaN,3,2,False,,Slightly better,"YouTube, Physical Notes",2026-01-12 20:18:58,Tamil Nadu,Private University,B.Tech,2nd Year,6.0 – 7.0,0 – 2 hours,"YouTube, ChatGPT / AI tools, College LMS",3,,,,,,,,
3069,781a9f368166d71405348c3b65fa0645e7cab12d017be1e369eb8d7a5cd5fb1d,2026-02-26 11:16:21,Week 4,20,2 – 4 hours,3,4,Sometimes,"ChatGPT, Google Gemini, Microsoft Copilot",3 – 6,3,NaN,2,3,False,,Slightly better,"YouTube, WhatsApp / Telegram (for study purposes)",2026-02-02 12:40:04,Maharashtra,IIT / NIT,B.Com,4th Year,7.0 – 8.0,2 – 4 hours,"YouTube, NPTEL / SWAYAM, Coursera / Udemy / edX, ChatGPT / AI tools, Notion / Anki / Obsidian, College LMS, WhatsApp / Telegram, Physical notes",8,,,,,,,,
3070,e9f047d3c2da21e5de56f3abab5c156cedf45843e25e1cc9c00e542a0848fb89,2026-02-26 11:17:11,Week 4,43,4 – 6 hours,3,3,Rarely,"ChatGPT, Google Gemini, Microsoft Copilot, Claude",3 – 6,2,NaN,3,3,False,,Slightly better,"NPTEL / SWAYAM, Physical Notes",2026-02-23 10:04:41,Andhra Pradesh,Central University,B.Tech,2nd Year,7.0 – 8.0,0 – 2 hours,"YouTube, NPTEL / SWAYAM, Coursera / Udemy / edX, Notion / Anki / Obsidian, WhatsApp / Telegram",5,,,,,,,,
3071,16a56bf3b362259b32e3bc7d18a95d94213241560809ad3c4d5ddba644365acb,2026-02-26 11:18:19,Week 4,45,4 – 6 hours,4,3,Rarely,"ChatGPT, Google Gemini, Microsoft Copilot",3 – 6,3,NaN,2,3,False,,Slightly better,YouTube,2026-02-19 13:19:58,Tamil Nadu,State University,B.Sc,2nd Year,8.0 – 9.0,2 – 4 hours,"YouTube, NPTEL / SWAYAM, Coursera / Udemy / edX, ChatGPT / AI tools, Notion / Anki / Obsidian",5,,,,,,,,
3072,f72f420debc36def28125c58c71822ce49043914a9406e73923965f87c8cb669,2026-02-26 11:19:46,Week 4,42,4 – 6 hours,3,3,Sometimes,"ChatGPT, Google Gemini, Microsoft Copilot",6 – 10,2,NaN,3,3,False,,Slightly better,"YouTube, Physical Notes",2026-01-12 23:37:58,Karnataka,Private University,BA,3rd Year,8.0 – 9.0,0 – 2 hours,"YouTube, ChatGPT / AI tools, WhatsApp / Telegram, Physical notes only",4,,,,,,,,
3073,86b1b7c8fd97ac6aa33f3f67e3c3652ee35ae2226cc4798385726481eea05f57,2026-02-26 11:20:45,Week 4,41,4 – 6 hours,3,2,Sometimes,"ChatGPT, Google Gemini, Microsoft Copilot, Claude",3 – 6,3,NaN,4,3,False,,Slightly better,"YouTube, Physical Notes",2026-01-31 18:50:27,Tamil Nadu,Central University,B.Tech,1st Year,7.0 – 8.0,0 – 2 hours,"YouTube, ChatGPT / AI tools, College LMS, WhatsApp / Telegram",4,,,,,,,,
3074,522e39ae01bce33e97b085b9517a3680984adf0d38e718487e3314eb74127ab2,2026-02-26 11:21:36,Week 4,46,4 – 6 hours,3,3,Sometimes,"ChatGPT, Google Gemini, Microsoft Copilot",6 – 10,3,NaN,3,3,False,,Slightly better,"YouTube, Physical Notes",2026-01-31 18:48:52,Tamil Nadu,State University,B.Tech,2nd Year,Below 6.0,0 – 2 hours,"YouTube, ChatGPT / AI tools, WhatsApp / Telegram",3,,,,,,,,
3075,81ddebb1fc0e6b009a5655dea87854093d1374914f03d128e615c955c9007504,2026-02-26 11:22:26,Week 4,35,4 – 6 hours,3,3,Rarely,"ChatGPT, Google Gemini, Microsoft Copilot, Claude",3 – 6,3,NaN,2,3,False,,Slightly better,College LMS,2026-01-12 20:20:23,Tamil Nadu,Private University,B.Tech,3rd Year,7.0 – 8.0,2 – 4 hours,"YouTube, ChatGPT / AI tools, WhatsApp / Telegram, Physical notes only",4,,,,,,,,
3076,97b26b3698560201c1218be1d50871d93f4ae1f4a79deeb268b0ba686e43fdeb,2026-02-26 11:23:50,Week 4,43,4 – 6 hours,3,2,Sometimes,"ChatGPT, Google Gemini, Microsoft Copilot, Claude",3 – 6,2,NaN,4,4,False,,Slightly better,"YouTube, Physical Notes",2025-12-26 07:18:01,Tamil Nadu,Deemed University,B.Tech,3rd Year,8.0 – 9.0,0 – 2 hours,"ChatGPT / AI tools, College LMS, WhatsApp / Telegram",3,,,,,,,,
3077,8bfc27000534160835a23ec100f95667b3894c6b3e90a6027721d3322ad782dc,2026-02-26 11:24:37,Week 4,35,4 – 6 hours,2,3,Rarely,"ChatGPT, Google Gemini, Microsoft Copilot",1 – 3,2,NaN,3,4,False,,Slightly worse,"YouTube, Physical Notes",2026-02-05 21:46:59,Telangana,Private University,B.Tech,3rd Year,9.0+,0 – 2 hours,"YouTube, ChatGPT / AI tools, Physical notes",3,,,,,,,,
3078,8ded4921661c4a18e633a572258dbd0f9a2c004f4aa3e9e2057a670d47566de6,2026-02-26 11:26:41,Week 4,34,2 – 4 hours,2,3,Sometimes,"ChatGPT, Google Gemini, Microsoft Copilot, Claude, Perplexity AI",3 – 6,3,NaN,3,3,False,,Slightly better,"YouTube, Physical Notes",2026-02-03 11:19:03,Kerala,Private University,B.Sc,3rd Year,Prefer not to say,2 – 4 hours,"NPTEL / SWAYAM, WhatsApp / Telegram, Physical notes",3,,,,,,,,
3079,caf626adf6b1139006e560ca8cc80b33ca449dfd93d89557b2b5dca8a09ea07f,2026-02-26 11:27:38,Week 4,35,4 – 6 hours,3,3,Sometimes,"ChatGPT, Google Gemini, Microsoft Copilot",3 – 6,3,NaN,2,2,False,,Slightly better,"YouTube, Physical Notes",2026-02-23 10:06:05,Karnataka,Private University,BA,3rd Year,7.0 – 8.0,2 – 4 hours,"YouTube, NPTEL / SWAYAM, Coursera / Udemy / edX, ChatGPT / AI tools, Notion / Anki / Obsidian, WhatsApp / Telegram",6,,,,,,,,
3080,0e155a1241bd00b2d588262223a52e0f8a911a4000092f096e6968dccae9e61b,2026-02-26 11:28:27,Week 4,34,2 – 4 hours,2,2,Sometimes,"ChatGPT, Google Gemini, Microsoft Copilot",6 – 10,3,NaN,3,3,False,,Slightly worse,"YouTube, WhatsApp / Telegram (for study purposes)",2026-02-03 11:16:29,Tamil Nadu,IIT / NIT,B.Tech,4th Year,8.0 – 9.0,2 – 4 hours,"ChatGPT / AI tools, College LMS",2,,,,,,,,
3081,c4fc9686cc1b927682fbf989fe97901e479c7d5a214ce073d7cc6062f4682ed6,2026-02-26 11:29:18,Week 4,35,4 – 6 hours,3,3,Rarely,"ChatGPT, Google Gemini, Microsoft Copilot, Claude",3 – 6,2,NaN,2,3,False,,Slightly better,"YouTube, Physical Notes",2026-02-23 10:06:40,Andhra Pradesh,Private University,B.Com,3rd Year,6.0 – 7.0,0 – 2 hours,"Coursera / Udemy / edX, ChatGPT / AI tools, Notion / Anki / Obsidian, WhatsApp / Telegram",4,,,,,,,,
3082,ace8e293cc91c35e822f9101bc4e97d2ad904d1e130b4402fd6a6642f245665e,2026-02-26 11:30:03,Week 4,45,4 – 6 hours,3,2,Sometimes,"ChatGPT, Google Gemini, Microsoft Copilot",3 – 6,3,NaN,2,3,False,,Slightly worse,"YouTube, WhatsApp / Telegram (for study purposes)",2026-02-23 10:12:43,Kerala,State University,B.Tech,2nd Year,6.0 – 7.0,0 – 2 hours,"NPTEL / SWAYAM, Notion / Anki / Obsidian",2,,,,,,,,
3083,48cdb835c278ac6b10eed195f85632896d3be15d20d75197a0b916b2395939a6,2026-02-26 11:30:50,Week 4,45,4 – 6 hours,3,2,Sometimes,"ChatGPT, Google Gemini, Microsoft Copilot",6 – 10,2,NaN,2,3,False,,Slightly better,"YouTube, Physical Notes",2026-01-27 00:18:46,Telangana,IIT / NIT,B.Sc,3rd Year,7.0 – 8.0,0 – 2 hours,"YouTube, NPTEL / SWAYAM, ChatGPT / AI tools, WhatsApp / Telegram, Physical notes only",5,,,,,,,,
3084,97b26b3698560201c1218be1d50871d93f4ae1f4a79deeb268b0ba686e43fdeb,2026-02-26 11:31:43,Week 4,34,4 – 6 hours,3,3,Sometimes,"ChatGPT, Google Gemini, Microsoft Copilot, Claude, Perplexity AI",3 – 6,4,NaN,3,2,False,,Slightly better,"YouTube, Physical Notes",2025-12-26 07:18:01,Tamil Nadu,Deemed University,B.Tech,3rd Year,8.0 – 9.0,0 – 2 hours,"ChatGPT / AI tools, College LMS, WhatsApp / Telegram",3,,,,,,,,
3085,132137538b93be89ed6c9815b322a7a0f58530b8c229d1809265140f5cb8c398,2026-02-26 11:32:30,Week 4,45,4 – 6 hours,4,2,Sometimes,"ChatGPT, Google Gemini, Microsoft Copilot",3 – 6,3,NaN,2,3,False,,Slightly better,"YouTube, Physical Notes",2026-01-13 19:44:22,Tamil Nadu,Deemed University,B.Tech,3rd Year,7.0 – 8.0,2 – 4 hours,"YouTube, ChatGPT / AI tools",2,,,,,,,,
3086,8ded4921661c4a18e633a572258dbd0f9a2c004f4aa3e9e2057a670d47566de6,2026-02-26 11:33:22,Week 4,46,4 – 6 hours,3,2,Sometimes,"ChatGPT, Google Gemini, Microsoft Copilot, QuillBot",3 – 6,3,NaN,2,2,False,,Slightly better,"YouTube, College LMS",2026-02-03 11:19:03,Kerala,Private University,B.Sc,3rd Year,Prefer not to say,2 – 4 hours,"NPTEL / SWAYAM, WhatsApp / Telegram, Physical notes",3,,,,,,,,
3087,8773494ab4b07b7f7350b8d37e960ba5d05e7caf5ffbb75a943c63465a604b7f,2026-02-26 11:34:07,Week 4,33,2 – 4 hours,3,2,Sometimes,"ChatGPT, Google Gemini, Microsoft Copilot, Grammarly, QuillBot",3 – 6,3,NaN,3,3,False,,Slightly better,"YouTube, College LMS",2026-01-31 18:47:34,Tamil Nadu,IIT / NIT,B.Tech,2nd Year,9.0+,4 – 6 hours,"YouTube, NPTEL / SWAYAM, Coursera / Udemy / edX, ChatGPT / AI tools, College LMS, WhatsApp / Telegram, Physical notes",7,,,,,,,,
3088,48cdb835c278ac6b10eed195f85632896d3be15d20d75197a0b916b2395939a6,2026-02-26 11:34:51,Week 4,43,4 – 6 hours,3,2,Sometimes,"ChatGPT, Google Gemini, Grammarly, QuillBot",3 – 6,2,NaN,3,3,False,,Slightly better,"YouTube, WhatsApp / Telegram (for study purposes)",2026-01-27 00:18:46,Telangana,IIT / NIT,B.Sc,3rd Year,7.0 – 8.0,0 – 2 hours,"YouTube, NPTEL / SWAYAM, ChatGPT / AI tools, WhatsApp / Telegram, Physical notes only",5,,,,,,,,
3089,f8ecea41f5799921e46e5d82b8d41d92dba1fca7a66ca63506cc3c0aab382672,2026-02-26 11:35:36,Week 4,42,4 – 6 hours,3,3,Often,"ChatGPT, Google Gemini, GitHub Copilot",6 – 10,3,NaN,2,3,False,,Slightly better,"YouTube, WhatsApp / Telegram (for study purposes)",2026-01-27 17:56:30,Uttar Pradesh,Central University,B.Tech,4th Year,7.0 – 8.0,4 – 6 hours,"YouTube, NPTEL / SWAYAM, Coursera / Udemy / edX, ChatGPT / AI tools, Notion / Anki / Obsidian",5,,,,,,,,
3090,ad04e596e1af01ab238040c91de85cefe7f49fb2aabec57135e928a5ee02305e,2026-02-26 11:36:40,Week 4,46,4 – 6 hours,3,3,Rarely,"ChatGPT, Google Gemini, Microsoft Copilot, Claude, Perplexity AI, QuillBot, GitHub Copilot",3 – 6,3,NaN,3,3,False,,Slightly better,"YouTube, College LMS",2026-02-02 13:10:08,Karnataka,IIT / NIT,BBA,Others,7.0 – 8.0,2 – 4 hours,"YouTube, NPTEL / SWAYAM",2,,,,,,,,
3091,f90ab6deefe14d178606a393182b36cdc645169d692772666b9c29214c2a4e40,2026-02-26 11:37:27,Week 4,44,4 – 6 hours,3,3,Sometimes,"ChatGPT, Google Gemini, Microsoft Copilot",3 – 6,2,NaN,3,3,False,,Slightly better,"YouTube, WhatsApp / Telegram (for study purposes), Physical Notes",2026-02-05 21:56:57,Telangana,Private University,B.Tech,3rd Year,7.0 – 8.0,0 – 2 hours,"ChatGPT / AI tools, WhatsApp / Telegram",2,,,,,,,,
3092,b9c03c59028b4485073ac377b7c14dfe728898b0dccd931ebc2eea5d5b1d746a,2026-02-26 11:38:16,Week 4,32,4 – 6 hours,2,2,Sometimes,"ChatGPT, Google Gemini, Microsoft Copilot",3 – 6,3,NaN,3,1,False,,Slightly better,"YouTube, Physical Notes",2025-12-27 14:52:29,Tamil Nadu,Central University,B.Tech,3rd Year,8.0 – 9.0,2 – 4 hours,"ChatGPT / AI tools, College LMS, WhatsApp / Telegram",3,,,,,,,,
3093,f5df30de694992a770d857d674587e781574c81ffc40be127f93b6a3d3a95f48,2026-02-26 11:39:09,Week 4,43,4 – 6 hours,3,2,Sometimes,"ChatGPT, Google Gemini, Microsoft Copilot",1 – 3,2,NaN,2,2,False,,Slightly better,"YouTube, WhatsApp / Telegram (for study purposes)",2026-02-23 10:05:11,Andhra Pradesh,State University,B.Sc,3rd Year,Prefer not to say,2 – 4 hours,"YouTube, Coursera / Udemy / edX, Notion / Anki / Obsidian, WhatsApp / Telegram, Physical notes",5,,,,,,,,
3094,794e3ecad2e18d7bce8d1013a9e08fe529cc63443905f9864cedec22f7a9459b,2026-02-26 11:39:55,Week 4,44,4 – 6 hours,3,3,Rarely,"ChatGPT, Google Gemini, Microsoft Copilot",3 – 6,4,NaN,3,3,False,,Slightly better,"YouTube, WhatsApp / Telegram (for study purposes)",2025-12-27 12:35:23,Tamil Nadu,Deemed University,B.Tech,3rd Year,6.0 – 7.0,0 – 2 hours,"YouTube, ChatGPT / AI tools",2,,,,,,,,
3095,16a56bf3b362259b32e3bc7d18a95d94213241560809ad3c4d5ddba644365acb,2026-02-26 11:40:43,Week 4,44,4 – 6 hours,3,3,Sometimes,"ChatGPT, Google Gemini, Microsoft Copilot",3 – 6,3,NaN,3,2,False,,Slightly better,"YouTube, WhatsApp / Telegram (for study purposes)",2026-02-19 13:19:58,Tamil Nadu,State University,B.Sc,2nd Year,8.0 – 9.0,2 – 4 hours,"YouTube, NPTEL / SWAYAM, Coursera / Udemy / edX, ChatGPT / AI tools, Notion / Anki / Obsidian",5,,,,,,,,
3096,86b1b7c8fd97ac6aa33f3f67e3c3652ee35ae2226cc4798385726481eea05f57,2026-02-26 11:41:27,Week 4,33,2 – 4 hours,3,2,Sometimes,"ChatGPT, Google Gemini, Microsoft Copilot",3 – 6,2,NaN,4,1,False,,Slightly better,"YouTube, WhatsApp / Telegram (for study purposes)",2026-01-31 18:50:27,Tamil Nadu,Central University,B.Tech,1st Year,7.0 – 8.0,0 – 2 hours,"YouTube, ChatGPT / AI tools, College LMS, WhatsApp / Telegram",4,,,,,,,,
3097,9c37b8db9c39e670e8422cf5afe252221762450c6f3d1f72c8ef3cdfe0a584e6,2026-02-26 11:42:25,Week 4,47,4 – 6 hours,3,3,Rarely,"ChatGPT, Google Gemini, Microsoft Copilot",3 – 6,2,NaN,3,3,False,,Slightly better,"YouTube, WhatsApp / Telegram (for study purposes)",2026-02-23 10:10:44,Tamil Nadu,State University,B.Sc,2nd Year,7.0 – 8.0,2 – 4 hours,"YouTube, NPTEL / SWAYAM, Coursera / Udemy / edX, ChatGPT / AI tools, College LMS",5,,,,,,,,
3098,9f7b57d47f3cd447af0a85a35c1ce5b1287d471159595088cd7493a849b93059,2026-02-26 11:43:07,Week 4,55,4 – 6 hours,3,4,Rarely,"ChatGPT, Google Gemini, Microsoft Copilot, Claude",6 – 10,3,NaN,3,3,False,,Slightly better,"YouTube, WhatsApp / Telegram (for study purposes)",2026-02-02 12:38:26,Punjab,Central University,B.Tech,1st Year,6.0 – 7.0,4 – 6 hours,"YouTube, NPTEL / SWAYAM, Coursera / Udemy / edX, ChatGPT / AI tools, College LMS, WhatsApp / Telegram",6,,,,,,,,
3099,48cdb835c278ac6b10eed195f85632896d3be15d20d75197a0b916b2395939a6,2026-02-26 11:44:03,Week 4,54,4 – 6 hours,3,3,Rarely,"ChatGPT, Google Gemini, Microsoft Copilot",1 – 3,4,NaN,3,3,False,,Slightly better,"YouTube, WhatsApp / Telegram (for study purposes)",2026-01-27 00:18:46,Telangana,IIT / NIT,B.Sc,3rd Year,7.0 – 8.0,0 – 2 hours,"YouTube, NPTEL / SWAYAM, ChatGPT / AI tools, WhatsApp / Telegram, Physical notes only",5,,,,,,,,
3100,3a16c6fa9dbc26f91e12cdd112bec4f2953a34f47097d3424e3f551bb022a684,2026-02-26 11:45:19,Week 4,50,4 – 6 hours,3,3,Rarely,"ChatGPT, Google Gemini, Microsoft Copilot, Claude, Perplexity AI",1 – 3,2,NaN,3,4,False,,Slightly better,"YouTube, WhatsApp / Telegram (for study purposes), Physical Notes",2026-01-31 18:44:48,Tamil Nadu,Private University,BBA,1st Year,6.0 – 7.0,0 – 2 hours,"YouTube, Coursera / Udemy / edX, ChatGPT / AI tools, College LMS, WhatsApp / Telegram, Physical notes",6,,,,,,,,
3101,86b1b7c8fd97ac6aa33f3f67e3c3652ee35ae2226cc4798385726481eea05f57,2026-02-26 11:46:12,Week 4,33,2 – 4 hours,2,3,Sometimes,"ChatGPT, Google Gemini, Microsoft Copilot",3 – 6,2,NaN,4,3,False,,Slightly better,"YouTube, WhatsApp / Telegram (for study purposes), Physical Notes",2026-01-31 18:50:27,Tamil Nadu,Central University,B.Tech,1st Year,7.0 – 8.0,0 – 2 hours,"YouTube, ChatGPT / AI tools, College LMS, WhatsApp / Telegram",4,,,,,,,,
3102,ace8e293cc91c35e822f9101bc4e97d2ad904d1e130b4402fd6a6642f245665e,2026-02-26 11:47:09,Week 4,44,4 – 6 hours,2,3,Rarely,"ChatGPT, Google Gemini, Microsoft Copilot, Claude",3 – 6,3,NaN,3,2,False,,Slightly better,"YouTube, Physical Notes",2026-02-23 10:12:43,Kerala,State University,B.Tech,2nd Year,6.0 – 7.0,0 – 2 hours,"NPTEL / SWAYAM, Notion / Anki / Obsidian",2,,,,,,,,
3103,a091d9857e1b26dac9ad43d43de3cfab7f19df9cadb73e095b0b4a74a5e9bc3d,2026-02-26 11:47:59,Week 4,44,4 – 6 hours,3,3,Often,"ChatGPT, Google Gemini, Microsoft Copilot, Claude",3 – 6,3,NaN,3,3,False,,Slightly better,"YouTube, WhatsApp / Telegram (for study purposes)",2026-01-27 19:47:23,Tamil Nadu,Deemed University,B.Tech,4th Year,9.0+,0 – 2 hours,"YouTube, ChatGPT / AI tools, WhatsApp / Telegram",3,,,,,,,,
3104,2b17d11e7d9c1af7a7fed72e60e90a5ee797f0b6e0cc8645592f6fdc2ad13cd2,2026-02-26 11:48:57,Week 4,41,4 – 6 hours,3,2,Sometimes,"ChatGPT, Google Gemini, Microsoft Copilot, Claude",3 – 6,3,NaN,4,3,False,,Slightly better,"YouTube, WhatsApp / Telegram (for study purposes)",2026-01-31 18:51:00,Tamil Nadu,State University,B.Tech,1st Year,6.0 – 7.0,2 – 4 hours,"YouTube, Coursera / Udemy / edX, ChatGPT / AI tools, Notion / Anki / Obsidian, WhatsApp / Telegram",5,,,,,,,,
3105,c4fc9686cc1b927682fbf989fe97901e479c7d5a214ce073d7cc6062f4682ed6,2026-02-26 11:50:14,Week 4,33,2 – 4 hours,2,3,Rarely,"ChatGPT, Google Gemini, Microsoft Copilot",3 – 6,1,NaN,2,2,False,,Slightly better,"YouTube, College LMS",2026-02-23 10:06:40,Andhra Pradesh,Private University,B.Com,3rd Year,6.0 – 7.0,0 – 2 hours,"Coursera / Udemy / edX, ChatGPT / AI tools, Notion / Anki / Obsidian, WhatsApp / Telegram",4,,,,,,,,
3106,bed0f2897fdcff9c379616ea83849b1ca59a967db6315c91cd8fcf4fcf4c7216,2026-02-26 11:51:05,Week 4,44,4 – 6 hours,2,3,Sometimes,"ChatGPT, Google Gemini, Microsoft Copilot",3 – 6,3,NaN,2,2,False,,Slightly better,"YouTube, College LMS, WhatsApp / Telegram (for study purposes)",2026-01-31 18:46:23,Andhra Pradesh,State University,B.Sc,2nd Year,7.0 – 8.0,2 – 4 hours,"YouTube, NPTEL / SWAYAM, WhatsApp / Telegram",3,,,,,,,,
3107,781a9f368166d71405348c3b65fa0645e7cab12d017be1e369eb8d7a5cd5fb1d,2026-02-26 11:51:53,Week 4,43,4 – 6 hours,3,2,Sometimes,"ChatGPT, Google Gemini, Microsoft Copilot",3 – 6,2,NaN,3,2,False,,Slightly better,"YouTube, WhatsApp / Telegram (for study purposes)",2026-02-02 12:40:04,Maharashtra,IIT / NIT,B.Com,4th Year,7.0 – 8.0,2 – 4 hours,"YouTube, NPTEL / SWAYAM, Coursera / Udemy / edX, ChatGPT / AI tools, Notion / Anki / Obsidian, College LMS, WhatsApp / Telegram, Physical notes",8,,,,,,,,
3109,c4fc9686cc1b927682fbf989fe97901e479c7d5a214ce073d7cc6062f4682ed6,2026-02-26 11:53:38,Week 4,44,2 – 4 hours,3,3,Rarely,"ChatGPT, Google Gemini, Microsoft Copilot, Claude",3 – 6,3,NaN,3,2,False,,Slightly better,"YouTube, WhatsApp / Telegram (for study purposes)",2026-02-23 10:06:40,Andhra Pradesh,Private University,B.Com,3rd Year,6.0 – 7.0,0 – 2 hours,"Coursera / Udemy / edX, ChatGPT / AI tools, Notion / Anki / Obsidian, WhatsApp / Telegram",4,,,,,,,,
3110,caf626adf6b1139006e560ca8cc80b33ca449dfd93d89557b2b5dca8a09ea07f,2026-02-26 16:28:05,Week 1,0,0 – 2 hours,1,1,Never,"ChatGPT, Google Gemini, Microsoft Copilot",1 – 3,4,Health / stress issues,1,2,False,,About the same,YouTube,2026-02-23 10:06:05,Karnataka,Private University,BA,3rd Year,7.0 – 8.0,2 – 4 hours,"YouTube, NPTEL / SWAYAM, Coursera / Udemy / edX, ChatGPT / AI tools, Notion / Anki / Obsidian, WhatsApp / Telegram",6,,,,,,,,
3111,caf626adf6b1139006e560ca8cc80b33ca449dfd93d89557b2b5dca8a09ea07f,2026-03-01 20:17:48,Week 6,5,0 – 2 hours,4,1,Never,ChatGPT,3 – 6,4,NaN,4,4,False,,About the same,WhatsApp / Telegram (for study purposes),2026-02-23 10:06:05,Karnataka,Private University,BA,3rd Year,7.0 – 8.0,2 – 4 hours,"YouTube, NPTEL / SWAYAM, Coursera / Udemy / edX, ChatGPT / AI tools, Notion / Anki / Obsidian, WhatsApp / Telegram",6,,,,,,,,
3112,0e155a1241bd00b2d588262223a52e0f8a911a4000092f096e6968dccae9e61b,2026-03-05 16:57:48,Week 1,7,2 – 4 hours,2,2,Never,"ChatGPT, Google Gemini, Claude, QuillBot",3 – 6,2,"No quiet study space, Health / stress issues",2,2,False,70.0,Much worse,NaN,2026-02-03 11:16:29,Tamil Nadu,IIT / NIT,B.Tech,4th Year,8.0 – 9.0,2 – 4 hours,"ChatGPT / AI tools, College LMS",2,,,,,,,,
3113,ea6dc2fae8a61411b9d6de51699ca6787330c0036ffedddf4a649648fefe8732,2026-03-05 16:58:48,Week 1,4,2 – 4 hours,3,3,Sometimes,"ChatGPT, Google Gemini",3 – 6,3,Mobile-only access,2,2,False,,Slightly worse,College LMS,2026-01-31 18:48:18,Andhra Pradesh,Private University,B.Tech,4th Year,7.0 – 8.0,2 – 4 hours,"YouTube, ChatGPT / AI tools, College LMS, WhatsApp / Telegram",4,,,,,,,,
3114,cf47f395a464caa7ab1da1745c2d650002296d75e8eac41561b430a83f4382f8,2026-03-05 16:59:42,Week 1,4,2 – 4 hours,3,2,Rarely,"ChatGPT, Google Gemini",1 – 3,2,"Poor internet, Mobile-only access",2,2,False,,Slightly worse,"NPTEL / SWAYAM, College LMS",2026-01-31 18:49:58,Tamil Nadu,Central University,B.Sc,3rd Year,7.0 – 8.0,2 – 4 hours,"YouTube, NPTEL / SWAYAM, Coursera / Udemy / edX, ChatGPT / AI tools, Notion / Anki / Obsidian",5,,,,,,,,
3115,3a16c6fa9dbc26f91e12cdd112bec4f2953a34f47097d3424e3f551bb022a684,2026-03-05 17:00:39,Week 1,3,2 – 4 hours,2,3,Rarely,"ChatGPT, Google Gemini",3 – 6,2,"Mobile-only access, No quiet study space",2,2,False,,Slightly worse,"YouTube, NPTEL / SWAYAM, Coursera / Udemy / edX",2026-01-31 18:44:48,Tamil Nadu,Private University,BBA,1st Year,6.0 – 7.0,0 – 2 hours,"YouTube, Coursera / Udemy / edX, ChatGPT / AI tools, College LMS, WhatsApp / Telegram, Physical notes",6,,,,,,,,
3116,ad04e596e1af01ab238040c91de85cefe7f49fb2aabec57135e928a5ee02305e,2026-03-05 17:01:25,Week 1,3,2 – 4 hours,2,2,Rarely,"ChatGPT, Google Gemini",1 – 3,2,"Poor internet, Mobile-only access",2,2,False,,Slightly worse,"YouTube, NPTEL / SWAYAM, Coursera / Udemy / edX",2026-02-02 13:10:08,Karnataka,IIT / NIT,BBA,Others,7.0 – 8.0,2 – 4 hours,"YouTube, NPTEL / SWAYAM",2,,,,,,,,
3117,ace8e293cc91c35e822f9101bc4e97d2ad904d1e130b4402fd6a6642f245665e,2026-03-05 17:03:10,Week 2,6,2 – 4 hours,2,2,Sometimes,"ChatGPT, Google Gemini, Claude",3 – 6,3,"Poor internet, Mobile-only access, No quiet study space",3,3,False,,About the same,"YouTube, NPTEL / SWAYAM, College LMS",2026-02-23 10:12:43,Kerala,State University,B.Tech,2nd Year,6.0 – 7.0,0 – 2 hours,"NPTEL / SWAYAM, Notion / Anki / Obsidian",2,,,,,,,,
3118,b319601b117de5d02e9d335f82997ad5d2c20f041b094bdd7a67411b8ad1543b,2026-03-05 17:04:26,Week 2,13,2 – 4 hours,3,4,Often,"ChatGPT, Google Gemini",6 – 10,5,"No quiet study space, Health / stress issues, None",5,5,False,,Slightly better,"YouTube, NPTEL / SWAYAM",2026-01-31 11:34:19,Tamil Nadu,State University,B.Tech,4th Year,8.0 – 9.0,0 – 2 hours,"YouTube, ChatGPT / AI tools, WhatsApp / Telegram",3,,,,,,,,
3119,16a56bf3b362259b32e3bc7d18a95d94213241560809ad3c4d5ddba644365acb,2026-03-05 17:05:29,Week 1,30,4 – 6 hours,4,4,Always,"ChatGPT, Claude, Canva AI",6 – 10,3,Health / stress issues,3,3,False,80.0,Slightly worse,YouTube,2026-02-19 13:19:58,Tamil Nadu,State University,B.Sc,2nd Year,8.0 – 9.0,2 – 4 hours,"YouTube, NPTEL / SWAYAM, Coursera / Udemy / edX, ChatGPT / AI tools, Notion / Anki / Obsidian",5,,,,,,,,
3120,e8386eec4c2f671d625ec0a877e0c9af57a196443df6751cfd908bc4bb188c51,2026-03-05 17:06:14,Week 2,20,6+ hours,5,5,Often,"ChatGPT, Google Gemini",6 – 10,4,"Poor internet, Mobile-only access",4,4,False,,Slightly better,"YouTube, NPTEL / SWAYAM, Coursera / Udemy / edX",2026-01-31 18:42:45,Kerala,State University,B.Com,2nd Year,Prefer not to say,2 – 4 hours,"YouTube, NPTEL / SWAYAM, Coursera / Udemy / edX, Notion / Anki / Obsidian, Physical notes",5,,,,,,,,
3121,86b1b7c8fd97ac6aa33f3f67e3c3652ee35ae2226cc4798385726481eea05f57,2026-03-05 17:07:04,Week 2,20,6+ hours,5,5,Sometimes,"ChatGPT, Google Gemini, Microsoft Copilot, Claude",6 – 10,4,"Poor internet, Mobile-only access",5,5,False,,About the same,"YouTube, College LMS",2026-01-31 18:50:27,Tamil Nadu,Central University,B.Tech,1st Year,7.0 – 8.0,0 – 2 hours,"YouTube, ChatGPT / AI tools, College LMS, WhatsApp / Telegram",4,,,,,,,,
3122,d2db0cecaf1edf2f34e8fcb492052acd27453600c6cc493e25700d9c3b289761,2026-03-05 17:07:50,Week 3,3,0 – 2 hours,2,1,Never,"ChatGPT, Google Gemini",1 – 3,1,Poor internet,1,1,False,,Much worse,College LMS,2026-02-02 12:56:07,Uttar Pradesh,IIT / NIT,Other,2nd Year,Prefer not to say,2 – 4 hours,"YouTube, Coursera / Udemy / edX",2,,,,,,,,
3123,b7c45e43b3e4defcfa15c66053995acfb95306f516892ea504b4a561e64a85b9,2026-03-05 17:08:35,Week 3,2,0 – 2 hours,2,2,Rarely,Google Gemini,1 – 3,2,"Mobile-only access, No quiet study space",2,1,False,,Slightly worse,Coursera / Udemy / edX,2026-01-31 18:40:13,Tamil Nadu,IIT / NIT,B.Sc,2nd Year,6.0 – 7.0,0 – 2 hours,"YouTube, NPTEL / SWAYAM, ChatGPT / AI tools",3,,,,,,,,
3124,86b1b7c8fd97ac6aa33f3f67e3c3652ee35ae2226cc4798385726481eea05f57,2026-03-05 17:08:36,Week 1,39,4 – 6 hours,4,3,Sometimes,"ChatGPT, Claude",6 – 10,4,Poor internet,4,4,False,,Slightly better,"YouTube, College LMS",2026-01-31 18:50:27,Tamil Nadu,Central University,B.Tech,1st Year,7.0 – 8.0,0 – 2 hours,"YouTube, ChatGPT / AI tools, College LMS, WhatsApp / Telegram",4,,,,,,,,
3125,32b68dc8923730efba7e69129bcc4d5555495cc9359174e99e3d50570ce6de44,2026-03-05 17:09:59,Week 3,5,0 – 2 hours,2,2,Rarely,Google Gemini,1 – 3,2,Poor internet,2,3,False,,Much worse,NPTEL / SWAYAM,2026-01-31 14:55:58,Kerala,State University,B.Sc,1st Year,7.0 – 8.0,0 – 2 hours,"YouTube, ChatGPT / AI tools, College LMS, WhatsApp / Telegram",4,,,,,,,,
3126,3d83828233d057f5e1e37a4c9e784850077d6638768e69b0f6b5d4e5e2dfc994,2026-03-05 17:10:05,Week 1,22,4 – 6 hours,4,4,Never,"ChatGPT, Google Gemini",6 – 10,4,Poor internet,4,3,False,66.0,About the same,NPTEL / SWAYAM,2026-01-12 21:41:37,Tamil Nadu,Private University,B.Tech,3rd Year,8.0 – 9.0,0 – 2 hours,"YouTube, ChatGPT / AI tools",2,,,,,,,,
3127,f8041b50a2c1379ae1a539104ac8cfff2e7475d9225620826e59c80d286afe76,2026-03-05 17:11:27,Week 3,3,2 – 4 hours,1,2,Rarely,"Claude, QuillBot",1 – 3,3,"Poor internet, Mobile-only access, No quiet study space, Health / stress issues, None",2,2,False,,Slightly worse,"Notion / Anki / Obsidian, Physical Notes",2026-01-31 18:25:54,Andhra Pradesh,Private University,B.Sc,3rd Year,7.0 – 8.0,0 – 2 hours,"YouTube, NPTEL / SWAYAM, Notion / Anki / Obsidian, College LMS, WhatsApp / Telegram",5,,,,,,,,
3128,48cdb835c278ac6b10eed195f85632896d3be15d20d75197a0b916b2395939a6,2026-03-05 17:11:45,Week 2,35,4 – 6 hours,4,4,Often,"ChatGPT, Perplexity AI",6 – 10,4,Mobile-only access,4,4,False,75.0,About the same,"YouTube, NPTEL / SWAYAM",2026-01-27 00:18:46,Telangana,IIT / NIT,B.Sc,3rd Year,7.0 – 8.0,0 – 2 hours,"YouTube, NPTEL / SWAYAM, ChatGPT / AI tools, WhatsApp / Telegram, Physical notes only",5,,,,,,,,
3129,3d83828233d057f5e1e37a4c9e784850077d6638768e69b0f6b5d4e5e2dfc994,2026-03-05 17:13:19,Week 3,8,2 – 4 hours,2,3,Never,"ChatGPT, Google Gemini, Microsoft Copilot, Claude, Perplexity AI, Grammarly, QuillBot, Notion AI, Jasper AI, GitHub Copilot, Codeium, Replit AI, Tabnine, Canva AI, DALL·E, Midjourney, Adobe Firefly, Khanmigo (Khan Academy AI)",1 – 3,1,"Poor internet, Mobile-only access, No quiet study space, Health / stress issues",1,1,False,,Much worse,"YouTube, NPTEL / SWAYAM, Coursera / Udemy / edX, College LMS, Notion / Anki / Obsidian, WhatsApp / Telegram (for study purposes), Physical Notes",2026-01-12 21:41:37,Tamil Nadu,Private University,B.Tech,3rd Year,8.0 – 9.0,0 – 2 hours,"YouTube, ChatGPT / AI tools",2,,,,,,,,
3130,c4fc9686cc1b927682fbf989fe97901e479c7d5a214ce073d7cc6062f4682ed6,2026-03-05 17:14:13,Week 2,49,4 – 6 hours,5,4,Often,"ChatGPT, Google Gemini",6 – 10,4,"Poor internet, Health / stress issues",4,5,False,70.0,Much better,"YouTube, NPTEL / SWAYAM",2026-02-23 10:06:40,Andhra Pradesh,Private University,B.Com,3rd Year,6.0 – 7.0,0 – 2 hours,"Coursera / Udemy / edX, ChatGPT / AI tools, Notion / Anki / Obsidian, WhatsApp / Telegram",4,,,,,,,,
3131,6cdee50dedfbbd1a46317cf81321165ab42071b577d2f1514daac32cb4160095,2026-03-05 17:14:43,Week 4,0,0 – 2 hours,4,1,Rarely,"ChatGPT, Google Gemini, Claude, Perplexity AI",3 – 6,3,"Poor internet, Mobile-only access, No quiet study space, Health / stress issues",2,1,False,,Much worse,"College LMS, Notion / Anki / Obsidian",2026-02-02 12:39:28,Gujarat,Private University,B.Tech,3rd Year,8.0 – 9.0,6+ hours,NaN,1,,,,,,,,
3132,63c23cf4b390284f3ce1175699f5efa501022ba212fe21be99dc9e2d21deebbf,2026-03-05 17:15:01,Week 2,55,4 – 6 hours,5,5,Always,"ChatGPT, Google Gemini",6 – 10,4,"Mobile-only access, No quiet study space",5,5,False,88.0,Much better,"YouTube, NPTEL / SWAYAM",2026-02-02 12:38:59,Rajasthan,State University,B.Sc,2nd Year,7.0 – 8.0,4 – 6 hours,"Coursera / Udemy / edX, ChatGPT / AI tools, Notion / Anki / Obsidian, College LMS, Physical notes",5,,,,,,,,
3133,cf47f395a464caa7ab1da1745c2d650002296d75e8eac41561b430a83f4382f8,2026-03-05 17:15:53,Week 4,8,0 – 2 hours,3,2,Rarely,"ChatGPT, Claude",1 – 3,3,"Mobile-only access, No quiet study space",3,2,False,,Much worse,"YouTube, NPTEL / SWAYAM, Coursera / Udemy / edX, College LMS",2026-01-31 18:49:58,Tamil Nadu,Central University,B.Sc,3rd Year,7.0 – 8.0,2 – 4 hours,"YouTube, NPTEL / SWAYAM, Coursera / Udemy / edX, ChatGPT / AI tools, Notion / Anki / Obsidian",5,,,,,,,,
3134,1ad669ada84e5263e09135c0723aae8e30fcb58819e440892efde165dd587a5e,2026-03-05 17:17:21,Week 4,14,0 – 2 hours,2,2,Rarely,"ChatGPT, Google Gemini",1 – 3,2,"Poor internet, Mobile-only access",2,2,False,,Much worse,"NPTEL / SWAYAM, Coursera / Udemy / edX, WhatsApp / Telegram (for study purposes)",2026-02-03 11:18:21,Karnataka,State University,BBA,3rd Year,7.0 – 8.0,2 – 4 hours,"YouTube, Coursera / Udemy / edX",2,,,,,,,,
3135,b319601b117de5d02e9d335f82997ad5d2c20f041b094bdd7a67411b8ad1543b,2026-03-05 17:18:14,Week 4,4,2 – 4 hours,2,2,Sometimes,"ChatGPT, Google Gemini, Microsoft Copilot",3 – 6,2,"Poor internet, Mobile-only access, No quiet study space",3,3,False,,Slightly worse,"YouTube, College LMS",2026-01-31 11:34:19,Tamil Nadu,State University,B.Tech,4th Year,8.0 – 9.0,0 – 2 hours,"YouTube, ChatGPT / AI tools, WhatsApp / Telegram",3,,,,,,,,
3136,8773494ab4b07b7f7350b8d37e960ba5d05e7caf5ffbb75a943c63465a604b7f,2026-03-05 17:19:01,Week 4,10,2 – 4 hours,3,2,Never,"ChatGPT, Google Gemini, Microsoft Copilot, Claude",3 – 6,2,"Poor internet, Mobile-only access, No quiet study space, Health / stress issues",2,3,False,,Slightly worse,NaN,2026-01-31 18:47:34,Tamil Nadu,IIT / NIT,B.Tech,2nd Year,9.0+,4 – 6 hours,"YouTube, NPTEL / SWAYAM, Coursera / Udemy / edX, ChatGPT / AI tools, College LMS, WhatsApp / Telegram, Physical notes",7,,,,,,,,
3137,6cdee50dedfbbd1a46317cf81321165ab42071b577d2f1514daac32cb4160095,2026-03-05 17:19:53,Week 3,70,6+ hours,5,5,Always,"ChatGPT, Google Gemini",10+,5,NaN,5,3,False,77.0,Slightly better,YouTube,2026-02-02 12:39:28,Gujarat,Private University,B.Tech,3rd Year,8.0 – 9.0,6+ hours,NaN,1,,,,,,,,
3138,b9c03c59028b4485073ac377b7c14dfe728898b0dccd931ebc2eea5d5b1d746a,2026-03-05 17:20:52,Week 4,59,6+ hours,5,5,Always,"ChatGPT, Google Gemini",10+,5,Health / stress issues,5,5,False,78.0,Much better,"YouTube, NPTEL / SWAYAM",2025-12-27 14:52:29,Tamil Nadu,Central University,B.Tech,3rd Year,8.0 – 9.0,2 – 4 hours,"ChatGPT / AI tools, College LMS, WhatsApp / Telegram",3,,,,,,,,
3139,7b5c4bd7d59556f437489bc9729a8c19655b90085e45e8dff621cf66913fc521,2026-03-05 17:21:43,Week 4,50,6+ hours,5,5,Sometimes,"ChatGPT, Google Gemini",10+,5,Poor internet,5,5,False,50.0,Slightly worse,YouTube,2026-02-23 10:13:22,Kerala,State University,B.Tech,3rd Year,Prefer not to say,2 – 4 hours,"YouTube, NPTEL / SWAYAM, Coursera / Udemy / edX, ChatGPT / AI tools, Notion / Anki / Obsidian, College LMS, WhatsApp / Telegram, Physical notes",8,,,,,,,,
3140,97b26b3698560201c1218be1d50871d93f4ae1f4a79deeb268b0ba686e43fdeb,2026-03-05 17:22:39,Week 4,3,0 – 2 hours,1,1,Never,ChatGPT,1 – 3,2,Poor internet,1,1,False,34.0,Much worse,YouTube,2025-12-26 07:18:01,Tamil Nadu,Deemed University,B.Tech,3rd Year,8.0 – 9.0,0 – 2 hours,"ChatGPT / AI tools, College LMS, WhatsApp / Telegram",3,,,,,,,,
3141,f5df30de694992a770d857d674587e781574c81ffc40be127f93b6a3d3a95f48,2026-03-09 20:29:56,Week 7,1,0 – 2 hours,2,2,Never,ChatGPT,3 – 6,4,NaN,4,4,False,80.0,About the same,NaN,2026-02-23 10:05:11,Andhra Pradesh,State University,B.Sc,3rd Year,Prefer not to say,2 – 4 hours,"YouTube, Coursera / Udemy / edX, Notion / Anki / Obsidian, WhatsApp / Telegram, Physical notes",5,,,,,,,,
3142,81ddebb1fc0e6b009a5655dea87854093d1374914f03d128e615c955c9007504,2025-12-26 07:20:19,Week 1,18,0 – 2 hours,3,1,Often,"ChatGPT / AI tools, College LMS, WhatsApp / Telegram",6 – 10,4,"Poor internet, No quiet study space",3,4,False,70.0,About the same,NaN,2026-01-12 20:20:23,Tamil Nadu,Private University,B.Tech,3rd Year,7.0 – 8.0,2 – 4 hours,"YouTube, ChatGPT / AI tools, WhatsApp / Telegram, Physical notes only",4,,,,,,,,
3143,8773494ab4b07b7f7350b8d37e960ba5d05e7caf5ffbb75a943c63465a604b7f,2025-12-26 19:16:08,Week 1,0,6+ hours,5,1,Never,NaN,0,1,Poor internet,5,5,False,0.0,Much better,NaN,2026-01-31 18:47:34,Tamil Nadu,IIT / NIT,B.Tech,2nd Year,9.0+,4 – 6 hours,"YouTube, NPTEL / SWAYAM, Coursera / Udemy / edX, ChatGPT / AI tools, College LMS, WhatsApp / Telegram, Physical notes",7,,,,,,,,
3144,522e39ae01bce33e97b085b9517a3680984adf0d38e718487e3314eb74127ab2,2025-12-27 12:32:17,Week 1,30,6+ hours,5,5,Always,"YouTube, NPTEL / SWAYAM, Coursera / Udemy / edX, ChatGPT / AI tools, Notion / Anki / Obsidian, College LMS, WhatsApp / Telegram, Physical notes only, None",3 – 6,5,No quiet study space,5,5,False,10.0,Much better,NaN,2026-01-31 18:48:52,Tamil Nadu,State University,B.Tech,2nd Year,Below 6.0,0 – 2 hours,"YouTube, ChatGPT / AI tools, WhatsApp / Telegram",3,,,,,,,,
3145,b7c45e43b3e4defcfa15c66053995acfb95306f516892ea504b4a561e64a85b9,2025-12-27 12:37:17,Week 1,3,0 – 2 hours,3,1,Rarely,"YouTube, ChatGPT / AI tools, Physical notes only",3 – 6,3,"Poor internet, No quiet study space, Health / stress issues",2,1,False,70.0,Slightly worse,NaN,2026-01-31 18:40:13,Tamil Nadu,IIT / NIT,B.Sc,2nd Year,6.0 – 7.0,0 – 2 hours,"YouTube, NPTEL / SWAYAM, ChatGPT / AI tools",3,,,,,,,,
3146,ace8e293cc91c35e822f9101bc4e97d2ad904d1e130b4402fd6a6642f245665e,2025-12-27 14:54:03,Week 1,10,0 – 2 hours,2,1,Rarely,"Coursera / Udemy / edX, ChatGPT / AI tools, College LMS, WhatsApp / Telegram",3 – 6,4,"Poor internet, Mobile-only access, Health / stress issues",5,5,False,50.0,About the same,NaN,2026-02-23 10:12:43,Kerala,State University,B.Tech,2nd Year,6.0 – 7.0,0 – 2 hours,"NPTEL / SWAYAM, Notion / Anki / Obsidian",2,,,,,,,,
3147,6cdee50dedfbbd1a46317cf81321165ab42071b577d2f1514daac32cb4160095,2025-12-29 14:24:18,Week 1,42,6+ hours,4,4,Often,"YouTube, Coursera / Udemy / edX, ChatGPT / AI tools, Notion / Anki / Obsidian, College LMS, WhatsApp / Telegram",6 – 10,5,NaN,5,3,False,85.0,Slightly better,NaN,2026-02-02 12:39:28,Gujarat,Private University,B.Tech,3rd Year,8.0 – 9.0,6+ hours,NaN,1,,,,,,,,
3148,16a56bf3b362259b32e3bc7d18a95d94213241560809ad3c4d5ddba644365acb,2026-01-12 20:21:27,Week 1,10,0 – 2 hours,3,1,Rarely,"ChatGPT, Google Gemini, Microsoft Copilot, Claude",3 – 6,3,"No quiet study space, Health / stress issues",3,5,False,85.0,About the same,"YouTube, College LMS, WhatsApp / Telegram (for study purposes), Physical Notes",2026-02-19 13:19:58,Tamil Nadu,State University,B.Sc,2nd Year,8.0 – 9.0,2 – 4 hours,"YouTube, NPTEL / SWAYAM, Coursera / Udemy / edX, ChatGPT / AI tools, Notion / Anki / Obsidian",5,,,,,,,,
3149,8773494ab4b07b7f7350b8d37e960ba5d05e7caf5ffbb75a943c63465a604b7f,2026-01-12 20:23:04,Week 1,4,0 – 2 hours,3,2,Often,"ChatGPT, Google Gemini, Perplexity AI",1 – 3,4,"Poor internet, No quiet study space",3,2,False,77.0,About the same,"YouTube, Coursera / Udemy / edX, WhatsApp / Telegram (for study purposes)",2026-01-31 18:47:34,Tamil Nadu,IIT / NIT,B.Tech,2nd Year,9.0+,4 – 6 hours,"YouTube, NPTEL / SWAYAM, Coursera / Udemy / edX, ChatGPT / AI tools, College LMS, WhatsApp / Telegram, Physical notes",7,,,,,,,,
3150,8ded4921661c4a18e633a572258dbd0f9a2c004f4aa3e9e2057a670d47566de6,2026-01-12 21:35:58,Week 1,5,2 – 4 hours,2,1,Rarely,"ChatGPT, Google Gemini, Microsoft Copilot, Perplexity AI, GitHub Copilot",3 – 6,3,"Poor internet, Mobile-only access, No quiet study space",3,3,False,50.0,Slightly worse,"YouTube, NPTEL / SWAYAM, WhatsApp / Telegram (for study purposes), Physical Notes",2026-02-03 11:19:03,Kerala,Private University,B.Sc,3rd Year,Prefer not to say,2 – 4 hours,"NPTEL / SWAYAM, WhatsApp / Telegram, Physical notes",3,,,,,,,,
3151,a091d9857e1b26dac9ad43d43de3cfab7f19df9cadb73e095b0b4a74a5e9bc3d,2026-01-12 21:44:30,Week 1,3,0 – 2 hours,1,1,Rarely,"ChatGPT, Google Gemini, Microsoft Copilot",1 – 3,3,NaN,2,2,False,,About the same,YouTube,2026-01-27 19:47:23,Tamil Nadu,Deemed University,B.Tech,4th Year,9.0+,0 – 2 hours,"YouTube, ChatGPT / AI tools, WhatsApp / Telegram",3,,,,,,,,
3152,f72f420debc36def28125c58c71822ce49043914a9406e73923965f87c8cb669,2026-01-12 22:33:54,Week 1,5,0 – 2 hours,3,2,Sometimes,"ChatGPT, Perplexity AI, Replit AI",3 – 6,4,Poor internet,3,3,False,,About the same,YouTube,2026-01-12 23:37:58,Karnataka,Private University,BA,3rd Year,8.0 – 9.0,0 – 2 hours,"YouTube, ChatGPT / AI tools, WhatsApp / Telegram, Physical notes only",4,,,,,,,,
3153,ad04e596e1af01ab238040c91de85cefe7f49fb2aabec57135e928a5ee02305e,2026-01-12 23:15:31,Week 1,2,0 – 2 hours,1,1,Never,"ChatGPT, Google Gemini",1 – 3,1,"Poor internet, No quiet study space",1,1,False,,Slightly worse,"YouTube, WhatsApp / Telegram (for study purposes), Physical Notes",2026-02-02 13:10:08,Karnataka,IIT / NIT,BBA,Others,7.0 – 8.0,2 – 4 hours,"YouTube, NPTEL / SWAYAM",2,,,,,,,,
3154,384ceb85e96e6aa2ecda396e81a782b00f64a547b8639cec5570f556cec3c71d,2026-01-13 19:46:14,Week 2,3,2 – 4 hours,3,3,Rarely,"ChatGPT, Perplexity AI",1 – 3,3,"No quiet study space, Health / stress issues",3,3,False,,About the same,"YouTube, College LMS, Notion / Anki / Obsidian",2026-02-23 10:05:39,Kerala,Private University,B.Com,2nd Year,8.0 – 9.0,4 – 6 hours,"NPTEL / SWAYAM, Coursera / Udemy / edX, College LMS, Physical notes",4,,,,,,,,
3155,7b5c4bd7d59556f437489bc9729a8c19655b90085e45e8dff621cf66913fc521,2026-01-16 12:27:49,Week 1,14,2 – 4 hours,2,2,Rarely,"ChatGPT, Perplexity AI",3 – 6,4,"Mobile-only access, No quiet study space",2,4,False,,Much worse,"YouTube, Notion / Anki / Obsidian, WhatsApp / Telegram (for study purposes)",2026-02-23 10:13:22,Kerala,State University,B.Tech,3rd Year,Prefer not to say,2 – 4 hours,"YouTube, NPTEL / SWAYAM, Coursera / Udemy / edX, ChatGPT / AI tools, Notion / Anki / Obsidian, College LMS, WhatsApp / Telegram, Physical notes",8,,,,,,,,
3156,f5df30de694992a770d857d674587e781574c81ffc40be127f93b6a3d3a95f48,2026-01-31 11:32:52,Week 1,5,0 – 2 hours,4,4,Often,"ChatGPT, Google Gemini, Claude, Perplexity AI, Notion AI, Replit AI, Canva AI, DALL·E",3 – 6,4,Health / stress issues,4,4,False,80.0,Slightly better,"YouTube, WhatsApp / Telegram (for study purposes)",2026-02-23 10:05:11,Andhra Pradesh,State University,B.Sc,3rd Year,Prefer not to say,2 – 4 hours,"YouTube, Coursera / Udemy / edX, Notion / Anki / Obsidian, WhatsApp / Telegram, Physical notes",5,,,,,,,,
3157,b9c03c59028b4485073ac377b7c14dfe728898b0dccd931ebc2eea5d5b1d746a,2026-01-31 14:55:23,Week 1,60,4 – 6 hours,4,3,Sometimes,"ChatGPT, Microsoft Copilot, GitHub Copilot, Replit AI",3 – 6,3,"Poor internet, No quiet study space",3,3,False,,Slightly better,"YouTube, WhatsApp / Telegram (for study purposes), Physical Notes",2025-12-27 14:52:29,Tamil Nadu,Central University,B.Tech,3rd Year,8.0 – 9.0,2 – 4 hours,"ChatGPT / AI tools, College LMS, WhatsApp / Telegram",3,,,,,,,,
3158,32b68dc8923730efba7e69129bcc4d5555495cc9359174e99e3d50570ce6de44,2026-01-31 16:07:51,Week 1,20,0 – 2 hours,3,1,Never,Google Gemini,3 – 6,5,"Poor internet, No quiet study space",2,5,False,75.0,Slightly worse,"YouTube, Notion / Anki / Obsidian",2026-01-31 14:55:58,Kerala,State University,B.Sc,1st Year,7.0 – 8.0,0 – 2 hours,"YouTube, ChatGPT / AI tools, College LMS, WhatsApp / Telegram",4,,,,,,,,
3159,8773494ab4b07b7f7350b8d37e960ba5d05e7caf5ffbb75a943c63465a604b7f,2026-01-31 16:39:48,Week 1,20,4 – 6 hours,3,3,Sometimes,"ChatGPT, Google Gemini",1 – 3,3,Health / stress issues,3,2,False,,Slightly worse,"YouTube, NPTEL / SWAYAM, WhatsApp / Telegram (for study purposes), Physical Notes",2026-01-31 18:47:34,Tamil Nadu,IIT / NIT,B.Tech,2nd Year,9.0+,4 – 6 hours,"YouTube, NPTEL / SWAYAM, Coursera / Udemy / edX, ChatGPT / AI tools, College LMS, WhatsApp / Telegram, Physical notes",7,,,,,,,,
3160,7b5c4bd7d59556f437489bc9729a8c19655b90085e45e8dff621cf66913fc521,2026-01-31 17:56:30,Week 1,4,2 – 4 hours,1,1,Never,ChatGPT,1 – 3,3,Poor internet,1,1,False,,Much worse,Physical Notes,2026-02-23 10:13:22,Kerala,State University,B.Tech,3rd Year,Prefer not to say,2 – 4 hours,"YouTube, NPTEL / SWAYAM, Coursera / Udemy / edX, ChatGPT / AI tools, Notion / Anki / Obsidian, College LMS, WhatsApp / Telegram, Physical notes",8,,,,,,,,
3161,2b17d11e7d9c1af7a7fed72e60e90a5ee797f0b6e0cc8645592f6fdc2ad13cd2,2026-01-31 18:23:25,Week 1,13,0 – 2 hours,1,1,Never,"ChatGPT, Google Gemini, Perplexity AI, Canva AI",6 – 10,3,"Poor internet, Mobile-only access, Health / stress issues",2,3,False,50.0,Slightly worse,"YouTube, College LMS, WhatsApp / Telegram (for study purposes), Physical Notes",2026-01-31 18:51:00,Tamil Nadu,State University,B.Tech,1st Year,6.0 – 7.0,2 – 4 hours,"YouTube, Coursera / Udemy / edX, ChatGPT / AI tools, Notion / Anki / Obsidian, WhatsApp / Telegram",5,,,,,,,,
3162,74d72de1f5b196019d5bbe209db2b90401f5ea949cebbdda60ac6b0f71acb482,2026-01-31 18:55:41,Week 1,14,0 – 2 hours,1,1,Never,"ChatGPT, Google Gemini, Microsoft Copilot, Perplexity AI",3 – 6,3,"Poor internet, Mobile-only access",2,4,False,,Slightly worse,"YouTube, Coursera / Udemy / edX, College LMS, Physical Notes",2026-02-02 12:43:28,Madhya Pradesh,Central University,B.Tech,2nd Year,6.0 – 7.0,2 – 4 hours,"YouTube, ChatGPT / AI tools",2,,,,,,,,
3163,6cdee50dedfbbd1a46317cf81321165ab42071b577d2f1514daac32cb4160095,2026-01-31 18:57:01,Week 1,23,2 – 4 hours,3,3,Sometimes,"ChatGPT, Google Gemini, Microsoft Copilot, Claude, Perplexity AI, Grammarly, QuillBot, GitHub Copilot, Canva AI, Khanmigo (Khan Academy AI)",6 – 10,4,No quiet study space,3,3,False,70.0,About the same,"YouTube, NPTEL / SWAYAM, Coursera / Udemy / edX, College LMS, WhatsApp / Telegram (for study purposes), Physical Notes",2026-02-02 12:39:28,Gujarat,Private University,B.Tech,3rd Year,8.0 – 9.0,6+ hours,NaN,1,,,,,,,,
3164,7b5c4bd7d59556f437489bc9729a8c19655b90085e45e8dff621cf66913fc521,2026-01-31 19:00:49,Week 1,26,2 – 4 hours,2,2,Sometimes,"ChatGPT, Google Gemini, Microsoft Copilot, Claude, Perplexity AI, Grammarly, Notion AI, GitHub Copilot, Codeium, Canva AI, DALL·E",3 – 6,3,"Poor internet, Mobile-only access",2,4,False,70.0,Slightly worse,"YouTube, NPTEL / SWAYAM, Coursera / Udemy / edX, College LMS, WhatsApp / Telegram (for study purposes), Physical Notes",2026-02-23 10:13:22,Kerala,State University,B.Tech,3rd Year,Prefer not to say,2 – 4 hours,"YouTube, NPTEL / SWAYAM, Coursera / Udemy / edX, ChatGPT / AI tools, Notion / Anki / Obsidian, College LMS, WhatsApp / Telegram, Physical notes",8,,,,,,,,
3165,781a9f368166d71405348c3b65fa0645e7cab12d017be1e369eb8d7a5cd5fb1d,2026-01-31 19:02:01,Week 1,22,2 – 4 hours,3,2,Rarely,"ChatGPT, Google Gemini, Microsoft Copilot, Claude, Perplexity AI, Grammarly, GitHub Copilot, Codeium, Replit AI, Tabnine, Canva AI",6 – 10,4,NaN,3,3,False,80.0,About the same,"YouTube, NPTEL / SWAYAM, Coursera / Udemy / edX, College LMS, WhatsApp / Telegram (for study purposes), Physical Notes",2026-02-02 12:40:04,Maharashtra,IIT / NIT,B.Com,4th Year,7.0 – 8.0,2 – 4 hours,"YouTube, NPTEL / SWAYAM, Coursera / Udemy / edX, ChatGPT / AI tools, Notion / Anki / Obsidian, College LMS, WhatsApp / Telegram, Physical notes",8,,,,,,,,
3166,132137538b93be89ed6c9815b322a7a0f58530b8c229d1809265140f5cb8c398,2026-01-31 19:04:48,Week 1,30,2 – 4 hours,3,3,Sometimes,"ChatGPT, Google Gemini, Microsoft Copilot, Claude, QuillBot, Notion AI, GitHub Copilot, Midjourney, Adobe Firefly, Khanmigo (Khan Academy AI)",6 – 10,4,"Poor internet, Health / stress issues",3,5,False,,Slightly worse,"YouTube, NPTEL / SWAYAM, Coursera / Udemy / edX, College LMS, WhatsApp / Telegram (for study purposes), Physical Notes",2026-01-13 19:44:22,Tamil Nadu,Deemed University,B.Tech,3rd Year,7.0 – 8.0,2 – 4 hours,"YouTube, ChatGPT / AI tools",2,,,,,,,,
3167,49c29b44c0f2dba949371e3de5aaea4ace47ef333c771bda5ab86551a01e7a7d,2026-01-31 19:05:17,Week 1,60,4 – 6 hours,4,3,Rarely,"ChatGPT, Google Gemini",6 – 10,4,"No quiet study space, Health / stress issues",3,4,False,0.0,About the same,"YouTube, Physical Notes",2026-02-02 12:49:39,Uttar Pradesh,Central University,B.Tech,Others,8.0 – 9.0,2 – 4 hours,"YouTube, ChatGPT / AI tools",2,,,,,,,,
3168,e8386eec4c2f671d625ec0a877e0c9af57a196443df6751cfd908bc4bb188c51,2026-01-31 19:06:54,Week 1,50,4 – 6 hours,3,3,Often,"ChatGPT, Google Gemini, Microsoft Copilot, Claude, Perplexity AI, GitHub Copilot",6 – 10,5,"Poor internet, No quiet study space",2,5,False,75.0,About the same,"YouTube, College LMS, WhatsApp / Telegram (for study purposes), Physical Notes",2026-01-31 18:42:45,Kerala,State University,B.Com,2nd Year,Prefer not to say,2 – 4 hours,"YouTube, NPTEL / SWAYAM, Coursera / Udemy / edX, Notion / Anki / Obsidian, Physical notes",5,,,,,,,,
3169,2b17d11e7d9c1af7a7fed72e60e90a5ee797f0b6e0cc8645592f6fdc2ad13cd2,2026-01-31 19:10:39,Week 1,40,4 – 6 hours,4,4,Sometimes,"ChatGPT, Google Gemini, Microsoft Copilot, Claude, Perplexity AI, Grammarly, Jasper AI, GitHub Copilot, Replit AI, Canva AI, Adobe Firefly, Khanmigo (Khan Academy AI)",6 – 10,5,NaN,3,3,False,80.0,Slightly better,"YouTube, NPTEL / SWAYAM, College LMS, WhatsApp / Telegram (for study purposes), Physical Notes",2026-01-31 18:51:00,Tamil Nadu,State University,B.Tech,1st Year,6.0 – 7.0,2 – 4 hours,"YouTube, Coursera / Udemy / edX, ChatGPT / AI tools, Notion / Anki / Obsidian, WhatsApp / Telegram",5,,,,,,,,
3170,f8041b50a2c1379ae1a539104ac8cfff2e7475d9225620826e59c80d286afe76,2026-01-31 19:13:43,Week 1,50,6+ hours,3,2,Often,"ChatGPT, Google Gemini, Microsoft Copilot, Claude, Perplexity AI, Grammarly",3 – 6,4,No quiet study space,3,5,False,60.0,About the same,"YouTube, NPTEL / SWAYAM, Coursera / Udemy / edX, College LMS, WhatsApp / Telegram (for study purposes), Physical Notes",2026-01-31 18:25:54,Andhra Pradesh,Private University,B.Sc,3rd Year,7.0 – 8.0,0 – 2 hours,"YouTube, NPTEL / SWAYAM, Notion / Anki / Obsidian, College LMS, WhatsApp / Telegram",5,,,,,,,,
3171,ad04e596e1af01ab238040c91de85cefe7f49fb2aabec57135e928a5ee02305e,2026-01-31 19:15:02,Week 1,45,4 – 6 hours,2,2,Rarely,"ChatGPT, Google Gemini, Microsoft Copilot, Claude, Perplexity AI, Grammarly, Codeium, Replit AI, Tabnine, Canva AI",10+,5,NaN,2,4,False,70.0,Slightly worse,"YouTube, Coursera / Udemy / edX, WhatsApp / Telegram (for study purposes), Physical Notes",2026-02-02 13:10:08,Karnataka,IIT / NIT,BBA,Others,7.0 – 8.0,2 – 4 hours,"YouTube, NPTEL / SWAYAM",2,,,,,,,,
3172,bed0f2897fdcff9c379616ea83849b1ca59a967db6315c91cd8fcf4fcf4c7216,2026-01-31 19:16:03,Week 1,35,2 – 4 hours,2,1,Never,"ChatGPT, Google Gemini",3 – 6,3,"Poor internet, No quiet study space, Health / stress issues",2,5,False,50.0,Slightly worse,"YouTube, WhatsApp / Telegram (for study purposes), Physical Notes",2026-01-31 18:46:23,Andhra Pradesh,State University,B.Sc,2nd Year,7.0 – 8.0,2 – 4 hours,"YouTube, NPTEL / SWAYAM, WhatsApp / Telegram",3,,,,,,,,
3173,7b5c4bd7d59556f437489bc9729a8c19655b90085e45e8dff621cf66913fc521,2026-01-31 19:17:08,Week 1,49,6+ hours,3,2,Always,"ChatGPT, Google Gemini, Microsoft Copilot, Claude, Perplexity AI, Grammarly, Jasper AI",6 – 10,5,"Poor internet, No quiet study space, Health / stress issues",3,5,False,80.0,About the same,"YouTube, NPTEL / SWAYAM, WhatsApp / Telegram (for study purposes), Physical Notes",2026-02-23 10:13:22,Kerala,State University,B.Tech,3rd Year,Prefer not to say,2 – 4 hours,"YouTube, NPTEL / SWAYAM, Coursera / Udemy / edX, ChatGPT / AI tools, Notion / Anki / Obsidian, College LMS, WhatsApp / Telegram, Physical notes",8,,,,,,,,
3174,49c29b44c0f2dba949371e3de5aaea4ace47ef333c771bda5ab86551a01e7a7d,2026-01-31 19:18:01,Week 1,60,6+ hours,4,2,Sometimes,"ChatGPT, Google Gemini, Microsoft Copilot, Claude, Perplexity AI, Grammarly, GitHub Copilot",6 – 10,5,No quiet study space,3,3,False,75.0,About the same,"YouTube, Coursera / Udemy / edX, College LMS, WhatsApp / Telegram (for study purposes), Physical Notes",2026-02-02 12:49:39,Uttar Pradesh,Central University,B.Tech,Others,8.0 – 9.0,2 – 4 hours,"YouTube, ChatGPT / AI tools",2,,,,,,,,
3175,9c37b8db9c39e670e8422cf5afe252221762450c6f3d1f72c8ef3cdfe0a584e6,2026-01-31 19:38:23,Week 1,30,2 – 4 hours,3,1,Sometimes,"ChatGPT, Microsoft Copilot, Claude, Perplexity AI, Notion AI",3 – 6,4,"Poor internet, No quiet study space, Health / stress issues",3,5,False,90.0,Slightly worse,"YouTube, WhatsApp / Telegram (for study purposes), Physical Notes",2026-02-23 10:10:44,Tamil Nadu,State University,B.Sc,2nd Year,7.0 – 8.0,2 – 4 hours,"YouTube, NPTEL / SWAYAM, Coursera / Udemy / edX, ChatGPT / AI tools, College LMS",5,,,,,,,,
3176,cf47f395a464caa7ab1da1745c2d650002296d75e8eac41561b430a83f4382f8,2026-01-31 21:34:43,Week 1,2,0 – 2 hours,3,1,Sometimes,"ChatGPT, Google Gemini, Claude, Perplexity AI, Notion AI",1 – 3,4,"Poor internet, Mobile-only access, No quiet study space, Health / stress issues",3,5,False,80.0,Slightly worse,"YouTube, Notion / Anki / Obsidian, Physical Notes",2026-01-31 18:49:58,Tamil Nadu,Central University,B.Sc,3rd Year,7.0 – 8.0,2 – 4 hours,"YouTube, NPTEL / SWAYAM, Coursera / Udemy / edX, ChatGPT / AI tools, Notion / Anki / Obsidian",5,,,,,,,,
3177,32b68dc8923730efba7e69129bcc4d5555495cc9359174e99e3d50570ce6de44,2026-01-31 21:35:59,Week 1,22,2 – 4 hours,4,4,Sometimes,"ChatGPT, Google Gemini, Perplexity AI",6 – 10,5,"Poor internet, Mobile-only access, Health / stress issues",4,5,False,,Much better,"YouTube, College LMS, Notion / Anki / Obsidian, WhatsApp / Telegram (for study purposes), Physical Notes",2026-01-31 14:55:58,Kerala,State University,B.Sc,1st Year,7.0 – 8.0,0 – 2 hours,"YouTube, ChatGPT / AI tools, College LMS, WhatsApp / Telegram",4,,,,,,,,
3178,3a16c6fa9dbc26f91e12cdd112bec4f2953a34f47097d3424e3f551bb022a684,2026-02-01 20:06:39,Week 1,6,0 – 2 hours,4,1,Never,"ChatGPT, Google Gemini",3 – 6,5,Health / stress issues,5,4,False,80.0,About the same,"YouTube, WhatsApp / Telegram (for study purposes), Physical Notes",2026-01-31 18:44:48,Tamil Nadu,Private University,BBA,1st Year,6.0 – 7.0,0 – 2 hours,"YouTube, Coursera / Udemy / edX, ChatGPT / AI tools, College LMS, WhatsApp / Telegram, Physical notes",6,,,,,,,,
3179,b7c45e43b3e4defcfa15c66053995acfb95306f516892ea504b4a561e64a85b9,2026-02-02 00:28:33,Week 1,3,0 – 2 hours,1,1,Rarely,"ChatGPT, Google Gemini, Microsoft Copilot, Claude, Perplexity AI, Grammarly",1 – 3,4,"No quiet study space, Health / stress issues",1,4,False,,About the same,"YouTube, College LMS, WhatsApp / Telegram (for study purposes), Physical Notes",2026-01-31 18:40:13,Tamil Nadu,IIT / NIT,B.Sc,2nd Year,6.0 – 7.0,0 – 2 hours,"YouTube, NPTEL / SWAYAM, ChatGPT / AI tools",3,,,,,,,,
3180,7b5c4bd7d59556f437489bc9729a8c19655b90085e45e8dff621cf66913fc521,2026-02-02 21:55:05,Week 1,12,2 – 4 hours,3,3,Rarely,"ChatGPT, Google Gemini, Claude, Canva AI",3 – 6,3,Mobile-only access,3,3,False,,About the same,"YouTube, Coursera / Udemy / edX",2026-02-23 10:13:22,Kerala,State University,B.Tech,3rd Year,Prefer not to say,2 – 4 hours,"YouTube, NPTEL / SWAYAM, Coursera / Udemy / edX, ChatGPT / AI tools, Notion / Anki / Obsidian, College LMS, WhatsApp / Telegram, Physical notes",8,,,,,,,,
3181,8773494ab4b07b7f7350b8d37e960ba5d05e7caf5ffbb75a943c63465a604b7f,2026-02-03 10:30:21,Week 1,20,2 – 4 hours,3,1,Often,"ChatGPT, Google Gemini",10+,5,Health / stress issues,3,4,False,,About the same,YouTube,2026-01-31 18:47:34,Tamil Nadu,IIT / NIT,B.Tech,2nd Year,9.0+,4 – 6 hours,"YouTube, NPTEL / SWAYAM, Coursera / Udemy / edX, ChatGPT / AI tools, College LMS, WhatsApp / Telegram, Physical notes",7,,,,,,,,
3182,5e849a6892d6df48c1362529cab706d619efa96a172b3f715bc1f5ccd5ca61ec,2026-02-03 10:38:09,Week 2,16,0 – 2 hours,5,5,Always,"ChatGPT, Google Gemini, Claude, Perplexity AI, GitHub Copilot",1 – 3,4,No quiet study space,4,4,False,85.0,Much better,"YouTube, Coursera / Udemy / edX, Physical Notes",2026-02-02 13:01:28,Uttar Pradesh,IIT / NIT,BA,Others,8.0 – 9.0,2 – 4 hours,"YouTube, ChatGPT / AI tools",2,,,,,,,,
3183,e8386eec4c2f671d625ec0a877e0c9af57a196443df6751cfd908bc4bb188c51,2026-02-03 11:15:07,Week 2,9,0 – 2 hours,3,3,Sometimes,"Claude, Perplexity AI, Grammarly, QuillBot, GitHub Copilot",1 – 3,3,"Poor internet, Mobile-only access",3,3,False,,About the same,"Coursera / Udemy / edX, Notion / Anki / Obsidian",2026-01-31 18:42:45,Kerala,State University,B.Com,2nd Year,Prefer not to say,2 – 4 hours,"YouTube, NPTEL / SWAYAM, Coursera / Udemy / edX, Notion / Anki / Obsidian, Physical notes",5,,,,,,,,
3184,266344e1c50b449d6d5dbec5b4b1af3236f13cc0b97871acccf3da3697283f82,2026-02-03 11:16:33,Week 2,5,2 – 4 hours,3,2,Sometimes,"ChatGPT, Google Gemini",6 – 10,3,"Poor internet, Mobile-only access, No quiet study space, Health / stress issues",2,4,False,50.0,Slightly worse,"YouTube, WhatsApp / Telegram (for study purposes)",2026-01-16 12:24:26,Tamil Nadu,Private University,B.Tech,3rd Year,9.0+,2 – 4 hours,"YouTube, ChatGPT / AI tools, Notion / Anki / Obsidian, WhatsApp / Telegram",4,,,,,,,,
3185,c4fc9686cc1b927682fbf989fe97901e479c7d5a214ce073d7cc6062f4682ed6,2026-02-03 11:57:11,Week 1,50,6+ hours,5,5,Often,"ChatGPT, Google Gemini, Perplexity AI, Midjourney, None",10+,5,Health / stress issues,5,5,False,,Slightly better,"YouTube, College LMS, WhatsApp / Telegram (for study purposes)",2026-02-23 10:06:40,Andhra Pradesh,Private University,B.Com,3rd Year,6.0 – 7.0,0 – 2 hours,"Coursera / Udemy / edX, ChatGPT / AI tools, Notion / Anki / Obsidian, WhatsApp / Telegram",4,,,,,,,,
3186,522e39ae01bce33e97b085b9517a3680984adf0d38e718487e3314eb74127ab2,2026-02-03 11:58:01,Week 2,20,2 – 4 hours,3,3,Rarely,"ChatGPT, Google Gemini, Perplexity AI, Jasper AI",3 – 6,3,Mobile-only access,3,3,False,80.0,Slightly worse,"YouTube, College LMS, WhatsApp / Telegram (for study purposes)",2026-01-31 18:48:52,Tamil Nadu,State University,B.Tech,2nd Year,Below 6.0,0 – 2 hours,"YouTube, ChatGPT / AI tools, WhatsApp / Telegram",3,,,,,,,,
3187,86b1b7c8fd97ac6aa33f3f67e3c3652ee35ae2226cc4798385726481eea05f57,2026-02-03 12:00:28,Week 1,42,4 – 6 hours,4,4,Sometimes,"ChatGPT, Perplexity AI, Tabnine, Canva AI",1 – 3,4,NaN,4,4,False,,About the same,"YouTube, NPTEL / SWAYAM, Notion / Anki / Obsidian, Physical Notes",2026-01-31 18:50:27,Tamil Nadu,Central University,B.Tech,1st Year,7.0 – 8.0,0 – 2 hours,"YouTube, ChatGPT / AI tools, College LMS, WhatsApp / Telegram",4,,,,,,,,
3188,97b26b3698560201c1218be1d50871d93f4ae1f4a79deeb268b0ba686e43fdeb,2026-02-03 12:05:44,Week 1,38,2 – 4 hours,3,2,Always,"Google Gemini, Perplexity AI, QuillBot, Codeium, Replit AI, Canva AI, Khanmigo (Khan Academy AI)",10+,4,"No quiet study space, None",3,3,False,,Much better,"YouTube, Coursera / Udemy / edX",2025-12-26 07:18:01,Tamil Nadu,Deemed University,B.Tech,3rd Year,8.0 – 9.0,0 – 2 hours,"ChatGPT / AI tools, College LMS, WhatsApp / Telegram",3,,,,,,,,
3189,f90ab6deefe14d178606a393182b36cdc645169d692772666b9c29214c2a4e40,2026-02-03 12:20:13,Week 1,13,0 – 2 hours,3,4,Always,"ChatGPT, Microsoft Copilot, Claude, Grammarly, Notion AI, GitHub Copilot",3 – 6,3,Poor internet,2,3,False,70.0,About the same,"YouTube, NPTEL / SWAYAM, College LMS, WhatsApp / Telegram (for study purposes), Physical Notes",2026-02-05 21:56:57,Telangana,Private University,B.Tech,3rd Year,7.0 – 8.0,0 – 2 hours,"ChatGPT / AI tools, WhatsApp / Telegram",2,,,,,,,,
3190,32b68dc8923730efba7e69129bcc4d5555495cc9359174e99e3d50570ce6de44,2026-02-03 12:28:44,Week 1,20,0 – 2 hours,3,4,Always,"ChatGPT, Google Gemini, Microsoft Copilot, Claude, Perplexity AI, QuillBot, Canva AI",3 – 6,3,"Poor internet, Mobile-only access, No quiet study space",2,4,False,50.0,Slightly worse,"Coursera / Udemy / edX, WhatsApp / Telegram (for study purposes), Physical Notes",2026-01-31 14:55:58,Kerala,State University,B.Sc,1st Year,7.0 – 8.0,0 – 2 hours,"YouTube, ChatGPT / AI tools, College LMS, WhatsApp / Telegram",4,,,,,,,,
3191,86b1b7c8fd97ac6aa33f3f67e3c3652ee35ae2226cc4798385726481eea05f57,2026-02-03 12:29:41,Week 1,60,6+ hours,3,3,Rarely,"ChatGPT, Google Gemini, Microsoft Copilot, Claude, Perplexity AI, Grammarly, QuillBot, Replit AI, Tabnine, Canva AI, DALL·E, Midjourney",6 – 10,3,"Poor internet, Health / stress issues",3,5,False,90.0,Slightly better,"YouTube, NPTEL / SWAYAM, Coursera / Udemy / edX, College LMS",2026-01-31 18:50:27,Tamil Nadu,Central University,B.Tech,1st Year,7.0 – 8.0,0 – 2 hours,"YouTube, ChatGPT / AI tools, College LMS, WhatsApp / Telegram",4,,,,,,,,
3192,74d72de1f5b196019d5bbe209db2b90401f5ea949cebbdda60ac6b0f71acb482,2026-02-03 12:42:02,Week 1,25,4 – 6 hours,4,3,Sometimes,"ChatGPT, Google Gemini, Perplexity AI",3 – 6,4,NaN,4,3,False,85.0,Slightly better,"YouTube, Coursera / Udemy / edX, Notion / Anki / Obsidian",2026-02-02 12:43:28,Madhya Pradesh,Central University,B.Tech,2nd Year,6.0 – 7.0,2 – 4 hours,"YouTube, ChatGPT / AI tools",2,,,,,,,,
3193,f5df30de694992a770d857d674587e781574c81ffc40be127f93b6a3d3a95f48,2026-02-03 12:43:56,Week 1,20,2 – 4 hours,2,2,Rarely,"Claude, Grammarly",1 – 3,2,Poor internet,2,4,False,75.0,Much worse,College LMS,2026-02-23 10:05:11,Andhra Pradesh,State University,B.Sc,3rd Year,Prefer not to say,2 – 4 hours,"YouTube, Coursera / Udemy / edX, Notion / Anki / Obsidian, WhatsApp / Telegram, Physical notes",5,,,,,,,,
3194,1dd2975d45d1e27948cae456e3827e3b50778c013fecee985fb0422f4a492ba2,2026-02-03 12:46:15,Week 1,15,2 – 4 hours,2,2,Never,"ChatGPT, Microsoft Copilot",0,3,Health / stress issues,3,5,False,,About the same,YouTube,2026-02-19 13:17:59,Andhra Pradesh,State University,B.Tech,2nd Year,7.0 – 8.0,6+ hours,"YouTube, NPTEL / SWAYAM, Coursera / Udemy / edX, ChatGPT / AI tools, Notion / Anki / Obsidian, College LMS, WhatsApp / Telegram, Physical notes",8,,,,,,,,
3195,3a16c6fa9dbc26f91e12cdd112bec4f2953a34f47097d3424e3f551bb022a684,2026-02-03 12:51:53,Week 1,35,6+ hours,5,4,Sometimes,"ChatGPT, Claude",6 – 10,5,"Mobile-only access, Health / stress issues",4,2,False,85.0,Slightly better,YouTube,2026-01-31 18:44:48,Tamil Nadu,Private University,BBA,1st Year,6.0 – 7.0,0 – 2 hours,"YouTube, Coursera / Udemy / edX, ChatGPT / AI tools, College LMS, WhatsApp / Telegram, Physical notes",6,,,,,,,,
3196,219d4ac6903fffab5ab1d64d6ed0b331adcc691f0e116fb7f62cefba91f7b0ec,2026-02-03 12:53:19,Week 1,15,0 – 2 hours,2,1,Never,NaN,0,1,Poor internet,2,4,False,,About the same,"YouTube, Physical Notes",2025-12-26 18:34:24,Andhra Pradesh,Private University,B.Tech,3rd Year,9.0+,0 – 2 hours,ChatGPT / AI tools,1,,,,,,,,
3197,8bfc27000534160835a23ec100f95667b3894c6b3e90a6027721d3322ad782dc,2026-02-03 12:55:32,Week 1,25,2 – 4 hours,3,3,Often,ChatGPT,3 – 6,3,NaN,3,3,False,78.0,Slightly better,"YouTube, Coursera / Udemy / edX, College LMS",2026-02-05 21:46:59,Telangana,Private University,B.Tech,3rd Year,9.0+,0 – 2 hours,"YouTube, ChatGPT / AI tools, Physical notes",3,,,,,,,,
3198,0e155a1241bd00b2d588262223a52e0f8a911a4000092f096e6968dccae9e61b,2026-02-03 17:14:22,Week 3,30,2 – 4 hours,3,2,Often,"ChatGPT, Google Gemini, GitHub Copilot",10+,5,Health / stress issues,4,5,False,,Slightly better,"YouTube, College LMS",2026-02-03 11:16:29,Tamil Nadu,IIT / NIT,B.Tech,4th Year,8.0 – 9.0,2 – 4 hours,"ChatGPT / AI tools, College LMS",2,,,,,,,,
3199,3a16c6fa9dbc26f91e12cdd112bec4f2953a34f47097d3424e3f551bb022a684,2026-02-05 21:45:35,Week 1,0,4 – 6 hours,3,3,Sometimes,"ChatGPT, Google Gemini, Claude, Perplexity AI, Canva AI",1 – 3,3,NaN,3,3,False,,About the same,"YouTube, NPTEL / SWAYAM, Coursera / Udemy / edX, College LMS, WhatsApp / Telegram (for study purposes)",2026-01-31 18:44:48,Tamil Nadu,Private University,BBA,1st Year,6.0 – 7.0,0 – 2 hours,"YouTube, Coursera / Udemy / edX, ChatGPT / AI tools, College LMS, WhatsApp / Telegram, Physical notes",6,,,,,,,,
3200,f90ab6deefe14d178606a393182b36cdc645169d692772666b9c29214c2a4e40,2026-02-05 21:49:41,Week 1,10,0 – 2 hours,5,3,Sometimes,"ChatGPT, Google Gemini, Microsoft Copilot, Perplexity AI, GitHub Copilot, Canva AI, Khanmigo (Khan Academy AI)",1 – 3,3,"Poor internet, Mobile-only access, No quiet study space",3,5,False,94.0,Much better,"YouTube, NPTEL / SWAYAM, Coursera / Udemy / edX, College LMS, Notion / Anki / Obsidian, WhatsApp / Telegram (for study purposes), Physical Notes",2026-02-05 21:56:57,Telangana,Private University,B.Tech,3rd Year,7.0 – 8.0,0 – 2 hours,"ChatGPT / AI tools, WhatsApp / Telegram",2,,,,,,,,
3201,219d4ac6903fffab5ab1d64d6ed0b331adcc691f0e116fb7f62cefba91f7b0ec,2026-02-05 21:53:36,Week 1,70,2 – 4 hours,1,1,Sometimes,ChatGPT,10+,3,NaN,2,1,False,,Slightly better,"YouTube, WhatsApp / Telegram (for study purposes)",2025-12-26 18:34:24,Andhra Pradesh,Private University,B.Tech,3rd Year,9.0+,0 – 2 hours,ChatGPT / AI tools,1,,,,,,,,
3202,e14fc3506630213cf4dbb3dddf035e19aad46cfaf81f1761b7791f1f48a64d67,2026-02-05 22:29:26,Week 1,0,0 – 2 hours,1,1,Never,"ChatGPT, Google Gemini, Microsoft Copilot",1 – 3,3,"Poor internet, Mobile-only access, No quiet study space, Health / stress issues",1,4,False,70.0,About the same,YouTube,2026-02-02 12:45:31,Madhya Pradesh,Central University,B.Tech,3rd Year,8.0 – 9.0,2 – 4 hours,"ChatGPT / AI tools, WhatsApp / Telegram",2,,,,,,,,
3203,781a9f368166d71405348c3b65fa0645e7cab12d017be1e369eb8d7a5cd5fb1d,2026-02-08 10:09:09,Week 2,1,0 – 2 hours,4,1,Never,"ChatGPT, Google Gemini",3 – 6,5,NaN,5,5,False,,About the same,WhatsApp / Telegram (for study purposes),2026-02-02 12:40:04,Maharashtra,IIT / NIT,B.Com,4th Year,7.0 – 8.0,2 – 4 hours,"YouTube, NPTEL / SWAYAM, Coursera / Udemy / edX, ChatGPT / AI tools, Notion / Anki / Obsidian, College LMS, WhatsApp / Telegram, Physical notes",8,,,,,,,,
3204,97b26b3698560201c1218be1d50871d93f4ae1f4a79deeb268b0ba686e43fdeb,2026-02-16 08:39:48,Week 3,4,0 – 2 hours,3,1,Never,ChatGPT,6 – 10,4,NaN,4,3,False,,About the same,"YouTube, WhatsApp / Telegram (for study purposes)",2025-12-26 07:18:01,Tamil Nadu,Deemed University,B.Tech,3rd Year,8.0 – 9.0,0 – 2 hours,"ChatGPT / AI tools, College LMS, WhatsApp / Telegram",3,,,,,,,,
3205,bed0f2897fdcff9c379616ea83849b1ca59a967db6315c91cd8fcf4fcf4c7216,2026-02-19 09:15:03,Week 2,6,0 – 2 hours,3,3,Rarely,"ChatGPT, Google Gemini, Claude",1 – 3,4,"Poor internet, No quiet study space",4,4,False,80.0,Slightly better,"YouTube, WhatsApp / Telegram (for study purposes), Physical Notes",2026-01-31 18:46:23,Andhra Pradesh,State University,B.Sc,2nd Year,7.0 – 8.0,2 – 4 hours,"YouTube, NPTEL / SWAYAM, WhatsApp / Telegram",3,,,,,,,,
3206,86b1b7c8fd97ac6aa33f3f67e3c3652ee35ae2226cc4798385726481eea05f57,2026-02-19 09:18:05,Week 3,5,0 – 2 hours,2,2,Rarely,"ChatGPT, Google Gemini",1 – 3,2,"Poor internet, No quiet study space, Health / stress issues",2,4,False,60.0,Slightly worse,"NPTEL / SWAYAM, WhatsApp / Telegram (for study purposes), Physical Notes",2026-01-31 18:50:27,Tamil Nadu,Central University,B.Tech,1st Year,7.0 – 8.0,0 – 2 hours,"YouTube, ChatGPT / AI tools, College LMS, WhatsApp / Telegram",4,,,,,,,,
3207,3a16c6fa9dbc26f91e12cdd112bec4f2953a34f47097d3424e3f551bb022a684,2026-02-19 09:19:09,Week 3,6,0 – 2 hours,3,3,Never,"ChatGPT, Google Gemini, Claude, Perplexity AI, GitHub Copilot",3 – 6,3,"Poor internet, No quiet study space",3,3,False,,About the same,"YouTube, Notion / Anki / Obsidian, WhatsApp / Telegram (for study purposes), Physical Notes",2026-01-31 18:44:48,Tamil Nadu,Private University,BBA,1st Year,6.0 – 7.0,0 – 2 hours,"YouTube, Coursera / Udemy / edX, ChatGPT / AI tools, College LMS, WhatsApp / Telegram, Physical notes",6,,,,,,,,
3208,8bfc27000534160835a23ec100f95667b3894c6b3e90a6027721d3322ad782dc,2026-02-19 09:20:04,Week 4,7,2 – 4 hours,3,4,Never,"ChatGPT, Google Gemini, Microsoft Copilot, Claude, Perplexity AI",1 – 3,3,Poor internet,3,4,False,,About the same,"YouTube, WhatsApp / Telegram (for study purposes), Physical Notes",2026-02-05 21:46:59,Telangana,Private University,B.Tech,3rd Year,9.0+,0 – 2 hours,"YouTube, ChatGPT / AI tools, Physical notes",3,,,,,,,,
3209,8bfc27000534160835a23ec100f95667b3894c6b3e90a6027721d3322ad782dc,2026-02-19 09:21:21,Week 4,7,2 – 4 hours,3,3,Never,"ChatGPT, Google Gemini, GitHub Copilot",1 – 3,2,Health / stress issues,2,3,False,70.0,About the same,"YouTube, WhatsApp / Telegram (for study purposes), Physical Notes",2026-02-05 21:46:59,Telangana,Private University,B.Tech,3rd Year,9.0+,0 – 2 hours,"YouTube, ChatGPT / AI tools, Physical notes",3,,,,,,,,
3210,781a9f368166d71405348c3b65fa0645e7cab12d017be1e369eb8d7a5cd5fb1d,2026-02-19 09:22:29,Week 4,5,0 – 2 hours,1,1,Never,ChatGPT,1 – 3,2,Poor internet,2,2,False,,Slightly worse,YouTube,2026-02-02 12:40:04,Maharashtra,IIT / NIT,B.Com,4th Year,7.0 – 8.0,2 – 4 hours,"YouTube, NPTEL / SWAYAM, Coursera / Udemy / edX, ChatGPT / AI tools, Notion / Anki / Obsidian, College LMS, WhatsApp / Telegram, Physical notes",8,,,,,,,,
3211,d2db0cecaf1edf2f34e8fcb492052acd27453600c6cc493e25700d9c3b289761,2026-02-19 09:23:22,Week 4,8,2 – 4 hours,4,4,Never,"ChatGPT, Google Gemini, Microsoft Copilot, Claude, GitHub Copilot",3 – 6,4,Poor internet,4,4,False,60.0,Slightly better,"YouTube, WhatsApp / Telegram (for study purposes), Physical Notes",2026-02-02 12:56:07,Uttar Pradesh,IIT / NIT,Other,2nd Year,Prefer not to say,2 – 4 hours,"YouTube, Coursera / Udemy / edX",2,,,,,,,,
3212,8bfc27000534160835a23ec100f95667b3894c6b3e90a6027721d3322ad782dc,2026-02-22 21:39:27,Week 4,6,0 – 2 hours,5,1,Never,ChatGPT,3 – 6,4,Health / stress issues,3,3,False,80.0,Slightly worse,"WhatsApp / Telegram (for study purposes), Physical Notes",2026-02-05 21:46:59,Telangana,Private University,B.Tech,3rd Year,9.0+,0 – 2 hours,"YouTube, ChatGPT / AI tools, Physical notes",3,,,,,,,,
3213,c4fc9686cc1b927682fbf989fe97901e479c7d5a214ce073d7cc6062f4682ed6,2026-02-23 10:18:52,Week 1,20,2 – 4 hours,3,3,Sometimes,"ChatGPT, Google Gemini, Microsoft Copilot, Claude, Perplexity AI, Grammarly, GitHub Copilot",3 – 6,4,"Poor internet, Mobile-only access, No quiet study space, Health / stress issues",2,2,False,,About the same,"YouTube, NPTEL / SWAYAM, Coursera / Udemy / edX, College LMS, WhatsApp / Telegram (for study purposes)",2026-02-23 10:06:40,Andhra Pradesh,Private University,B.Com,3rd Year,6.0 – 7.0,0 – 2 hours,"Coursera / Udemy / edX, ChatGPT / AI tools, Notion / Anki / Obsidian, WhatsApp / Telegram",4,,,,,,,,
3214,e9f047d3c2da21e5de56f3abab5c156cedf45843e25e1cc9c00e542a0848fb89,2026-02-23 10:19:54,Week 1,30,2 – 4 hours,3,3,Often,"ChatGPT, Microsoft Copilot, Perplexity AI, Grammarly, QuillBot, Codeium, Tabnine",3 – 6,4,"Poor internet, No quiet study space, Health / stress issues, None",5,4,False,50.0,About the same,"NPTEL / SWAYAM, College LMS, Notion / Anki / Obsidian",2026-02-23 10:04:41,Andhra Pradesh,Central University,B.Tech,2nd Year,7.0 – 8.0,0 – 2 hours,"YouTube, NPTEL / SWAYAM, Coursera / Udemy / edX, Notion / Anki / Obsidian, WhatsApp / Telegram",5,,,,,,,,
3215,ad04e596e1af01ab238040c91de85cefe7f49fb2aabec57135e928a5ee02305e,2026-02-23 10:20:56,Week 1,35,4 – 6 hours,4,4,Often,"ChatGPT, Google Gemini, Microsoft Copilot, Perplexity AI, Grammarly, QuillBot",6 – 10,4,"Poor internet, No quiet study space, Health / stress issues",3,4,False,75.0,Slightly better,"YouTube, NPTEL / SWAYAM, Coursera / Udemy / edX, College LMS, Physical Notes",2026-02-02 13:10:08,Karnataka,IIT / NIT,BBA,Others,7.0 – 8.0,2 – 4 hours,"YouTube, NPTEL / SWAYAM",2,,,,,,,,
3216,32b68dc8923730efba7e69129bcc4d5555495cc9359174e99e3d50570ce6de44,2026-02-23 10:22:44,Week 1,30,4 – 6 hours,3,3,Sometimes,"ChatGPT, Google Gemini, Microsoft Copilot, Claude, Notion AI, GitHub Copilot, Codeium",3 – 6,4,"Mobile-only access, No quiet study space",2,3,False,,About the same,"NPTEL / SWAYAM, College LMS, Notion / Anki / Obsidian, WhatsApp / Telegram (for study purposes)",2026-01-31 14:55:58,Kerala,State University,B.Sc,1st Year,7.0 – 8.0,0 – 2 hours,"YouTube, ChatGPT / AI tools, College LMS, WhatsApp / Telegram",4,,,,,,,,
3217,522e39ae01bce33e97b085b9517a3680984adf0d38e718487e3314eb74127ab2,2026-02-23 10:23:43,Week 1,40,4 – 6 hours,2,2,Never,"ChatGPT, Google Gemini, Microsoft Copilot, Claude, Perplexity AI, Grammarly, QuillBot, Notion AI, Jasper AI, GitHub Copilot, Codeium, Replit AI, Tabnine",3 – 6,3,No quiet study space,3,4,False,59.0,Slightly worse,"YouTube, NPTEL / SWAYAM, College LMS, Notion / Anki / Obsidian, WhatsApp / Telegram (for study purposes)",2026-01-31 18:48:52,Tamil Nadu,State University,B.Tech,2nd Year,Below 6.0,0 – 2 hours,"YouTube, ChatGPT / AI tools, WhatsApp / Telegram",3,,,,,,,,
3218,ad04e596e1af01ab238040c91de85cefe7f49fb2aabec57135e928a5ee02305e,2026-02-23 10:35:09,Week 2,45,4 – 6 hours,4,2,Rarely,"ChatGPT, Google Gemini, Microsoft Copilot, Claude, Perplexity AI, Grammarly, Jasper AI, Tabnine, Canva AI, Adobe Firefly",6 – 10,4,Mobile-only access,4,4,False,80.0,Slightly better,"YouTube, Coursera / Udemy / edX, Notion / Anki / Obsidian, Physical Notes",2026-02-02 13:10:08,Karnataka,IIT / NIT,BBA,Others,7.0 – 8.0,2 – 4 hours,"YouTube, NPTEL / SWAYAM",2,,,,,,,,
3219,b7c45e43b3e4defcfa15c66053995acfb95306f516892ea504b4a561e64a85b9,2026-02-23 10:35:57,Week 2,50,4 – 6 hours,2,2,Rarely,"ChatGPT, Google Gemini, Microsoft Copilot, Claude, Grammarly, Jasper AI, Codeium, Replit AI, DALL·E, Adobe Firefly, Khanmigo (Khan Academy AI)",6 – 10,4,NaN,4,3,False,90.0,Slightly better,"YouTube, NPTEL / SWAYAM, Coursera / Udemy / edX, College LMS, Notion / Anki / Obsidian",2026-01-31 18:40:13,Tamil Nadu,IIT / NIT,B.Sc,2nd Year,6.0 – 7.0,0 – 2 hours,"YouTube, NPTEL / SWAYAM, ChatGPT / AI tools",3,,,,,,,,
3220,f8ecea41f5799921e46e5d82b8d41d92dba1fca7a66ca63506cc3c0aab382672,2026-02-23 10:36:55,Week 2,60,6+ hours,3,3,Sometimes,"ChatGPT, Google Gemini, Microsoft Copilot, Claude, Grammarly, QuillBot, Jasper AI, Codeium, Tabnine, Canva AI, Adobe Firefly",10+,5,Health / stress issues,5,5,False,80.0,Slightly better,"YouTube, NPTEL / SWAYAM, Coursera / Udemy / edX, College LMS, Notion / Anki / Obsidian, WhatsApp / Telegram (for study purposes), Physical Notes",2026-01-27 17:56:30,Uttar Pradesh,Central University,B.Tech,4th Year,7.0 – 8.0,4 – 6 hours,"YouTube, NPTEL / SWAYAM, Coursera / Udemy / edX, ChatGPT / AI tools, Notion / Anki / Obsidian",5,,,,,,,,
3221,86b1b7c8fd97ac6aa33f3f67e3c3652ee35ae2226cc4798385726481eea05f57,2026-02-23 10:37:44,Week 2,70,6+ hours,3,3,Sometimes,"ChatGPT, Google Gemini, Microsoft Copilot, Claude, Perplexity AI, Grammarly, QuillBot, Notion AI, Codeium, Replit AI, Canva AI, DALL·E, Midjourney, Adobe Firefly",6 – 10,4,"Poor internet, No quiet study space, Health / stress issues",5,4,False,,About the same,"YouTube, NPTEL / SWAYAM, Coursera / Udemy / edX, College LMS, Notion / Anki / Obsidian, WhatsApp / Telegram (for study purposes), Physical Notes",2026-01-31 18:50:27,Tamil Nadu,Central University,B.Tech,1st Year,7.0 – 8.0,0 – 2 hours,"YouTube, ChatGPT / AI tools, College LMS, WhatsApp / Telegram",4,,,,,,,,
3222,ad04e596e1af01ab238040c91de85cefe7f49fb2aabec57135e928a5ee02305e,2026-02-23 10:38:39,Week 2,60,6+ hours,3,3,Often,"ChatGPT, Google Gemini, Microsoft Copilot, Claude, Perplexity AI, Grammarly, Jasper AI, GitHub Copilot, Canva AI",6 – 10,3,NaN,4,4,False,75.0,Much better,"YouTube, NPTEL / SWAYAM, Coursera / Udemy / edX, College LMS, Notion / Anki / Obsidian, WhatsApp / Telegram (for study purposes), Physical Notes",2026-02-02 13:10:08,Karnataka,IIT / NIT,BBA,Others,7.0 – 8.0,2 – 4 hours,"YouTube, NPTEL / SWAYAM",2,,,,,,,,
3223,a0844c331d7454600df29956fea1f640e9035aa0e376172eded377ff472dedbe,2026-02-23 10:40:54,Week 2,70,6+ hours,4,1,Often,"ChatGPT, Google Gemini, Microsoft Copilot, Claude, Perplexity AI, Grammarly, QuillBot, Notion AI, GitHub Copilot, DALL·E",10+,4,Health / stress issues,4,4,False,85.0,About the same,"YouTube, NPTEL / SWAYAM, Coursera / Udemy / edX, College LMS, Notion / Anki / Obsidian, WhatsApp / Telegram (for study purposes), Physical Notes",2026-01-31 18:46:52,Karnataka,Central University,B.Sc,1st Year,7.0 – 8.0,2 – 4 hours,"NPTEL / SWAYAM, Coursera / Udemy / edX, ChatGPT / AI tools, College LMS, WhatsApp / Telegram, Physical notes",6,,,,,,,,
3224,f8041b50a2c1379ae1a539104ac8cfff2e7475d9225620826e59c80d286afe76,2026-02-23 10:42:01,Week 2,65,6+ hours,4,2,Sometimes,"ChatGPT, Google Gemini, Microsoft Copilot, Claude, Perplexity AI, Grammarly, QuillBot, Notion AI, Codeium",6 – 10,4,Health / stress issues,3,3,False,70.0,Much better,"YouTube, NPTEL / SWAYAM, Coursera / Udemy / edX, College LMS, Notion / Anki / Obsidian, WhatsApp / Telegram (for study purposes), Physical Notes",2026-01-31 18:25:54,Andhra Pradesh,Private University,B.Sc,3rd Year,7.0 – 8.0,0 – 2 hours,"YouTube, NPTEL / SWAYAM, Notion / Anki / Obsidian, College LMS, WhatsApp / Telegram",5,,,,,,,,
3225,caf626adf6b1139006e560ca8cc80b33ca449dfd93d89557b2b5dca8a09ea07f,2026-02-23 10:42:59,Week 2,55,6+ hours,5,5,Always,"ChatGPT, Google Gemini, Microsoft Copilot, Claude, Perplexity AI, Grammarly, QuillBot, Jasper AI, GitHub Copilot, Replit AI",10+,5,No quiet study space,5,5,False,80.0,Slightly better,"YouTube, NPTEL / SWAYAM, Coursera / Udemy / edX, College LMS, WhatsApp / Telegram (for study purposes)",2026-02-23 10:06:05,Karnataka,Private University,BA,3rd Year,7.0 – 8.0,2 – 4 hours,"YouTube, NPTEL / SWAYAM, Coursera / Udemy / edX, ChatGPT / AI tools, Notion / Anki / Obsidian, WhatsApp / Telegram",6,,,,,,,,
3226,48cdb835c278ac6b10eed195f85632896d3be15d20d75197a0b916b2395939a6,2026-02-23 10:44:12,Week 2,50,6+ hours,5,2,Sometimes,"ChatGPT, Google Gemini, Microsoft Copilot, Claude, Perplexity AI, Grammarly, Notion AI, Codeium, Tabnine, Canva AI",10+,5,Mobile-only access,5,4,False,66.0,Slightly worse,"YouTube, NPTEL / SWAYAM, Coursera / Udemy / edX, College LMS, Notion / Anki / Obsidian, WhatsApp / Telegram (for study purposes), Physical Notes",2026-01-27 00:18:46,Telangana,IIT / NIT,B.Sc,3rd Year,7.0 – 8.0,0 – 2 hours,"YouTube, NPTEL / SWAYAM, ChatGPT / AI tools, WhatsApp / Telegram, Physical notes only",5,,,,,,,,
3227,48cdb835c278ac6b10eed195f85632896d3be15d20d75197a0b916b2395939a6,2026-02-23 10:45:06,Week 2,60,6+ hours,5,3,Sometimes,"ChatGPT, Google Gemini, Microsoft Copilot, Claude, Perplexity AI, Grammarly, QuillBot, Notion AI, GitHub Copilot, Replit AI, Canva AI, Adobe Firefly",6 – 10,4,"Poor internet, No quiet study space",5,4,False,56.0,Much worse,"YouTube, NPTEL / SWAYAM, Coursera / Udemy / edX, College LMS, Notion / Anki / Obsidian, WhatsApp / Telegram (for study purposes), Physical Notes",2026-01-27 00:18:46,Telangana,IIT / NIT,B.Sc,3rd Year,7.0 – 8.0,0 – 2 hours,"YouTube, NPTEL / SWAYAM, ChatGPT / AI tools, WhatsApp / Telegram, Physical notes only",5,,,,,,,,
3228,1ad669ada84e5263e09135c0723aae8e30fcb58819e440892efde165dd587a5e,2026-02-23 10:46:14,Week 2,56,6+ hours,5,2,Sometimes,"ChatGPT, Google Gemini, Microsoft Copilot, Claude, Perplexity AI, Grammarly, QuillBot, Notion AI",10+,4,"Poor internet, Mobile-only access",3,3,False,60.0,Slightly worse,"YouTube, NPTEL / SWAYAM, Coursera / Udemy / edX, College LMS, Notion / Anki / Obsidian, WhatsApp / Telegram (for study purposes), Physical Notes",2026-02-03 11:18:21,Karnataka,State University,BBA,3rd Year,7.0 – 8.0,2 – 4 hours,"YouTube, Coursera / Udemy / edX",2,,,,,,,,
3229,a091d9857e1b26dac9ad43d43de3cfab7f19df9cadb73e095b0b4a74a5e9bc3d,2026-02-23 10:47:04,Week 2,60,4 – 6 hours,4,5,Sometimes,"ChatGPT, Google Gemini, Microsoft Copilot, Claude, Perplexity AI, Grammarly, QuillBot, Notion AI, Jasper AI",10+,5,Poor internet,5,5,False,75.0,About the same,"YouTube, College LMS, WhatsApp / Telegram (for study purposes), Physical Notes",2026-01-27 19:47:23,Tamil Nadu,Deemed University,B.Tech,4th Year,9.0+,0 – 2 hours,"YouTube, ChatGPT / AI tools, WhatsApp / Telegram",3,,,,,,,,
3230,a0844c331d7454600df29956fea1f640e9035aa0e376172eded377ff472dedbe,2026-02-23 10:48:16,Week 2,45,4 – 6 hours,5,3,Often,"ChatGPT, Google Gemini, Claude, Perplexity AI, Grammarly",6 – 10,4,Poor internet,5,4,False,90.0,Slightly better,"YouTube, NPTEL / SWAYAM, College LMS, WhatsApp / Telegram (for study purposes)",2026-01-31 18:46:52,Karnataka,Central University,B.Sc,1st Year,7.0 – 8.0,2 – 4 hours,"NPTEL / SWAYAM, Coursera / Udemy / edX, ChatGPT / AI tools, College LMS, WhatsApp / Telegram, Physical notes",6,,,,,,,,
3231,b7c45e43b3e4defcfa15c66053995acfb95306f516892ea504b4a561e64a85b9,2026-02-23 10:49:33,Week 3,20,2 – 4 hours,2,2,Rarely,"ChatGPT, Google Gemini",3 – 6,3,Poor internet,2,2,False,,Slightly worse,"YouTube, WhatsApp / Telegram (for study purposes)",2026-01-31 18:40:13,Tamil Nadu,IIT / NIT,B.Sc,2nd Year,6.0 – 7.0,0 – 2 hours,"YouTube, NPTEL / SWAYAM, ChatGPT / AI tools",3,,,,,,,,
3232,8ded4921661c4a18e633a572258dbd0f9a2c004f4aa3e9e2057a670d47566de6,2026-02-23 11:07:02,Week 3,40,4 – 6 hours,3,3,Sometimes,"ChatGPT, Google Gemini, Microsoft Copilot, Claude, Perplexity AI, Grammarly",3 – 6,2,NaN,3,3,False,,Slightly worse,"YouTube, College LMS, Notion / Anki / Obsidian",2026-02-03 11:19:03,Kerala,Private University,B.Sc,3rd Year,Prefer not to say,2 – 4 hours,"NPTEL / SWAYAM, WhatsApp / Telegram, Physical notes",3,,,,,,,,
3233,8bfc27000534160835a23ec100f95667b3894c6b3e90a6027721d3322ad782dc,2026-02-23 11:07:50,Week 3,30,2 – 4 hours,2,2,Rarely,"ChatGPT, Google Gemini, Perplexity AI, Grammarly",1 – 3,2,NaN,3,3,False,,Slightly worse,"YouTube, NPTEL / SWAYAM, Coursera / Udemy / edX, College LMS",2026-02-05 21:46:59,Telangana,Private University,B.Tech,3rd Year,9.0+,0 – 2 hours,"YouTube, ChatGPT / AI tools, Physical notes",3,,,,,,,,
3234,b319601b117de5d02e9d335f82997ad5d2c20f041b094bdd7a67411b8ad1543b,2026-02-23 11:08:32,Week 3,30,4 – 6 hours,2,2,Sometimes,"ChatGPT, Google Gemini, Microsoft Copilot, Claude, Perplexity AI",1 – 3,2,Poor internet,2,2,False,,Much worse,"YouTube, NPTEL / SWAYAM, Coursera / Udemy / edX, College LMS",2026-01-31 11:34:19,Tamil Nadu,State University,B.Tech,4th Year,8.0 – 9.0,0 – 2 hours,"YouTube, ChatGPT / AI tools, WhatsApp / Telegram",3,,,,,,,,
3235,86b1b7c8fd97ac6aa33f3f67e3c3652ee35ae2226cc4798385726481eea05f57,2026-02-23 11:09:19,Week 3,30,2 – 4 hours,3,3,Sometimes,"ChatGPT, Google Gemini, Microsoft Copilot, Claude, Perplexity AI, QuillBot",1 – 3,3,NaN,3,3,False,,About the same,"YouTube, NPTEL / SWAYAM, Coursera / Udemy / edX, College LMS",2026-01-31 18:50:27,Tamil Nadu,Central University,B.Tech,1st Year,7.0 – 8.0,0 – 2 hours,"YouTube, ChatGPT / AI tools, College LMS, WhatsApp / Telegram",4,,,,,,,,
3236,794e3ecad2e18d7bce8d1013a9e08fe529cc63443905f9864cedec22f7a9459b,2026-02-23 11:12:41,Week 3,20,2 – 4 hours,3,3,Sometimes,"ChatGPT, Google Gemini, Microsoft Copilot, Claude, Perplexity AI, Grammarly, QuillBot",1 – 3,3,Health / stress issues,2,2,False,,Slightly worse,"YouTube, NPTEL / SWAYAM, Coursera / Udemy / edX, College LMS, Notion / Anki / Obsidian",2025-12-27 12:35:23,Tamil Nadu,Deemed University,B.Tech,3rd Year,6.0 – 7.0,0 – 2 hours,"YouTube, ChatGPT / AI tools",2,,,,,,,,
3237,1ad669ada84e5263e09135c0723aae8e30fcb58819e440892efde165dd587a5e,2026-02-23 11:13:20,Week 3,20,2 – 4 hours,2,2,Rarely,"ChatGPT, Google Gemini, Microsoft Copilot, Claude",1 – 3,2,NaN,3,2,False,,About the same,"YouTube, Coursera / Udemy / edX, Notion / Anki / Obsidian",2026-02-03 11:18:21,Karnataka,State University,BBA,3rd Year,7.0 – 8.0,2 – 4 hours,"YouTube, Coursera / Udemy / edX",2,,,,,,,,
3238,c4fc9686cc1b927682fbf989fe97901e479c7d5a214ce073d7cc6062f4682ed6,2026-02-23 11:14:00,Week 4,10,0 – 2 hours,1,1,Never,"ChatGPT, Google Gemini",1 – 3,2,Poor internet,1,1,False,,Much worse,"YouTube, Coursera / Udemy / edX",2026-02-23 10:06:40,Andhra Pradesh,Private University,B.Com,3rd Year,6.0 – 7.0,0 – 2 hours,"Coursera / Udemy / edX, ChatGPT / AI tools, Notion / Anki / Obsidian, WhatsApp / Telegram",4,,,,,,,,
3239,b7c45e43b3e4defcfa15c66053995acfb95306f516892ea504b4a561e64a85b9,2026-02-24 12:14:09,Week 2,50,6+ hours,4,4,Sometimes,"ChatGPT, Google Gemini, Microsoft Copilot, Claude, Grammarly, QuillBot, Notion AI, Midjourney, Adobe Firefly, Khanmigo (Khan Academy AI)",6 – 10,5,"Poor internet, Mobile-only access, Health / stress issues",3,3,False,60.0,About the same,"YouTube, NPTEL / SWAYAM, Coursera / Udemy / edX, College LMS, Notion / Anki / Obsidian, WhatsApp / Telegram (for study purposes)",2026-01-31 18:40:13,Tamil Nadu,IIT / NIT,B.Sc,2nd Year,6.0 – 7.0,0 – 2 hours,"YouTube, NPTEL / SWAYAM, ChatGPT / AI tools",3,,,,,,,,
3240,1ad669ada84e5263e09135c0723aae8e30fcb58819e440892efde165dd587a5e,2026-02-24 12:16:26,Week 2,40,4 – 6 hours,3,3,Sometimes,"ChatGPT, Google Gemini, Microsoft Copilot, Claude, Perplexity AI, Grammarly, QuillBot, GitHub Copilot, Codeium",6 – 10,4,"Poor internet, Mobile-only access, No quiet study space",3,3,False,70.0,Slightly better,"YouTube, NPTEL / SWAYAM, Coursera / Udemy / edX, College LMS, Notion / Anki / Obsidian, Physical Notes",2026-02-03 11:18:21,Karnataka,State University,BBA,3rd Year,7.0 – 8.0,2 – 4 hours,"YouTube, Coursera / Udemy / edX",2,,,,,,,,
3241,3d83828233d057f5e1e37a4c9e784850077d6638768e69b0f6b5d4e5e2dfc994,2026-02-25 23:11:19,Week 3,4,2 – 4 hours,3,3,Sometimes,"ChatGPT, Microsoft Copilot, QuillBot",1 – 3,3,No quiet study space,3,3,False,,Slightly worse,YouTube,2026-01-12 21:41:37,Tamil Nadu,Private University,B.Tech,3rd Year,8.0 – 9.0,0 – 2 hours,"YouTube, ChatGPT / AI tools",2,,,,,,,,
3242,74d72de1f5b196019d5bbe209db2b90401f5ea949cebbdda60ac6b0f71acb482,2026-02-26 00:09:17,Week 3,2,0 – 2 hours,2,2,Rarely,ChatGPT,1 – 3,2,Poor internet,2,2,False,,Slightly worse,NaN,2026-02-02 12:43:28,Madhya Pradesh,Central University,B.Tech,2nd Year,6.0 – 7.0,2 – 4 hours,"YouTube, ChatGPT / AI tools",2,,,,,,,,
3243,f8041b50a2c1379ae1a539104ac8cfff2e7475d9225620826e59c80d286afe76,2026-02-26 00:14:22,Week 2,9,6+ hours,5,5,Often,"ChatGPT, Google Gemini, Claude",3 – 6,4,NaN,4,5,False,,Much better,"YouTube, WhatsApp / Telegram (for study purposes), Physical Notes",2026-01-31 18:25:54,Andhra Pradesh,Private University,B.Sc,3rd Year,7.0 – 8.0,0 – 2 hours,"YouTube, NPTEL / SWAYAM, Notion / Anki / Obsidian, College LMS, WhatsApp / Telegram",5,,,,,,,,
3244,3a16c6fa9dbc26f91e12cdd112bec4f2953a34f47097d3424e3f551bb022a684,2026-02-26 00:14:46,Week 1,68,4 – 6 hours,4,4,Often,"ChatGPT, Google Gemini, Microsoft Copilot, Claude, Perplexity AI",10+,5,NaN,4,4,False,,Slightly better,YouTube,2026-01-31 18:44:48,Tamil Nadu,Private University,BBA,1st Year,6.0 – 7.0,0 – 2 hours,"YouTube, Coursera / Udemy / edX, ChatGPT / AI tools, College LMS, WhatsApp / Telegram, Physical notes",6,,,,,,,,
3245,e8386eec4c2f671d625ec0a877e0c9af57a196443df6751cfd908bc4bb188c51,2026-02-26 00:16:28,Week 2,68,6+ hours,5,5,Always,"ChatGPT, Google Gemini, Microsoft Copilot, Claude, Perplexity AI",10+,5,NaN,5,5,False,80.0,Much better,"YouTube, College LMS, WhatsApp / Telegram (for study purposes), Physical Notes",2026-01-31 18:42:45,Kerala,State University,B.Com,2nd Year,Prefer not to say,2 – 4 hours,"YouTube, NPTEL / SWAYAM, Coursera / Udemy / edX, Notion / Anki / Obsidian, Physical notes",5,,,,,,,,
3246,b7c45e43b3e4defcfa15c66053995acfb95306f516892ea504b4a561e64a85b9,2026-02-26 00:17:35,Week 3,50,4 – 6 hours,3,3,Sometimes,ChatGPT,3 – 6,4,NaN,2,2,False,,Slightly worse,YouTube,2026-01-31 18:40:13,Tamil Nadu,IIT / NIT,B.Sc,2nd Year,6.0 – 7.0,0 – 2 hours,"YouTube, NPTEL / SWAYAM, ChatGPT / AI tools",3,,,,,,,,
3247,f8041b50a2c1379ae1a539104ac8cfff2e7475d9225620826e59c80d286afe76,2026-02-26 00:18:16,Week 4,2,0 – 2 hours,2,2,Rarely,NaN,0,1,NaN,1,1,False,,Much worse,NaN,2026-01-31 18:25:54,Andhra Pradesh,Private University,B.Sc,3rd Year,7.0 – 8.0,0 – 2 hours,"YouTube, NPTEL / SWAYAM, Notion / Anki / Obsidian, College LMS, WhatsApp / Telegram",5,,,,,,,,
3248,8773494ab4b07b7f7350b8d37e960ba5d05e7caf5ffbb75a943c63465a604b7f,2026-02-26 00:18:30,Week 4,40,2 – 4 hours,3,3,Never,ChatGPT,1 – 3,3,NaN,3,1,False,,Much worse,YouTube,2026-01-31 18:47:34,Tamil Nadu,IIT / NIT,B.Tech,2nd Year,9.0+,4 – 6 hours,"YouTube, NPTEL / SWAYAM, Coursera / Udemy / edX, ChatGPT / AI tools, College LMS, WhatsApp / Telegram, Physical notes",7,,,,,,,,
3249,ace8e293cc91c35e822f9101bc4e97d2ad904d1e130b4402fd6a6642f245665e,2026-02-26 09:56:15,Week 1,67,6+ hours,4,4,Often,"ChatGPT, Google Gemini, Microsoft Copilot, Claude, Perplexity AI",6 – 10,4,NaN,4,4,False,,Slightly better,"YouTube, College LMS, WhatsApp / Telegram (for study purposes), Physical Notes",2026-02-23 10:12:43,Kerala,State University,B.Tech,2nd Year,6.0 – 7.0,0 – 2 hours,"NPTEL / SWAYAM, Notion / Anki / Obsidian",2,,,,,,,,
3250,81ddebb1fc0e6b009a5655dea87854093d1374914f03d128e615c955c9007504,2026-02-26 09:57:57,Week 2,69,6+ hours,5,5,Always,"ChatGPT, Google Gemini, Microsoft Copilot, Claude, Perplexity AI, Canva AI",10+,5,NaN,5,5,False,80.0,Much better,"YouTube, College LMS, WhatsApp / Telegram (for study purposes), Physical Notes",2026-01-12 20:20:23,Tamil Nadu,Private University,B.Tech,3rd Year,7.0 – 8.0,2 – 4 hours,"YouTube, ChatGPT / AI tools, WhatsApp / Telegram, Physical notes only",4,,,,,,,,
3251,9f7b57d47f3cd447af0a85a35c1ce5b1287d471159595088cd7493a849b93059,2026-02-26 10:04:30,Week 3,46,4 – 6 hours,3,3,Sometimes,"ChatGPT, Microsoft Copilot",3 – 6,2,NaN,3,2,False,,Slightly worse,"YouTube, College LMS, WhatsApp / Telegram (for study purposes), Physical Notes",2026-02-02 12:38:26,Punjab,Central University,B.Tech,1st Year,6.0 – 7.0,4 – 6 hours,"YouTube, NPTEL / SWAYAM, Coursera / Udemy / edX, ChatGPT / AI tools, College LMS, WhatsApp / Telegram",6,,,,,,,,
3252,8ded4921661c4a18e633a572258dbd0f9a2c004f4aa3e9e2057a670d47566de6,2026-02-26 10:05:56,Week 3,20,2 – 4 hours,2,2,Never,"ChatGPT, Google Gemini",1 – 3,2,NaN,2,1,False,,Slightly better,YouTube,2026-02-03 11:19:03,Kerala,Private University,B.Sc,3rd Year,Prefer not to say,2 – 4 hours,"NPTEL / SWAYAM, WhatsApp / Telegram, Physical notes",3,,,,,,,,
3253,d2db0cecaf1edf2f34e8fcb492052acd27453600c6cc493e25700d9c3b289761,2026-02-26 10:07:56,Week 3,10,0 – 2 hours,1,1,Never,"ChatGPT, Google Gemini",1 – 3,2,NaN,1,1,False,,Much worse,"YouTube, College LMS",2026-02-02 12:56:07,Uttar Pradesh,IIT / NIT,Other,2nd Year,Prefer not to say,2 – 4 hours,"YouTube, Coursera / Udemy / edX",2,,,,,,,,
3254,5e849a6892d6df48c1362529cab706d619efa96a172b3f715bc1f5ccd5ca61ec,2026-02-26 10:07:59,Week 3,17,6+ hours,3,3,Sometimes,"ChatGPT, Perplexity AI",6 – 10,4,NaN,4,3,False,,About the same,"YouTube, WhatsApp / Telegram (for study purposes), Physical Notes",2026-02-02 13:01:28,Uttar Pradesh,IIT / NIT,BA,Others,8.0 – 9.0,2 – 4 hours,"YouTube, ChatGPT / AI tools",2,,,,,,,,
3255,cf47f395a464caa7ab1da1745c2d650002296d75e8eac41561b430a83f4382f8,2026-02-26 10:09:09,Week 3,15,0 – 2 hours,1,1,Never,"ChatGPT, Google Gemini",1 – 3,2,NaN,1,1,False,,Slightly worse,"YouTube, College LMS, Physical Notes",2026-01-31 18:49:58,Tamil Nadu,Central University,B.Sc,3rd Year,7.0 – 8.0,2 – 4 hours,"YouTube, NPTEL / SWAYAM, Coursera / Udemy / edX, ChatGPT / AI tools, Notion / Anki / Obsidian",5,,,,,,,,
3256,2b17d11e7d9c1af7a7fed72e60e90a5ee797f0b6e0cc8645592f6fdc2ad13cd2,2026-02-26 10:10:18,Week 3,10,0 – 2 hours,1,1,Never,ChatGPT,1 – 3,2,NaN,1,1,False,,Much worse,YouTube,2026-01-31 18:51:00,Tamil Nadu,State University,B.Tech,1st Year,6.0 – 7.0,2 – 4 hours,"YouTube, Coursera / Udemy / edX, ChatGPT / AI tools, Notion / Anki / Obsidian, WhatsApp / Telegram",5,,,,,,,,
3257,ad04e596e1af01ab238040c91de85cefe7f49fb2aabec57135e928a5ee02305e,2026-02-26 10:11:24,Week 3,10,0 – 2 hours,2,2,Never,"ChatGPT, Google Gemini",1 – 3,1,NaN,2,1,False,,Much worse,YouTube,2026-02-02 13:10:08,Karnataka,IIT / NIT,BBA,Others,7.0 – 8.0,2 – 4 hours,"YouTube, NPTEL / SWAYAM",2,,,,,,,,
3258,86b1b7c8fd97ac6aa33f3f67e3c3652ee35ae2226cc4798385726481eea05f57,2026-02-26 10:12:20,Week 3,10,2 – 4 hours,1,1,Never,ChatGPT,1 – 3,1,NaN,1,2,False,,Slightly worse,YouTube,2026-01-31 18:50:27,Tamil Nadu,Central University,B.Tech,1st Year,7.0 – 8.0,0 – 2 hours,"YouTube, ChatGPT / AI tools, College LMS, WhatsApp / Telegram",4,,,,,,,,
3259,b9c03c59028b4485073ac377b7c14dfe728898b0dccd931ebc2eea5d5b1d746a,2026-02-26 10:13:20,Week 3,10,2 – 4 hours,1,1,Never,"ChatGPT, Google Gemini",1 – 3,2,NaN,2,1,False,,Slightly worse,YouTube,2025-12-27 14:52:29,Tamil Nadu,Central University,B.Tech,3rd Year,8.0 – 9.0,2 – 4 hours,"ChatGPT / AI tools, College LMS, WhatsApp / Telegram",3,,,,,,,,
3260,48cdb835c278ac6b10eed195f85632896d3be15d20d75197a0b916b2395939a6,2026-02-26 10:14:20,Week 3,10,0 – 2 hours,1,1,Never,ChatGPT,1 – 3,2,NaN,2,1,False,,Much worse,YouTube,2026-01-27 00:18:46,Telangana,IIT / NIT,B.Sc,3rd Year,7.0 – 8.0,0 – 2 hours,"YouTube, NPTEL / SWAYAM, ChatGPT / AI tools, WhatsApp / Telegram, Physical notes only",5,,,,,,,,
3261,a091d9857e1b26dac9ad43d43de3cfab7f19df9cadb73e095b0b4a74a5e9bc3d,2026-02-26 10:14:42,Week 4,10,6+ hours,2,2,Sometimes,"ChatGPT, Google Gemini",3 – 6,4,No quiet study space,3,3,False,,About the same,"YouTube, Coursera / Udemy / edX",2026-01-27 19:47:23,Tamil Nadu,Deemed University,B.Tech,4th Year,9.0+,0 – 2 hours,"YouTube, ChatGPT / AI tools, WhatsApp / Telegram",3,,,,,,,,
3262,522e39ae01bce33e97b085b9517a3680984adf0d38e718487e3314eb74127ab2,2026-02-26 10:15:38,Week 3,8,2 – 4 hours,1,1,Never,Google Gemini,1 – 3,1,NaN,1,1,False,,Slightly worse,YouTube,2026-01-31 18:48:52,Tamil Nadu,State University,B.Tech,2nd Year,Below 6.0,0 – 2 hours,"YouTube, ChatGPT / AI tools, WhatsApp / Telegram",3,,,,,,,,
3263,86b1b7c8fd97ac6aa33f3f67e3c3652ee35ae2226cc4798385726481eea05f57,2026-02-26 10:17:37,Week 3,9,0 – 2 hours,1,2,Never,ChatGPT,1 – 3,1,NaN,1,1,False,,Slightly worse,YouTube,2026-01-31 18:50:27,Tamil Nadu,Central University,B.Tech,1st Year,7.0 – 8.0,0 – 2 hours,"YouTube, ChatGPT / AI tools, College LMS, WhatsApp / Telegram",4,,,,,,,,
3264,c4fc9686cc1b927682fbf989fe97901e479c7d5a214ce073d7cc6062f4682ed6,2026-02-26 10:18:30,Week 3,6,0 – 2 hours,1,1,Never,ChatGPT,1 – 3,1,NaN,1,1,False,,Much worse,YouTube,2026-02-23 10:06:40,Andhra Pradesh,Private University,B.Com,3rd Year,6.0 – 7.0,0 – 2 hours,"Coursera / Udemy / edX, ChatGPT / AI tools, Notion / Anki / Obsidian, WhatsApp / Telegram",4,,,,,,,,
3265,8ded4921661c4a18e633a572258dbd0f9a2c004f4aa3e9e2057a670d47566de6,2026-02-26 10:19:45,Week 3,8,0 – 2 hours,1,1,Never,ChatGPT,0,1,NaN,1,1,False,,Much worse,YouTube,2026-02-03 11:19:03,Kerala,Private University,B.Sc,3rd Year,Prefer not to say,2 – 4 hours,"NPTEL / SWAYAM, WhatsApp / Telegram, Physical notes",3,,,,,,,,
3266,3a16c6fa9dbc26f91e12cdd112bec4f2953a34f47097d3424e3f551bb022a684,2026-02-26 10:21:01,Week 3,35,2 – 4 hours,2,2,Rarely,Google Gemini,1 – 3,1,NaN,1,2,False,,Slightly worse,YouTube,2026-01-31 18:44:48,Tamil Nadu,Private University,BBA,1st Year,6.0 – 7.0,0 – 2 hours,"YouTube, Coursera / Udemy / edX, ChatGPT / AI tools, College LMS, WhatsApp / Telegram, Physical notes",6,,,,,,,,
3267,63c23cf4b390284f3ce1175699f5efa501022ba212fe21be99dc9e2d21deebbf,2026-02-26 10:21:57,Week 3,5,0 – 2 hours,1,1,Never,ChatGPT,0,1,NaN,1,1,False,,Much worse,YouTube,2026-02-02 12:38:59,Rajasthan,State University,B.Sc,2nd Year,7.0 – 8.0,4 – 6 hours,"Coursera / Udemy / edX, ChatGPT / AI tools, Notion / Anki / Obsidian, College LMS, Physical notes",5,,,,,,,,
3268,16a56bf3b362259b32e3bc7d18a95d94213241560809ad3c4d5ddba644365acb,2026-02-26 10:22:53,Week 3,5,0 – 2 hours,1,1,Never,ChatGPT,1 – 3,2,NaN,1,1,False,,Much worse,YouTube,2026-02-19 13:19:58,Tamil Nadu,State University,B.Sc,2nd Year,8.0 – 9.0,2 – 4 hours,"YouTube, NPTEL / SWAYAM, Coursera / Udemy / edX, ChatGPT / AI tools, Notion / Anki / Obsidian",5,,,,,,,,
3269,384ceb85e96e6aa2ecda396e81a782b00f64a547b8639cec5570f556cec3c71d,2026-02-26 10:23:52,Week 3,6,0 – 2 hours,1,1,Never,Google Gemini,0,1,NaN,1,1,False,,Much worse,YouTube,2026-02-23 10:05:39,Kerala,Private University,B.Com,2nd Year,8.0 – 9.0,4 – 6 hours,"NPTEL / SWAYAM, Coursera / Udemy / edX, College LMS, Physical notes",4,,,,,,,,
3270,3d83828233d057f5e1e37a4c9e784850077d6638768e69b0f6b5d4e5e2dfc994,2026-02-26 10:25:56,Week 3,2,0 – 2 hours,1,1,Never,ChatGPT,1 – 3,1,NaN,1,1,False,,Slightly worse,YouTube,2026-01-12 21:41:37,Tamil Nadu,Private University,B.Tech,3rd Year,8.0 – 9.0,0 – 2 hours,"YouTube, ChatGPT / AI tools",2,,,,,,,,
3271,97b26b3698560201c1218be1d50871d93f4ae1f4a79deeb268b0ba686e43fdeb,2026-02-26 10:27:04,Week 3,4,0 – 2 hours,1,1,Never,"Claude, GitHub Copilot",1 – 3,1,NaN,1,1,False,,Much worse,YouTube,2025-12-26 07:18:01,Tamil Nadu,Deemed University,B.Tech,3rd Year,8.0 – 9.0,0 – 2 hours,"ChatGPT / AI tools, College LMS, WhatsApp / Telegram",3,,,,,,,,
3272,8ded4921661c4a18e633a572258dbd0f9a2c004f4aa3e9e2057a670d47566de6,2026-02-26 10:28:22,Week 3,4,0 – 2 hours,1,1,Never,ChatGPT,0,1,NaN,1,1,False,,Much worse,YouTube,2026-02-03 11:19:03,Kerala,Private University,B.Sc,3rd Year,Prefer not to say,2 – 4 hours,"NPTEL / SWAYAM, WhatsApp / Telegram, Physical notes",3,,,,,,,,
3273,b319601b117de5d02e9d335f82997ad5d2c20f041b094bdd7a67411b8ad1543b,2026-02-26 10:29:45,Week 3,6,0 – 2 hours,1,1,Never,Claude,1 – 3,1,NaN,2,1,False,,Much worse,YouTube,2026-01-31 11:34:19,Tamil Nadu,State University,B.Tech,4th Year,8.0 – 9.0,0 – 2 hours,"YouTube, ChatGPT / AI tools, WhatsApp / Telegram",3,,,,,,,,
3274,d2db0cecaf1edf2f34e8fcb492052acd27453600c6cc493e25700d9c3b289761,2026-02-26 10:30:56,Week 3,10,0 – 2 hours,1,1,Never,NaN,0,1,NaN,1,1,False,,Much worse,NaN,2026-02-02 12:56:07,Uttar Pradesh,IIT / NIT,Other,2nd Year,Prefer not to say,2 – 4 hours,"YouTube, Coursera / Udemy / edX",2,,,,,,,,
3275,2b17d11e7d9c1af7a7fed72e60e90a5ee797f0b6e0cc8645592f6fdc2ad13cd2,2026-02-26 10:32:20,Week 3,8,0 – 2 hours,1,1,Never,Google Gemini,1 – 3,1,NaN,1,1,False,,Much worse,YouTube,2026-01-31 18:51:00,Tamil Nadu,State University,B.Tech,1st Year,6.0 – 7.0,2 – 4 hours,"YouTube, Coursera / Udemy / edX, ChatGPT / AI tools, Notion / Anki / Obsidian, WhatsApp / Telegram",5,,,,,,,,
3276,1ad669ada84e5263e09135c0723aae8e30fcb58819e440892efde165dd587a5e,2026-02-26 10:33:22,Week 3,9,0 – 2 hours,1,1,Never,ChatGPT,0,1,NaN,1,1,False,,Much worse,YouTube,2026-02-03 11:18:21,Karnataka,State University,BBA,3rd Year,7.0 – 8.0,2 – 4 hours,"YouTube, Coursera / Udemy / edX",2,,,,,,,,
3277,9c37b8db9c39e670e8422cf5afe252221762450c6f3d1f72c8ef3cdfe0a584e6,2026-02-26 10:35:00,Week 3,10,0 – 2 hours,1,1,Never,ChatGPT,0,1,NaN,1,1,False,,Much worse,YouTube,2026-02-23 10:10:44,Tamil Nadu,State University,B.Sc,2nd Year,7.0 – 8.0,2 – 4 hours,"YouTube, NPTEL / SWAYAM, Coursera / Udemy / edX, ChatGPT / AI tools, College LMS",5,,,,,,,,
3278,794e3ecad2e18d7bce8d1013a9e08fe529cc63443905f9864cedec22f7a9459b,2026-02-26 10:36:24,Week 3,3,0 – 2 hours,1,1,Never,Google Gemini,1 – 3,1,NaN,1,1,False,,Much worse,YouTube,2025-12-27 12:35:23,Tamil Nadu,Deemed University,B.Tech,3rd Year,6.0 – 7.0,0 – 2 hours,"YouTube, ChatGPT / AI tools",2,,,,,,,,
3279,384ceb85e96e6aa2ecda396e81a782b00f64a547b8639cec5570f556cec3c71d,2026-02-26 10:37:39,Week 3,20,2 – 4 hours,2,2,Rarely,Google Gemini,1 – 3,2,NaN,2,2,False,,Much worse,NaN,2026-02-23 10:05:39,Kerala,Private University,B.Com,2nd Year,8.0 – 9.0,4 – 6 hours,"NPTEL / SWAYAM, Coursera / Udemy / edX, College LMS, Physical notes",4,,,,,,,,
3280,d2db0cecaf1edf2f34e8fcb492052acd27453600c6cc493e25700d9c3b289761,2026-02-26 10:39:41,Week 3,22,4 – 6 hours,1,2,Rarely,ChatGPT,1 – 3,2,NaN,2,1,False,,Much worse,YouTube,2026-02-02 12:56:07,Uttar Pradesh,IIT / NIT,Other,2nd Year,Prefer not to say,2 – 4 hours,"YouTube, Coursera / Udemy / edX",2,,,,,,,,
3281,ea6dc2fae8a61411b9d6de51699ca6787330c0036ffedddf4a649648fefe8732,2026-02-26 10:41:38,Week 3,15,2 – 4 hours,2,3,Rarely,ChatGPT,3 – 6,3,NaN,2,3,False,80.0,Slightly worse,"College LMS, WhatsApp / Telegram (for study purposes)",2026-01-31 18:48:18,Andhra Pradesh,Private University,B.Tech,4th Year,7.0 – 8.0,2 – 4 hours,"YouTube, ChatGPT / AI tools, College LMS, WhatsApp / Telegram",4,,,,,,,,
3282,e9f047d3c2da21e5de56f3abab5c156cedf45843e25e1cc9c00e542a0848fb89,2026-02-26 10:43:58,Week 3,30,4 – 6 hours,1,2,Rarely,Microsoft Copilot,0,1,NaN,2,1,False,,Slightly worse,YouTube,2026-02-23 10:04:41,Andhra Pradesh,Central University,B.Tech,2nd Year,7.0 – 8.0,0 – 2 hours,"YouTube, NPTEL / SWAYAM, Coursera / Udemy / edX, Notion / Anki / Obsidian, WhatsApp / Telegram",5,,,,,,,,
3283,a091d9857e1b26dac9ad43d43de3cfab7f19df9cadb73e095b0b4a74a5e9bc3d,2026-02-26 10:45:14,Week 3,10,2 – 4 hours,2,2,Never,Google Gemini,1 – 3,2,Poor internet,2,2,False,,Slightly worse,YouTube,2026-01-27 19:47:23,Tamil Nadu,Deemed University,B.Tech,4th Year,9.0+,0 – 2 hours,"YouTube, ChatGPT / AI tools, WhatsApp / Telegram",3,,,,,,,,
3284,3d83828233d057f5e1e37a4c9e784850077d6638768e69b0f6b5d4e5e2dfc994,2026-02-26 10:47:11,Week 3,10,2 – 4 hours,1,2,Never,ChatGPT,1 – 3,2,Poor internet,1,1,False,,Slightly worse,YouTube,2026-01-12 21:41:37,Tamil Nadu,Private University,B.Tech,3rd Year,8.0 – 9.0,0 – 2 hours,"YouTube, ChatGPT / AI tools",2,,,,,,,,
3285,132137538b93be89ed6c9815b322a7a0f58530b8c229d1809265140f5cb8c398,2026-02-26 10:47:57,Week 3,10,2 – 4 hours,2,1,Never,Google Gemini,0,1,Mobile-only access,2,1,False,,Slightly worse,YouTube,2026-01-13 19:44:22,Tamil Nadu,Deemed University,B.Tech,3rd Year,7.0 – 8.0,2 – 4 hours,"YouTube, ChatGPT / AI tools",2,,,,,,,,
3286,e9f047d3c2da21e5de56f3abab5c156cedf45843e25e1cc9c00e542a0848fb89,2026-02-26 10:48:51,Week 3,39,4 – 6 hours,2,2,Sometimes,Google Gemini,6 – 10,3,Health / stress issues,2,2,False,,Slightly worse,YouTube,2026-02-23 10:04:41,Andhra Pradesh,Central University,B.Tech,2nd Year,7.0 – 8.0,0 – 2 hours,"YouTube, NPTEL / SWAYAM, Coursera / Udemy / edX, Notion / Anki / Obsidian, WhatsApp / Telegram",5,,,,,,,,
3287,8bfc27000534160835a23ec100f95667b3894c6b3e90a6027721d3322ad782dc,2026-02-26 10:50:06,Week 3,10,0 – 2 hours,2,1,Rarely,ChatGPT,1 – 3,1,No quiet study space,2,2,False,,Much worse,YouTube,2026-02-05 21:46:59,Telangana,Private University,B.Tech,3rd Year,9.0+,0 – 2 hours,"YouTube, ChatGPT / AI tools, Physical notes",3,,,,,,,,
3288,ace8e293cc91c35e822f9101bc4e97d2ad904d1e130b4402fd6a6642f245665e,2026-02-26 10:51:30,Week 3,20,4 – 6 hours,2,2,Rarely,Google Gemini,1 – 3,2,Mobile-only access,2,2,False,,Slightly worse,YouTube,2026-02-23 10:12:43,Kerala,State University,B.Tech,2nd Year,6.0 – 7.0,0 – 2 hours,"NPTEL / SWAYAM, Notion / Anki / Obsidian",2,,,,,,,,
3289,ace8e293cc91c35e822f9101bc4e97d2ad904d1e130b4402fd6a6642f245665e,2026-02-26 10:52:28,Week 3,30,4 – 6 hours,1,2,Rarely,"ChatGPT, Google Gemini, Microsoft Copilot, Claude",6 – 10,2,NaN,3,3,False,,Slightly worse,"YouTube, College LMS",2026-02-23 10:12:43,Kerala,State University,B.Tech,2nd Year,6.0 – 7.0,0 – 2 hours,"NPTEL / SWAYAM, Notion / Anki / Obsidian",2,,,,,,,,
3290,5e849a6892d6df48c1362529cab706d619efa96a172b3f715bc1f5ccd5ca61ec,2026-02-26 10:53:22,Week 3,20,2 – 4 hours,2,3,Rarely,"ChatGPT, Google Gemini",1 – 3,3,NaN,2,2,False,,Slightly worse,YouTube,2026-02-02 13:01:28,Uttar Pradesh,IIT / NIT,BA,Others,8.0 – 9.0,2 – 4 hours,"YouTube, ChatGPT / AI tools",2,,,,,,,,
3291,5e849a6892d6df48c1362529cab706d619efa96a172b3f715bc1f5ccd5ca61ec,2026-02-26 10:54:35,Week 3,20,2 – 4 hours,1,1,Never,ChatGPT,1 – 3,2,NaN,2,2,False,,Much worse,YouTube,2026-02-02 13:01:28,Uttar Pradesh,IIT / NIT,BA,Others,8.0 – 9.0,2 – 4 hours,"YouTube, ChatGPT / AI tools",2,,,,,,,,
3292,219d4ac6903fffab5ab1d64d6ed0b331adcc691f0e116fb7f62cefba91f7b0ec,2026-02-26 10:56:13,Week 3,10,0 – 2 hours,1,1,Never,NaN,0,1,NaN,1,1,False,,Much worse,NaN,2025-12-26 18:34:24,Andhra Pradesh,Private University,B.Tech,3rd Year,9.0+,0 – 2 hours,ChatGPT / AI tools,1,,,,,,,,
3293,794e3ecad2e18d7bce8d1013a9e08fe529cc63443905f9864cedec22f7a9459b,2026-02-26 10:56:57,Week 3,8,2 – 4 hours,1,1,Never,ChatGPT,1 – 3,2,Poor internet,2,2,False,,Much worse,NPTEL / SWAYAM,2025-12-27 12:35:23,Tamil Nadu,Deemed University,B.Tech,3rd Year,6.0 – 7.0,0 – 2 hours,"YouTube, ChatGPT / AI tools",2,,,,,,,,
3294,219d4ac6903fffab5ab1d64d6ed0b331adcc691f0e116fb7f62cefba91f7b0ec,2026-02-26 10:57:55,Week 3,19,2 – 4 hours,2,2,Rarely,Google Gemini,0,1,Mobile-only access,2,1,False,,Slightly worse,YouTube,2025-12-26 18:34:24,Andhra Pradesh,Private University,B.Tech,3rd Year,9.0+,0 – 2 hours,ChatGPT / AI tools,1,,,,,,,,
3295,384ceb85e96e6aa2ecda396e81a782b00f64a547b8639cec5570f556cec3c71d,2026-02-26 10:58:59,Week 3,10,2 – 4 hours,1,2,Rarely,Google Gemini,3 – 6,1,Poor internet,1,2,False,,Much worse,YouTube,2026-02-23 10:05:39,Kerala,Private University,B.Com,2nd Year,8.0 – 9.0,4 – 6 hours,"NPTEL / SWAYAM, Coursera / Udemy / edX, College LMS, Physical notes",4,,,,,,,,
3296,74d72de1f5b196019d5bbe209db2b90401f5ea949cebbdda60ac6b0f71acb482,2026-02-26 10:59:46,Week 3,20,2 – 4 hours,3,2,Rarely,Google Gemini,0,2,Poor internet,1,2,False,,Much worse,YouTube,2026-02-02 12:43:28,Madhya Pradesh,Central University,B.Tech,2nd Year,6.0 – 7.0,2 – 4 hours,"YouTube, ChatGPT / AI tools",2,,,,,,,,
3297,794e3ecad2e18d7bce8d1013a9e08fe529cc63443905f9864cedec22f7a9459b,2026-02-26 11:01:22,Week 3,10,0 – 2 hours,2,1,Rarely,ChatGPT,1 – 3,3,NaN,2,2,False,,Slightly worse,YouTube,2025-12-27 12:35:23,Tamil Nadu,Deemed University,B.Tech,3rd Year,6.0 – 7.0,0 – 2 hours,"YouTube, ChatGPT / AI tools",2,,,,,,,,
3298,266344e1c50b449d6d5dbec5b4b1af3236f13cc0b97871acccf3da3697283f82,2026-02-26 11:02:50,Week 3,6,0 – 2 hours,1,1,Never,ChatGPT,1 – 3,1,Poor internet,2,1,False,,Much worse,YouTube,2026-01-16 12:24:26,Tamil Nadu,Private University,B.Tech,3rd Year,9.0+,2 – 4 hours,"YouTube, ChatGPT / AI tools, Notion / Anki / Obsidian, WhatsApp / Telegram",4,,,,,,,,
3299,9f7b57d47f3cd447af0a85a35c1ce5b1287d471159595088cd7493a849b93059,2026-02-26 11:03:53,Week 3,10,2 – 4 hours,1,1,Never,ChatGPT,1 – 3,2,NaN,1,2,False,,Much worse,YouTube,2026-02-02 12:38:26,Punjab,Central University,B.Tech,1st Year,6.0 – 7.0,4 – 6 hours,"YouTube, NPTEL / SWAYAM, Coursera / Udemy / edX, ChatGPT / AI tools, College LMS, WhatsApp / Telegram",6,,,,,,,,
3300,132137538b93be89ed6c9815b322a7a0f58530b8c229d1809265140f5cb8c398,2026-02-26 11:05:33,Week 3,10,0 – 2 hours,1,1,Rarely,ChatGPT,1 – 3,1,NaN,2,1,False,,Much worse,YouTube,2026-01-13 19:44:22,Tamil Nadu,Deemed University,B.Tech,3rd Year,7.0 – 8.0,2 – 4 hours,"YouTube, ChatGPT / AI tools",2,,,,,,,,
3301,384ceb85e96e6aa2ecda396e81a782b00f64a547b8639cec5570f556cec3c71d,2026-02-26 11:06:33,Week 3,10,2 – 4 hours,2,1,Rarely,Microsoft Copilot,1 – 3,2,Poor internet,2,2,False,,Much worse,YouTube,2026-02-23 10:05:39,Kerala,Private University,B.Com,2nd Year,8.0 – 9.0,4 – 6 hours,"NPTEL / SWAYAM, Coursera / Udemy / edX, College LMS, Physical notes",4,,,,,,,,
3302,3d83828233d057f5e1e37a4c9e784850077d6638768e69b0f6b5d4e5e2dfc994,2026-02-26 11:07:47,Week 4,30,2 – 4 hours,2,3,Sometimes,"ChatGPT, Google Gemini, Microsoft Copilot",3 – 6,3,No quiet study space,3,2,False,,Slightly worse,"YouTube, College LMS",2026-01-12 21:41:37,Tamil Nadu,Private University,B.Tech,3rd Year,8.0 – 9.0,0 – 2 hours,"YouTube, ChatGPT / AI tools",2,,,,,,,,
3303,86b1b7c8fd97ac6aa33f3f67e3c3652ee35ae2226cc4798385726481eea05f57,2026-02-26 11:08:33,Week 4,35,2 – 4 hours,3,3,Sometimes,"ChatGPT, Google Gemini, Microsoft Copilot, Claude",3 – 6,3,NaN,3,2,False,,Slightly better,"YouTube, Physical Notes",2026-01-31 18:50:27,Tamil Nadu,Central University,B.Tech,1st Year,7.0 – 8.0,0 – 2 hours,"YouTube, ChatGPT / AI tools, College LMS, WhatsApp / Telegram",4,,,,,,,,
3304,bed0f2897fdcff9c379616ea83849b1ca59a967db6315c91cd8fcf4fcf4c7216,2026-02-26 11:09:51,Week 4,43,4 – 6 hours,3,3,Sometimes,"ChatGPT, Google Gemini, Microsoft Copilot",3 – 6,2,NaN,3,2,False,,Slightly better,"YouTube, WhatsApp / Telegram (for study purposes)",2026-01-31 18:46:23,Andhra Pradesh,State University,B.Sc,2nd Year,7.0 – 8.0,2 – 4 hours,"YouTube, NPTEL / SWAYAM, WhatsApp / Telegram",3,,,,,,,,
3305,794e3ecad2e18d7bce8d1013a9e08fe529cc63443905f9864cedec22f7a9459b,2026-02-26 11:10:57,Week 4,40,4 – 6 hours,3,3,Sometimes,"ChatGPT, Google Gemini, Microsoft Copilot, Claude",6 – 10,3,NaN,2,3,False,,Slightly better,"YouTube, WhatsApp / Telegram (for study purposes), Physical Notes",2025-12-27 12:35:23,Tamil Nadu,Deemed University,B.Tech,3rd Year,6.0 – 7.0,0 – 2 hours,"YouTube, ChatGPT / AI tools",2,,,,,,,,
3306,26234105c87439e0dc4fb999632d3a5406775cc0728c26840e4a6b26d071341b,2026-02-26 11:12:09,Week 4,30,4 – 6 hours,3,2,Often,"ChatGPT, Google Gemini, Microsoft Copilot, Claude, Perplexity AI",3 – 6,3,NaN,3,2,False,,Slightly better,"YouTube, College LMS",2026-01-12 20:18:58,Tamil Nadu,Private University,B.Tech,2nd Year,6.0 – 7.0,0 – 2 hours,"YouTube, ChatGPT / AI tools, College LMS",3,,,,,,,,
3307,ad04e596e1af01ab238040c91de85cefe7f49fb2aabec57135e928a5ee02305e,2026-02-26 11:13:04,Week 4,45,4 – 6 hours,3,3,Sometimes,"ChatGPT, Google Gemini, Microsoft Copilot",3 – 6,3,NaN,2,3,False,,Slightly better,"YouTube, WhatsApp / Telegram (for study purposes)",2026-02-02 13:10:08,Karnataka,IIT / NIT,BBA,Others,7.0 – 8.0,2 – 4 hours,"YouTube, NPTEL / SWAYAM",2,,,,,,,,
3308,26234105c87439e0dc4fb999632d3a5406775cc0728c26840e4a6b26d071341b,2026-02-26 11:13:57,Week 4,40,4 – 6 hours,4,3,Sometimes,"ChatGPT, Google Gemini, Microsoft Copilot",3 – 6,2,NaN,4,3,False,,Slightly better,YouTube,2026-01-12 20:18:58,Tamil Nadu,Private University,B.Tech,2nd Year,6.0 – 7.0,0 – 2 hours,"YouTube, ChatGPT / AI tools, College LMS",3,,,,,,,,
3309,c4fc9686cc1b927682fbf989fe97901e479c7d5a214ce073d7cc6062f4682ed6,2026-02-26 11:14:45,Week 4,30,4 – 6 hours,2,4,Sometimes,"ChatGPT, Google Gemini, Microsoft Copilot",3 – 6,3,NaN,3,2,False,,Slightly better,"YouTube, Physical Notes",2026-02-23 10:06:40,Andhra Pradesh,Private University,B.Com,3rd Year,6.0 – 7.0,0 – 2 hours,"Coursera / Udemy / edX, ChatGPT / AI tools, Notion / Anki / Obsidian, WhatsApp / Telegram",4,,,,,,,,
3310,5e849a6892d6df48c1362529cab706d619efa96a172b3f715bc1f5ccd5ca61ec,2026-02-26 11:16:21,Week 4,20,2 – 4 hours,3,4,Sometimes,"ChatGPT, Google Gemini, Microsoft Copilot",3 – 6,3,NaN,2,3,False,,Slightly better,"YouTube, WhatsApp / Telegram (for study purposes)",2026-02-02 13:01:28,Uttar Pradesh,IIT / NIT,BA,Others,8.0 – 9.0,2 – 4 hours,"YouTube, ChatGPT / AI tools",2,,,,,,,,
3311,b319601b117de5d02e9d335f82997ad5d2c20f041b094bdd7a67411b8ad1543b,2026-02-26 11:17:11,Week 4,43,4 – 6 hours,3,3,Rarely,"ChatGPT, Google Gemini, Microsoft Copilot, Claude",3 – 6,2,NaN,3,3,False,,Slightly better,"NPTEL / SWAYAM, Physical Notes",2026-01-31 11:34:19,Tamil Nadu,State University,B.Tech,4th Year,8.0 – 9.0,0 – 2 hours,"YouTube, ChatGPT / AI tools, WhatsApp / Telegram",3,,,,,,,,
3312,ef4aca4b5a9ddc8cfe1cda04eef5cb540a47e603dac29e3f59b7bdd1a387191d,2026-02-26 11:18:19,Week 4,45,4 – 6 hours,4,3,Rarely,"ChatGPT, Google Gemini, Microsoft Copilot",3 – 6,3,NaN,2,3,False,,Slightly better,YouTube,2026-02-02 12:52:17,Maharashtra,Private University,B.Tech,Others,6.0 – 7.0,2 – 4 hours,"YouTube, ChatGPT / AI tools",2,,,,,,,,
3313,1dd2975d45d1e27948cae456e3827e3b50778c013fecee985fb0422f4a492ba2,2026-02-26 11:19:46,Week 4,42,4 – 6 hours,3,3,Sometimes,"ChatGPT, Google Gemini, Microsoft Copilot",6 – 10,2,NaN,3,3,False,,Slightly better,"YouTube, Physical Notes",2026-02-19 13:17:59,Andhra Pradesh,State University,B.Tech,2nd Year,7.0 – 8.0,6+ hours,"YouTube, NPTEL / SWAYAM, Coursera / Udemy / edX, ChatGPT / AI tools, Notion / Anki / Obsidian, College LMS, WhatsApp / Telegram, Physical notes",8,,,,,,,,
3314,48cdb835c278ac6b10eed195f85632896d3be15d20d75197a0b916b2395939a6,2026-02-26 11:20:45,Week 4,41,4 – 6 hours,3,2,Sometimes,"ChatGPT, Google Gemini, Microsoft Copilot, Claude",3 – 6,3,NaN,4,3,False,,Slightly better,"YouTube, Physical Notes",2026-01-27 00:18:46,Telangana,IIT / NIT,B.Sc,3rd Year,7.0 – 8.0,0 – 2 hours,"YouTube, NPTEL / SWAYAM, ChatGPT / AI tools, WhatsApp / Telegram, Physical notes only",5,,,,,,,,
3315,7b5c4bd7d59556f437489bc9729a8c19655b90085e45e8dff621cf66913fc521,2026-02-26 11:21:36,Week 4,46,4 – 6 hours,3,3,Sometimes,"ChatGPT, Google Gemini, Microsoft Copilot",6 – 10,3,NaN,3,3,False,,Slightly better,"YouTube, Physical Notes",2026-02-23 10:13:22,Kerala,State University,B.Tech,3rd Year,Prefer not to say,2 – 4 hours,"YouTube, NPTEL / SWAYAM, Coursera / Udemy / edX, ChatGPT / AI tools, Notion / Anki / Obsidian, College LMS, WhatsApp / Telegram, Physical notes",8,,,,,,,,
3316,81ddebb1fc0e6b009a5655dea87854093d1374914f03d128e615c955c9007504,2026-02-26 11:22:26,Week 4,35,4 – 6 hours,3,3,Rarely,"ChatGPT, Google Gemini, Microsoft Copilot, Claude",3 – 6,3,NaN,2,3,False,,Slightly better,College LMS,2026-01-12 20:20:23,Tamil Nadu,Private University,B.Tech,3rd Year,7.0 – 8.0,2 – 4 hours,"YouTube, ChatGPT / AI tools, WhatsApp / Telegram, Physical notes only",4,,,,,,,,
3317,b319601b117de5d02e9d335f82997ad5d2c20f041b094bdd7a67411b8ad1543b,2026-02-26 11:23:50,Week 4,43,4 – 6 hours,3,2,Sometimes,"ChatGPT, Google Gemini, Microsoft Copilot, Claude",3 – 6,2,NaN,4,4,False,,Slightly better,"YouTube, Physical Notes",2026-01-31 11:34:19,Tamil Nadu,State University,B.Tech,4th Year,8.0 – 9.0,0 – 2 hours,"YouTube, ChatGPT / AI tools, WhatsApp / Telegram",3,,,,,,,,
3318,ace8e293cc91c35e822f9101bc4e97d2ad904d1e130b4402fd6a6642f245665e,2026-02-26 11:24:37,Week 4,35,4 – 6 hours,2,3,Rarely,"ChatGPT, Google Gemini, Microsoft Copilot",1 – 3,2,NaN,3,4,False,,Slightly worse,"YouTube, Physical Notes",2026-02-23 10:12:43,Kerala,State University,B.Tech,2nd Year,6.0 – 7.0,0 – 2 hours,"NPTEL / SWAYAM, Notion / Anki / Obsidian",2,,,,,,,,
3319,e14fc3506630213cf4dbb3dddf035e19aad46cfaf81f1761b7791f1f48a64d67,2026-02-26 11:26:41,Week 4,34,2 – 4 hours,2,3,Sometimes,"ChatGPT, Google Gemini, Microsoft Copilot, Claude, Perplexity AI",3 – 6,3,NaN,3,3,False,,Slightly better,"YouTube, Physical Notes",2026-02-02 12:45:31,Madhya Pradesh,Central University,B.Tech,3rd Year,8.0 – 9.0,2 – 4 hours,"ChatGPT / AI tools, WhatsApp / Telegram",2,,,,,,,,
3320,266344e1c50b449d6d5dbec5b4b1af3236f13cc0b97871acccf3da3697283f82,2026-02-26 11:27:38,Week 4,35,4 – 6 hours,3,3,Sometimes,"ChatGPT, Google Gemini, Microsoft Copilot",3 – 6,3,NaN,2,2,False,,Slightly better,"YouTube, Physical Notes",2026-01-16 12:24:26,Tamil Nadu,Private University,B.Tech,3rd Year,9.0+,2 – 4 hours,"YouTube, ChatGPT / AI tools, Notion / Anki / Obsidian, WhatsApp / Telegram",4,,,,,,,,
3321,266344e1c50b449d6d5dbec5b4b1af3236f13cc0b97871acccf3da3697283f82,2026-02-26 11:28:27,Week 4,34,2 – 4 hours,2,2,Sometimes,"ChatGPT, Google Gemini, Microsoft Copilot",6 – 10,3,NaN,3,3,False,,Slightly worse,"YouTube, WhatsApp / Telegram (for study purposes)",2026-01-16 12:24:26,Tamil Nadu,Private University,B.Tech,3rd Year,9.0+,2 – 4 hours,"YouTube, ChatGPT / AI tools, Notion / Anki / Obsidian, WhatsApp / Telegram",4,,,,,,,,
3322,97b26b3698560201c1218be1d50871d93f4ae1f4a79deeb268b0ba686e43fdeb,2026-02-26 11:29:18,Week 4,35,4 – 6 hours,3,3,Rarely,"ChatGPT, Google Gemini, Microsoft Copilot, Claude",3 – 6,2,NaN,2,3,False,,Slightly better,"YouTube, Physical Notes",2025-12-26 07:18:01,Tamil Nadu,Deemed University,B.Tech,3rd Year,8.0 – 9.0,0 – 2 hours,"ChatGPT / AI tools, College LMS, WhatsApp / Telegram",3,,,,,,,,
3323,b319601b117de5d02e9d335f82997ad5d2c20f041b094bdd7a67411b8ad1543b,2026-02-26 11:30:03,Week 4,45,4 – 6 hours,3,2,Sometimes,"ChatGPT, Google Gemini, Microsoft Copilot",3 – 6,3,NaN,2,3,False,,Slightly worse,"YouTube, WhatsApp / Telegram (for study purposes)",2026-01-31 11:34:19,Tamil Nadu,State University,B.Tech,4th Year,8.0 – 9.0,0 – 2 hours,"YouTube, ChatGPT / AI tools, WhatsApp / Telegram",3,,,,,,,,
3324,b319601b117de5d02e9d335f82997ad5d2c20f041b094bdd7a67411b8ad1543b,2026-02-26 11:30:50,Week 4,45,4 – 6 hours,3,2,Sometimes,"ChatGPT, Google Gemini, Microsoft Copilot",6 – 10,2,NaN,2,3,False,,Slightly better,"YouTube, Physical Notes",2026-01-31 11:34:19,Tamil Nadu,State University,B.Tech,4th Year,8.0 – 9.0,0 – 2 hours,"YouTube, ChatGPT / AI tools, WhatsApp / Telegram",3,,,,,,,,
3325,cf47f395a464caa7ab1da1745c2d650002296d75e8eac41561b430a83f4382f8,2026-02-26 11:31:43,Week 4,34,4 – 6 hours,3,3,Sometimes,"ChatGPT, Google Gemini, Microsoft Copilot, Claude, Perplexity AI",3 – 6,4,NaN,3,2,False,,Slightly better,"YouTube, Physical Notes",2026-01-31 18:49:58,Tamil Nadu,Central University,B.Sc,3rd Year,7.0 – 8.0,2 – 4 hours,"YouTube, NPTEL / SWAYAM, Coursera / Udemy / edX, ChatGPT / AI tools, Notion / Anki / Obsidian",5,,,,,,,,
3326,f8ecea41f5799921e46e5d82b8d41d92dba1fca7a66ca63506cc3c0aab382672,2026-02-26 11:32:30,Week 4,45,4 – 6 hours,4,2,Sometimes,"ChatGPT, Google Gemini, Microsoft Copilot",3 – 6,3,NaN,2,3,False,,Slightly better,"YouTube, Physical Notes",2026-01-27 17:56:30,Uttar Pradesh,Central University,B.Tech,4th Year,7.0 – 8.0,4 – 6 hours,"YouTube, NPTEL / SWAYAM, Coursera / Udemy / edX, ChatGPT / AI tools, Notion / Anki / Obsidian",5,,,,,,,,
3327,32b68dc8923730efba7e69129bcc4d5555495cc9359174e99e3d50570ce6de44,2026-02-26 11:33:22,Week 4,46,4 – 6 hours,3,2,Sometimes,"ChatGPT, Google Gemini, Microsoft Copilot, QuillBot",3 – 6,3,NaN,2,2,False,,Slightly better,"YouTube, College LMS",2026-01-31 14:55:58,Kerala,State University,B.Sc,1st Year,7.0 – 8.0,0 – 2 hours,"YouTube, ChatGPT / AI tools, College LMS, WhatsApp / Telegram",4,,,,,,,,
3328,522e39ae01bce33e97b085b9517a3680984adf0d38e718487e3314eb74127ab2,2026-02-26 11:34:07,Week 4,33,2 – 4 hours,3,2,Sometimes,"ChatGPT, Google Gemini, Microsoft Copilot, Grammarly, QuillBot",3 – 6,3,NaN,3,3,False,,Slightly better,"YouTube, College LMS",2026-01-31 18:48:52,Tamil Nadu,State University,B.Tech,2nd Year,Below 6.0,0 – 2 hours,"YouTube, ChatGPT / AI tools, WhatsApp / Telegram",3,,,,,,,,
3329,266344e1c50b449d6d5dbec5b4b1af3236f13cc0b97871acccf3da3697283f82,2026-02-26 11:34:51,Week 4,43,4 – 6 hours,3,2,Sometimes,"ChatGPT, Google Gemini, Grammarly, QuillBot",3 – 6,2,NaN,3,3,False,,Slightly better,"YouTube, WhatsApp / Telegram (for study purposes)",2026-01-16 12:24:26,Tamil Nadu,Private University,B.Tech,3rd Year,9.0+,2 – 4 hours,"YouTube, ChatGPT / AI tools, Notion / Anki / Obsidian, WhatsApp / Telegram",4,,,,,,,,
3330,cf47f395a464caa7ab1da1745c2d650002296d75e8eac41561b430a83f4382f8,2026-02-26 11:35:36,Week 4,42,4 – 6 hours,3,3,Often,"ChatGPT, Google Gemini, GitHub Copilot",6 – 10,3,NaN,2,3,False,,Slightly better,"YouTube, WhatsApp / Telegram (for study purposes)",2026-01-31 18:49:58,Tamil Nadu,Central University,B.Sc,3rd Year,7.0 – 8.0,2 – 4 hours,"YouTube, NPTEL / SWAYAM, Coursera / Udemy / edX, ChatGPT / AI tools, Notion / Anki / Obsidian",5,,,,,,,,
3331,ef4aca4b5a9ddc8cfe1cda04eef5cb540a47e603dac29e3f59b7bdd1a387191d,2026-02-26 11:36:40,Week 4,46,4 – 6 hours,3,3,Rarely,"ChatGPT, Google Gemini, Microsoft Copilot, Claude, Perplexity AI, QuillBot, GitHub Copilot",3 – 6,3,NaN,3,3,False,,Slightly better,"YouTube, College LMS",2026-02-02 12:52:17,Maharashtra,Private University,B.Tech,Others,6.0 – 7.0,2 – 4 hours,"YouTube, ChatGPT / AI tools",2,,,,,,,,
3332,ef4aca4b5a9ddc8cfe1cda04eef5cb540a47e603dac29e3f59b7bdd1a387191d,2026-02-26 11:37:27,Week 4,44,4 – 6 hours,3,3,Sometimes,"ChatGPT, Google Gemini, Microsoft Copilot",3 – 6,2,NaN,3,3,False,,Slightly better,"YouTube, WhatsApp / Telegram (for study purposes), Physical Notes",2026-02-02 12:52:17,Maharashtra,Private University,B.Tech,Others,6.0 – 7.0,2 – 4 hours,"YouTube, ChatGPT / AI tools",2,,,,,,,,
3333,63c23cf4b390284f3ce1175699f5efa501022ba212fe21be99dc9e2d21deebbf,2026-02-26 11:38:16,Week 4,32,4 – 6 hours,2,2,Sometimes,"ChatGPT, Google Gemini, Microsoft Copilot",3 – 6,3,NaN,3,1,False,,Slightly better,"YouTube, Physical Notes",2026-02-02 12:38:59,Rajasthan,State University,B.Sc,2nd Year,7.0 – 8.0,4 – 6 hours,"Coursera / Udemy / edX, ChatGPT / AI tools, Notion / Anki / Obsidian, College LMS, Physical notes",5,,,,,,,,
3334,ef4aca4b5a9ddc8cfe1cda04eef5cb540a47e603dac29e3f59b7bdd1a387191d,2026-02-26 11:39:09,Week 4,43,4 – 6 hours,3,2,Sometimes,"ChatGPT, Google Gemini, Microsoft Copilot",1 – 3,2,NaN,2,2,False,,Slightly better,"YouTube, WhatsApp / Telegram (for study purposes)",2026-02-02 12:52:17,Maharashtra,Private University,B.Tech,Others,6.0 – 7.0,2 – 4 hours,"YouTube, ChatGPT / AI tools",2,,,,,,,,
3335,c4fc9686cc1b927682fbf989fe97901e479c7d5a214ce073d7cc6062f4682ed6,2026-02-26 11:39:55,Week 4,44,4 – 6 hours,3,3,Rarely,"ChatGPT, Google Gemini, Microsoft Copilot",3 – 6,4,NaN,3,3,False,,Slightly better,"YouTube, WhatsApp / Telegram (for study purposes)",2026-02-23 10:06:40,Andhra Pradesh,Private University,B.Com,3rd Year,6.0 – 7.0,0 – 2 hours,"Coursera / Udemy / edX, ChatGPT / AI tools, Notion / Anki / Obsidian, WhatsApp / Telegram",4,,,,,,,,
3336,794e3ecad2e18d7bce8d1013a9e08fe529cc63443905f9864cedec22f7a9459b,2026-02-26 11:40:43,Week 4,44,4 – 6 hours,3,3,Sometimes,"ChatGPT, Google Gemini, Microsoft Copilot",3 – 6,3,NaN,3,2,False,,Slightly better,"YouTube, WhatsApp / Telegram (for study purposes)",2025-12-27 12:35:23,Tamil Nadu,Deemed University,B.Tech,3rd Year,6.0 – 7.0,0 – 2 hours,"YouTube, ChatGPT / AI tools",2,,,,,,,,
3337,32b68dc8923730efba7e69129bcc4d5555495cc9359174e99e3d50570ce6de44,2026-02-26 11:41:27,Week 4,33,2 – 4 hours,3,2,Sometimes,"ChatGPT, Google Gemini, Microsoft Copilot",3 – 6,2,NaN,4,1,False,,Slightly better,"YouTube, WhatsApp / Telegram (for study purposes)",2026-01-31 14:55:58,Kerala,State University,B.Sc,1st Year,7.0 – 8.0,0 – 2 hours,"YouTube, ChatGPT / AI tools, College LMS, WhatsApp / Telegram",4,,,,,,,,
3338,f90ab6deefe14d178606a393182b36cdc645169d692772666b9c29214c2a4e40,2026-02-26 11:42:25,Week 4,47,4 – 6 hours,3,3,Rarely,"ChatGPT, Google Gemini, Microsoft Copilot",3 – 6,2,NaN,3,3,False,,Slightly better,"YouTube, WhatsApp / Telegram (for study purposes)",2026-02-05 21:56:57,Telangana,Private University,B.Tech,3rd Year,7.0 – 8.0,0 – 2 hours,"ChatGPT / AI tools, WhatsApp / Telegram",2,,,,,,,,
3339,f90ab6deefe14d178606a393182b36cdc645169d692772666b9c29214c2a4e40,2026-02-26 11:43:07,Week 4,55,4 – 6 hours,3,4,Rarely,"ChatGPT, Google Gemini, Microsoft Copilot, Claude",6 – 10,3,NaN,3,3,False,,Slightly better,"YouTube, WhatsApp / Telegram (for study purposes)",2026-02-05 21:56:57,Telangana,Private University,B.Tech,3rd Year,7.0 – 8.0,0 – 2 hours,"ChatGPT / AI tools, WhatsApp / Telegram",2,,,,,,,,
3340,0e155a1241bd00b2d588262223a52e0f8a911a4000092f096e6968dccae9e61b,2026-02-26 11:44:03,Week 4,54,4 – 6 hours,3,3,Rarely,"ChatGPT, Google Gemini, Microsoft Copilot",1 – 3,4,NaN,3,3,False,,Slightly better,"YouTube, WhatsApp / Telegram (for study purposes)",2026-02-03 11:16:29,Tamil Nadu,IIT / NIT,B.Tech,4th Year,8.0 – 9.0,2 – 4 hours,"ChatGPT / AI tools, College LMS",2,,,,,,,,
3341,f90ab6deefe14d178606a393182b36cdc645169d692772666b9c29214c2a4e40,2026-02-26 11:45:19,Week 4,50,4 – 6 hours,3,3,Rarely,"ChatGPT, Google Gemini, Microsoft Copilot, Claude, Perplexity AI",1 – 3,2,NaN,3,4,False,,Slightly better,"YouTube, WhatsApp / Telegram (for study purposes), Physical Notes",2026-02-05 21:56:57,Telangana,Private University,B.Tech,3rd Year,7.0 – 8.0,0 – 2 hours,"ChatGPT / AI tools, WhatsApp / Telegram",2,,,,,,,,
3342,9c37b8db9c39e670e8422cf5afe252221762450c6f3d1f72c8ef3cdfe0a584e6,2026-02-26 11:46:12,Week 4,33,2 – 4 hours,2,3,Sometimes,"ChatGPT, Google Gemini, Microsoft Copilot",3 – 6,2,NaN,4,3,False,,Slightly better,"YouTube, WhatsApp / Telegram (for study purposes), Physical Notes",2026-02-23 10:10:44,Tamil Nadu,State University,B.Sc,2nd Year,7.0 – 8.0,2 – 4 hours,"YouTube, NPTEL / SWAYAM, Coursera / Udemy / edX, ChatGPT / AI tools, College LMS",5,,,,,,,,
3343,132137538b93be89ed6c9815b322a7a0f58530b8c229d1809265140f5cb8c398,2026-02-26 11:47:09,Week 4,44,4 – 6 hours,2,3,Rarely,"ChatGPT, Google Gemini, Microsoft Copilot, Claude",3 – 6,3,NaN,3,2,False,,Slightly better,"YouTube, Physical Notes",2026-01-13 19:44:22,Tamil Nadu,Deemed University,B.Tech,3rd Year,7.0 – 8.0,2 – 4 hours,"YouTube, ChatGPT / AI tools",2,,,,,,,,
3344,f8041b50a2c1379ae1a539104ac8cfff2e7475d9225620826e59c80d286afe76,2026-02-26 11:47:59,Week 4,44,4 – 6 hours,3,3,Often,"ChatGPT, Google Gemini, Microsoft Copilot, Claude",3 – 6,3,NaN,3,3,False,,Slightly better,"YouTube, WhatsApp / Telegram (for study purposes)",2026-01-31 18:25:54,Andhra Pradesh,Private University,B.Sc,3rd Year,7.0 – 8.0,0 – 2 hours,"YouTube, NPTEL / SWAYAM, Notion / Anki / Obsidian, College LMS, WhatsApp / Telegram",5,,,,,,,,
3345,e14fc3506630213cf4dbb3dddf035e19aad46cfaf81f1761b7791f1f48a64d67,2026-02-26 11:48:57,Week 4,41,4 – 6 hours,3,2,Sometimes,"ChatGPT, Google Gemini, Microsoft Copilot, Claude",3 – 6,3,NaN,4,3,False,,Slightly better,"YouTube, WhatsApp / Telegram (for study purposes)",2026-02-02 12:45:31,Madhya Pradesh,Central University,B.Tech,3rd Year,8.0 – 9.0,2 – 4 hours,"ChatGPT / AI tools, WhatsApp / Telegram",2,,,,,,,,
3346,9f7b57d47f3cd447af0a85a35c1ce5b1287d471159595088cd7493a849b93059,2026-02-26 11:50:14,Week 4,33,2 – 4 hours,2,3,Rarely,"ChatGPT, Google Gemini, Microsoft Copilot",3 – 6,1,NaN,2,2,False,,Slightly better,"YouTube, College LMS",2026-02-02 12:38:26,Punjab,Central University,B.Tech,1st Year,6.0 – 7.0,4 – 6 hours,"YouTube, NPTEL / SWAYAM, Coursera / Udemy / edX, ChatGPT / AI tools, College LMS, WhatsApp / Telegram",6,,,,,,,,
3347,3a16c6fa9dbc26f91e12cdd112bec4f2953a34f47097d3424e3f551bb022a684,2026-02-26 11:51:05,Week 4,44,4 – 6 hours,2,3,Sometimes,"ChatGPT, Google Gemini, Microsoft Copilot",3 – 6,3,NaN,2,2,False,,Slightly better,"YouTube, College LMS, WhatsApp / Telegram (for study purposes)",2026-01-31 18:44:48,Tamil Nadu,Private University,BBA,1st Year,6.0 – 7.0,0 – 2 hours,"YouTube, Coursera / Udemy / edX, ChatGPT / AI tools, College LMS, WhatsApp / Telegram, Physical notes",6,,,,,,,,
3348,f90ab6deefe14d178606a393182b36cdc645169d692772666b9c29214c2a4e40,2026-02-26 11:51:53,Week 4,43,4 – 6 hours,3,2,Sometimes,"ChatGPT, Google Gemini, Microsoft Copilot",3 – 6,2,NaN,3,2,False,,Slightly better,"YouTube, WhatsApp / Telegram (for study purposes)",2026-02-05 21:56:57,Telangana,Private University,B.Tech,3rd Year,7.0 – 8.0,0 – 2 hours,"ChatGPT / AI tools, WhatsApp / Telegram",2,,,,,,,,
3349,ace8e293cc91c35e822f9101bc4e97d2ad904d1e130b4402fd6a6642f245665e,2026-02-26 11:52:52,Week 4,45,4 – 6 hours,2,2,Sometimes,"ChatGPT, QuillBot",3 – 6,3,NaN,3,3,False,,Slightly better,"YouTube, College LMS",2026-02-23 10:12:43,Kerala,State University,B.Tech,2nd Year,6.0 – 7.0,0 – 2 hours,"NPTEL / SWAYAM, Notion / Anki / Obsidian",2,,,,,,,,
3350,bed0f2897fdcff9c379616ea83849b1ca59a967db6315c91cd8fcf4fcf4c7216,2026-02-26 11:53:38,Week 4,44,2 – 4 hours,3,3,Rarely,"ChatGPT, Google Gemini, Microsoft Copilot, Claude",3 – 6,3,NaN,3,2,False,,Slightly better,"YouTube, WhatsApp / Telegram (for study purposes)",2026-01-31 18:46:23,Andhra Pradesh,State University,B.Sc,2nd Year,7.0 – 8.0,2 – 4 hours,"YouTube, NPTEL / SWAYAM, WhatsApp / Telegram",3,,,,,,,,
3351,1ad669ada84e5263e09135c0723aae8e30fcb58819e440892efde165dd587a5e,2026-02-26 16:28:05,Week 1,0,0 – 2 hours,1,1,Never,"ChatGPT, Google Gemini, Microsoft Copilot",1 – 3,4,Health / stress issues,1,2,False,,About the same,YouTube,2026-02-03 11:18:21,Karnataka,State University,BBA,3rd Year,7.0 – 8.0,2 – 4 hours,"YouTube, Coursera / Udemy / edX",2,,,,,,,,
3352,f5df30de694992a770d857d674587e781574c81ffc40be127f93b6a3d3a95f48,2026-03-01 20:17:48,Week 6,5,0 – 2 hours,4,1,Never,ChatGPT,3 – 6,4,NaN,4,4,False,,About the same,WhatsApp / Telegram (for study purposes),2026-02-23 10:05:11,Andhra Pradesh,State University,B.Sc,3rd Year,Prefer not to say,2 – 4 hours,"YouTube, Coursera / Udemy / edX, Notion / Anki / Obsidian, WhatsApp / Telegram, Physical notes",5,,,,,,,,
3353,7b5c4bd7d59556f437489bc9729a8c19655b90085e45e8dff621cf66913fc521,2026-03-05 16:57:48,Week 1,7,2 – 4 hours,2,2,Never,"ChatGPT, Google Gemini, Claude, QuillBot",3 – 6,2,"No quiet study space, Health / stress issues",2,2,False,70.0,Much worse,NaN,2026-02-23 10:13:22,Kerala,State University,B.Tech,3rd Year,Prefer not to say,2 – 4 hours,"YouTube, NPTEL / SWAYAM, Coursera / Udemy / edX, ChatGPT / AI tools, Notion / Anki / Obsidian, College LMS, WhatsApp / Telegram, Physical notes",8,,,,,,,,
3354,b319601b117de5d02e9d335f82997ad5d2c20f041b094bdd7a67411b8ad1543b,2026-03-05 16:58:48,Week 1,4,2 – 4 hours,3,3,Sometimes,"ChatGPT, Google Gemini",3 – 6,3,Mobile-only access,2,2,False,,Slightly worse,College LMS,2026-01-31 11:34:19,Tamil Nadu,State University,B.Tech,4th Year,8.0 – 9.0,0 – 2 hours,"YouTube, ChatGPT / AI tools, WhatsApp / Telegram",3,,,,,,,,
3355,8bfc27000534160835a23ec100f95667b3894c6b3e90a6027721d3322ad782dc,2026-03-05 16:59:42,Week 1,4,2 – 4 hours,3,2,Rarely,"ChatGPT, Google Gemini",1 – 3,2,"Poor internet, Mobile-only access",2,2,False,,Slightly worse,"NPTEL / SWAYAM, College LMS",2026-02-05 21:46:59,Telangana,Private University,B.Tech,3rd Year,9.0+,0 – 2 hours,"YouTube, ChatGPT / AI tools, Physical notes",3,,,,,,,,
3356,f8ecea41f5799921e46e5d82b8d41d92dba1fca7a66ca63506cc3c0aab382672,2026-03-05 17:00:39,Week 1,3,2 – 4 hours,2,3,Rarely,"ChatGPT, Google Gemini",3 – 6,2,"Mobile-only access, No quiet study space",2,2,False,,Slightly worse,"YouTube, NPTEL / SWAYAM, Coursera / Udemy / edX",2026-01-27 17:56:30,Uttar Pradesh,Central University,B.Tech,4th Year,7.0 – 8.0,4 – 6 hours,"YouTube, NPTEL / SWAYAM, Coursera / Udemy / edX, ChatGPT / AI tools, Notion / Anki / Obsidian",5,,,,,,,,
3357,f72f420debc36def28125c58c71822ce49043914a9406e73923965f87c8cb669,2026-03-05 17:01:25,Week 1,3,2 – 4 hours,2,2,Rarely,"ChatGPT, Google Gemini",1 – 3,2,"Poor internet, Mobile-only access",2,2,False,,Slightly worse,"YouTube, NPTEL / SWAYAM, Coursera / Udemy / edX",2026-01-12 23:37:58,Karnataka,Private University,BA,3rd Year,8.0 – 9.0,0 – 2 hours,"YouTube, ChatGPT / AI tools, WhatsApp / Telegram, Physical notes only",4,,,,,,,,
3358,6cdee50dedfbbd1a46317cf81321165ab42071b577d2f1514daac32cb4160095,2026-03-05 17:03:10,Week 2,6,2 – 4 hours,2,2,Sometimes,"ChatGPT, Google Gemini, Claude",3 – 6,3,"Poor internet, Mobile-only access, No quiet study space",3,3,False,,About the same,"YouTube, NPTEL / SWAYAM, College LMS",2026-02-02 12:39:28,Gujarat,Private University,B.Tech,3rd Year,8.0 – 9.0,6+ hours,NaN,1,,,,,,,,
3359,26234105c87439e0dc4fb999632d3a5406775cc0728c26840e4a6b26d071341b,2026-03-05 17:04:26,Week 2,13,2 – 4 hours,3,4,Often,"ChatGPT, Google Gemini",6 – 10,5,"No quiet study space, Health / stress issues, None",5,5,False,,Slightly better,"YouTube, NPTEL / SWAYAM",2026-01-12 20:18:58,Tamil Nadu,Private University,B.Tech,2nd Year,6.0 – 7.0,0 – 2 hours,"YouTube, ChatGPT / AI tools, College LMS",3,,,,,,,,
3360,bed0f2897fdcff9c379616ea83849b1ca59a967db6315c91cd8fcf4fcf4c7216,2026-03-05 17:05:29,Week 1,30,4 – 6 hours,4,4,Always,"ChatGPT, Claude, Canva AI",6 – 10,3,Health / stress issues,3,3,False,80.0,Slightly worse,YouTube,2026-01-31 18:46:23,Andhra Pradesh,State University,B.Sc,2nd Year,7.0 – 8.0,2 – 4 hours,"YouTube, NPTEL / SWAYAM, WhatsApp / Telegram",3,,,,,,,,
3361,8ded4921661c4a18e633a572258dbd0f9a2c004f4aa3e9e2057a670d47566de6,2026-03-05 17:06:14,Week 2,20,6+ hours,5,5,Often,"ChatGPT, Google Gemini",6 – 10,4,"Poor internet, Mobile-only access",4,4,False,,Slightly better,"YouTube, NPTEL / SWAYAM, Coursera / Udemy / edX",2026-02-03 11:19:03,Kerala,Private University,B.Sc,3rd Year,Prefer not to say,2 – 4 hours,"NPTEL / SWAYAM, WhatsApp / Telegram, Physical notes",3,,,,,,,,
3362,219d4ac6903fffab5ab1d64d6ed0b331adcc691f0e116fb7f62cefba91f7b0ec,2026-03-05 17:07:04,Week 2,20,6+ hours,5,5,Sometimes,"ChatGPT, Google Gemini, Microsoft Copilot, Claude",6 – 10,4,"Poor internet, Mobile-only access",5,5,False,,About the same,"YouTube, College LMS",2025-12-26 18:34:24,Andhra Pradesh,Private University,B.Tech,3rd Year,9.0+,0 – 2 hours,ChatGPT / AI tools,1,,,,,,,,
3363,7b5c4bd7d59556f437489bc9729a8c19655b90085e45e8dff621cf66913fc521,2026-03-05 17:07:50,Week 3,3,0 – 2 hours,2,1,Never,"ChatGPT, Google Gemini",1 – 3,1,Poor internet,1,1,False,,Much worse,College LMS,2026-02-23 10:13:22,Kerala,State University,B.Tech,3rd Year,Prefer not to say,2 – 4 hours,"YouTube, NPTEL / SWAYAM, Coursera / Udemy / edX, ChatGPT / AI tools, Notion / Anki / Obsidian, College LMS, WhatsApp / Telegram, Physical notes",8,,,,,,,,
3364,bed0f2897fdcff9c379616ea83849b1ca59a967db6315c91cd8fcf4fcf4c7216,2026-03-05 17:08:35,Week 3,2,0 – 2 hours,2,2,Rarely,Google Gemini,1 – 3,2,"Mobile-only access, No quiet study space",2,1,False,,Slightly worse,Coursera / Udemy / edX,2026-01-31 18:46:23,Andhra Pradesh,State University,B.Sc,2nd Year,7.0 – 8.0,2 – 4 hours,"YouTube, NPTEL / SWAYAM, WhatsApp / Telegram",3,,,,,,,,
3365,1ad669ada84e5263e09135c0723aae8e30fcb58819e440892efde165dd587a5e,2026-03-05 17:08:36,Week 1,39,4 – 6 hours,4,3,Sometimes,"ChatGPT, Claude",6 – 10,4,Poor internet,4,4,False,,Slightly better,"YouTube, College LMS",2026-02-03 11:18:21,Karnataka,State University,BBA,3rd Year,7.0 – 8.0,2 – 4 hours,"YouTube, Coursera / Udemy / edX",2,,,,,,,,
3366,384ceb85e96e6aa2ecda396e81a782b00f64a547b8639cec5570f556cec3c71d,2026-03-05 17:09:59,Week 3,5,0 – 2 hours,2,2,Rarely,Google Gemini,1 – 3,2,Poor internet,2,3,False,,Much worse,NPTEL / SWAYAM,2026-02-23 10:05:39,Kerala,Private University,B.Com,2nd Year,8.0 – 9.0,4 – 6 hours,"NPTEL / SWAYAM, Coursera / Udemy / edX, College LMS, Physical notes",4,,,,,,,,
3367,f5df30de694992a770d857d674587e781574c81ffc40be127f93b6a3d3a95f48,2026-03-05 17:10:05,Week 1,22,4 – 6 hours,4,4,Never,"ChatGPT, Google Gemini",6 – 10,4,Poor internet,4,3,False,66.0,About the same,NPTEL / SWAYAM,2026-02-23 10:05:11,Andhra Pradesh,State University,B.Sc,3rd Year,Prefer not to say,2 – 4 hours,"YouTube, Coursera / Udemy / edX, Notion / Anki / Obsidian, WhatsApp / Telegram, Physical notes",5,,,,,,,,
3368,63c23cf4b390284f3ce1175699f5efa501022ba212fe21be99dc9e2d21deebbf,2026-03-05 17:11:27,Week 3,3,2 – 4 hours,1,2,Rarely,"Claude, QuillBot",1 – 3,3,"Poor internet, Mobile-only access, No quiet study space, Health / stress issues, None",2,2,False,,Slightly worse,"Notion / Anki / Obsidian, Physical Notes",2026-02-02 12:38:59,Rajasthan,State University,B.Sc,2nd Year,7.0 – 8.0,4 – 6 hours,"Coursera / Udemy / edX, ChatGPT / AI tools, Notion / Anki / Obsidian, College LMS, Physical notes",5,,,,,,,,
3369,49c29b44c0f2dba949371e3de5aaea4ace47ef333c771bda5ab86551a01e7a7d,2026-03-05 17:11:45,Week 2,35,4 – 6 hours,4,4,Often,"ChatGPT, Perplexity AI",6 – 10,4,Mobile-only access,4,4,False,75.0,About the same,"YouTube, NPTEL / SWAYAM",2026-02-02 12:49:39,Uttar Pradesh,Central University,B.Tech,Others,8.0 – 9.0,2 – 4 hours,"YouTube, ChatGPT / AI tools",2,,,,,,,,
3370,781a9f368166d71405348c3b65fa0645e7cab12d017be1e369eb8d7a5cd5fb1d,2026-03-05 17:13:19,Week 3,8,2 – 4 hours,2,3,Never,"ChatGPT, Google Gemini, Microsoft Copilot, Claude, Perplexity AI, Grammarly, QuillBot, Notion AI, Jasper AI, GitHub Copilot, Codeium, Replit AI, Tabnine, Canva AI, DALL·E, Midjourney, Adobe Firefly, Khanmigo (Khan Academy AI)",1 – 3,1,"Poor internet, Mobile-only access, No quiet study space, Health / stress issues",1,1,False,,Much worse,"YouTube, NPTEL / SWAYAM, Coursera / Udemy / edX, College LMS, Notion / Anki / Obsidian, WhatsApp / Telegram (for study purposes), Physical Notes",2026-02-02 12:40:04,Maharashtra,IIT / NIT,B.Com,4th Year,7.0 – 8.0,2 – 4 hours,"YouTube, NPTEL / SWAYAM, Coursera / Udemy / edX, ChatGPT / AI tools, Notion / Anki / Obsidian, College LMS, WhatsApp / Telegram, Physical notes",8,,,,,,,,
3371,9f7b57d47f3cd447af0a85a35c1ce5b1287d471159595088cd7493a849b93059,2026-03-05 17:14:13,Week 2,49,4 – 6 hours,5,4,Often,"ChatGPT, Google Gemini",6 – 10,4,"Poor internet, Health / stress issues",4,5,False,70.0,Much better,"YouTube, NPTEL / SWAYAM",2026-02-02 12:38:26,Punjab,Central University,B.Tech,1st Year,6.0 – 7.0,4 – 6 hours,"YouTube, NPTEL / SWAYAM, Coursera / Udemy / edX, ChatGPT / AI tools, College LMS, WhatsApp / Telegram",6,,,,,,,,
3372,d2db0cecaf1edf2f34e8fcb492052acd27453600c6cc493e25700d9c3b289761,2026-03-05 17:14:43,Week 4,0,0 – 2 hours,4,1,Rarely,"ChatGPT, Google Gemini, Claude, Perplexity AI",3 – 6,3,"Poor internet, Mobile-only access, No quiet study space, Health / stress issues",2,1,False,,Much worse,"College LMS, Notion / Anki / Obsidian",2026-02-02 12:56:07,Uttar Pradesh,IIT / NIT,Other,2nd Year,Prefer not to say,2 – 4 hours,"YouTube, Coursera / Udemy / edX",2,,,,,,,,
3373,16a56bf3b362259b32e3bc7d18a95d94213241560809ad3c4d5ddba644365acb,2026-03-05 17:15:01,Week 2,55,4 – 6 hours,5,5,Always,"ChatGPT, Google Gemini",6 – 10,4,"Mobile-only access, No quiet study space",5,5,False,88.0,Much better,"YouTube, NPTEL / SWAYAM",2026-02-19 13:19:58,Tamil Nadu,State University,B.Sc,2nd Year,8.0 – 9.0,2 – 4 hours,"YouTube, NPTEL / SWAYAM, Coursera / Udemy / edX, ChatGPT / AI tools, Notion / Anki / Obsidian",5,,,,,,,,
3374,7b5c4bd7d59556f437489bc9729a8c19655b90085e45e8dff621cf66913fc521,2026-03-05 17:15:53,Week 4,8,0 – 2 hours,3,2,Rarely,"ChatGPT, Claude",1 – 3,3,"Mobile-only access, No quiet study space",3,2,False,,Much worse,"YouTube, NPTEL / SWAYAM, Coursera / Udemy / edX, College LMS",2026-02-23 10:13:22,Kerala,State University,B.Tech,3rd Year,Prefer not to say,2 – 4 hours,"YouTube, NPTEL / SWAYAM, Coursera / Udemy / edX, ChatGPT / AI tools, Notion / Anki / Obsidian, College LMS, WhatsApp / Telegram, Physical notes",8,,,,,,,,
3375,384ceb85e96e6aa2ecda396e81a782b00f64a547b8639cec5570f556cec3c71d,2026-03-05 17:17:21,Week 4,14,0 – 2 hours,2,2,Rarely,"ChatGPT, Google Gemini",1 – 3,2,"Poor internet, Mobile-only access",2,2,False,,Much worse,"NPTEL / SWAYAM, Coursera / Udemy / edX, WhatsApp / Telegram (for study purposes)",2026-02-23 10:05:39,Kerala,Private University,B.Com,2nd Year,8.0 – 9.0,4 – 6 hours,"NPTEL / SWAYAM, Coursera / Udemy / edX, College LMS, Physical notes",4,,,,,,,,
3376,49c29b44c0f2dba949371e3de5aaea4ace47ef333c771bda5ab86551a01e7a7d,2026-03-05 17:18:14,Week 4,4,2 – 4 hours,2,2,Sometimes,"ChatGPT, Google Gemini, Microsoft Copilot",3 – 6,2,"Poor internet, Mobile-only access, No quiet study space",3,3,False,,Slightly worse,"YouTube, College LMS",2026-02-02 12:49:39,Uttar Pradesh,Central University,B.Tech,Others,8.0 – 9.0,2 – 4 hours,"YouTube, ChatGPT / AI tools",2,,,,,,,,
3377,781a9f368166d71405348c3b65fa0645e7cab12d017be1e369eb8d7a5cd5fb1d,2026-03-05 17:19:01,Week 4,10,2 – 4 hours,3,2,Never,"ChatGPT, Google Gemini, Microsoft Copilot, Claude",3 – 6,2,"Poor internet, Mobile-only access, No quiet study space, Health / stress issues",2,3,False,,Slightly worse,NaN,2026-02-02 12:40:04,Maharashtra,IIT / NIT,B.Com,4th Year,7.0 – 8.0,2 – 4 hours,"YouTube, NPTEL / SWAYAM, Coursera / Udemy / edX, ChatGPT / AI tools, Notion / Anki / Obsidian, College LMS, WhatsApp / Telegram, Physical notes",8,,,,,,,,
3378,32b68dc8923730efba7e69129bcc4d5555495cc9359174e99e3d50570ce6de44,2026-03-05 17:19:53,Week 3,70,6+ hours,5,5,Always,"ChatGPT, Google Gemini",10+,5,NaN,5,3,False,77.0,Slightly better,YouTube,2026-01-31 14:55:58,Kerala,State University,B.Sc,1st Year,7.0 – 8.0,0 – 2 hours,"YouTube, ChatGPT / AI tools, College LMS, WhatsApp / Telegram",4,,,,,,,,
3379,794e3ecad2e18d7bce8d1013a9e08fe529cc63443905f9864cedec22f7a9459b,2026-03-05 17:20:52,Week 4,59,6+ hours,5,5,Always,"ChatGPT, Google Gemini",10+,5,Health / stress issues,5,5,False,78.0,Much better,"YouTube, NPTEL / SWAYAM",2025-12-27 12:35:23,Tamil Nadu,Deemed University,B.Tech,3rd Year,6.0 – 7.0,0 – 2 hours,"YouTube, ChatGPT / AI tools",2,,,,,,,,
3380,49c29b44c0f2dba949371e3de5aaea4ace47ef333c771bda5ab86551a01e7a7d,2026-03-05 17:21:43,Week 4,50,6+ hours,5,5,Sometimes,"ChatGPT, Google Gemini",10+,5,Poor internet,5,5,False,50.0,Slightly worse,YouTube,2026-02-02 12:49:39,Uttar Pradesh,Central University,B.Tech,Others,8.0 – 9.0,2 – 4 hours,"YouTube, ChatGPT / AI tools",2,,,,,,,,
3381,2b17d11e7d9c1af7a7fed72e60e90a5ee797f0b6e0cc8645592f6fdc2ad13cd2,2026-03-05 17:22:39,Week 4,3,0 – 2 hours,1,1,Never,ChatGPT,1 – 3,2,Poor internet,1,1,False,34.0,Much worse,YouTube,2026-01-31 18:51:00,Tamil Nadu,State University,B.Tech,1st Year,6.0 – 7.0,2 – 4 hours,"YouTube, Coursera / Udemy / edX, ChatGPT / AI tools, Notion / Anki / Obsidian, WhatsApp / Telegram",5,,,,,,,,
3382,caf626adf6b1139006e560ca8cc80b33ca449dfd93d89557b2b5dca8a09ea07f,2026-03-09 20:29:56,Week 7,1,0 – 2 hours,2,2,Never,ChatGPT,3 – 6,4,NaN,4,4,False,80.0,About the same,NaN,2026-02-23 10:06:05,Karnataka,Private University,BA,3rd Year,7.0 – 8.0,2 – 4 hours,"YouTube, NPTEL / SWAYAM, Coursera / Udemy / edX, ChatGPT / AI tools, Notion / Anki / Obsidian, WhatsApp / Telegram",6,,,,,,,,
3383,86b1b7c8fd97ac6aa33f3f67e3c3652ee35ae2226cc4798385726481eea05f57,2025-12-26 07:20:19,Week 1,18,0 – 2 hours,3,1,Often,"ChatGPT / AI tools, College LMS, WhatsApp / Telegram",6 – 10,4,"Poor internet, No quiet study space",3,4,False,70.0,About the same,NaN,2026-01-31 18:50:27,Tamil Nadu,Central University,B.Tech,1st Year,7.0 – 8.0,0 – 2 hours,"YouTube, ChatGPT / AI tools, College LMS, WhatsApp / Telegram",4,,,,,,,,
3384,384ceb85e96e6aa2ecda396e81a782b00f64a547b8639cec5570f556cec3c71d,2025-12-26 19:16:08,Week 1,0,6+ hours,5,1,Never,NaN,0,1,Poor internet,5,5,False,0.0,Much better,NaN,2026-02-23 10:05:39,Kerala,Private University,B.Com,2nd Year,8.0 – 9.0,4 – 6 hours,"NPTEL / SWAYAM, Coursera / Udemy / edX, College LMS, Physical notes",4,,,,,,,,
3385,ef4aca4b5a9ddc8cfe1cda04eef5cb540a47e603dac29e3f59b7bdd1a387191d,2025-12-27 12:32:17,Week 1,30,6+ hours,5,5,Always,"YouTube, NPTEL / SWAYAM, Coursera / Udemy / edX, ChatGPT / AI tools, Notion / Anki / Obsidian, College LMS, WhatsApp / Telegram, Physical notes only, None",3 – 6,5,No quiet study space,5,5,False,10.0,Much better,NaN,2026-02-02 12:52:17,Maharashtra,Private University,B.Tech,Others,6.0 – 7.0,2 – 4 hours,"YouTube, ChatGPT / AI tools",2,,,,,,,,
3386,384ceb85e96e6aa2ecda396e81a782b00f64a547b8639cec5570f556cec3c71d,2025-12-27 12:37:17,Week 1,3,0 – 2 hours,3,1,Rarely,"YouTube, ChatGPT / AI tools, Physical notes only",3 – 6,3,"Poor internet, No quiet study space, Health / stress issues",2,1,False,70.0,Slightly worse,NaN,2026-02-23 10:05:39,Kerala,Private University,B.Com,2nd Year,8.0 – 9.0,4 – 6 hours,"NPTEL / SWAYAM, Coursera / Udemy / edX, College LMS, Physical notes",4,,,,,,,,
3387,1ad669ada84e5263e09135c0723aae8e30fcb58819e440892efde165dd587a5e,2025-12-27 14:54:03,Week 1,10,0 – 2 hours,2,1,Rarely,"Coursera / Udemy / edX, ChatGPT / AI tools, College LMS, WhatsApp / Telegram",3 – 6,4,"Poor internet, Mobile-only access, Health / stress issues",5,5,False,50.0,About the same,NaN,2026-02-03 11:18:21,Karnataka,State University,BBA,3rd Year,7.0 – 8.0,2 – 4 hours,"YouTube, Coursera / Udemy / edX",2,,,,,,,,
3388,6cdee50dedfbbd1a46317cf81321165ab42071b577d2f1514daac32cb4160095,2025-12-29 14:24:18,Week 1,42,6+ hours,4,4,Often,"YouTube, Coursera / Udemy / edX, ChatGPT / AI tools, Notion / Anki / Obsidian, College LMS, WhatsApp / Telegram",6 – 10,5,NaN,5,3,False,85.0,Slightly better,NaN,2026-02-02 12:39:28,Gujarat,Private University,B.Tech,3rd Year,8.0 – 9.0,6+ hours,NaN,1,,,,,,,,
3389,b7c45e43b3e4defcfa15c66053995acfb95306f516892ea504b4a561e64a85b9,2026-01-12 20:21:27,Week 1,10,0 – 2 hours,3,1,Rarely,"ChatGPT, Google Gemini, Microsoft Copilot, Claude",3 – 6,3,"No quiet study space, Health / stress issues",3,5,False,85.0,About the same,"YouTube, College LMS, WhatsApp / Telegram (for study purposes), Physical Notes",2026-01-31 18:40:13,Tamil Nadu,IIT / NIT,B.Sc,2nd Year,6.0 – 7.0,0 – 2 hours,"YouTube, NPTEL / SWAYAM, ChatGPT / AI tools",3,,,,,,,,
3390,3d83828233d057f5e1e37a4c9e784850077d6638768e69b0f6b5d4e5e2dfc994,2026-01-12 20:23:04,Week 1,4,0 – 2 hours,3,2,Often,"ChatGPT, Google Gemini, Perplexity AI",1 – 3,4,"Poor internet, No quiet study space",3,2,False,77.0,About the same,"YouTube, Coursera / Udemy / edX, WhatsApp / Telegram (for study purposes)",2026-01-12 21:41:37,Tamil Nadu,Private University,B.Tech,3rd Year,8.0 – 9.0,0 – 2 hours,"YouTube, ChatGPT / AI tools",2,,,,,,,,
3391,e8386eec4c2f671d625ec0a877e0c9af57a196443df6751cfd908bc4bb188c51,2026-01-12 21:35:58,Week 1,5,2 – 4 hours,2,1,Rarely,"ChatGPT, Google Gemini, Microsoft Copilot, Perplexity AI, GitHub Copilot",3 – 6,3,"Poor internet, Mobile-only access, No quiet study space",3,3,False,50.0,Slightly worse,"YouTube, NPTEL / SWAYAM, WhatsApp / Telegram (for study purposes), Physical Notes",2026-01-31 18:42:45,Kerala,State University,B.Com,2nd Year,Prefer not to say,2 – 4 hours,"YouTube, NPTEL / SWAYAM, Coursera / Udemy / edX, Notion / Anki / Obsidian, Physical notes",5,,,,,,,,
3392,81ddebb1fc0e6b009a5655dea87854093d1374914f03d128e615c955c9007504,2026-01-12 21:44:30,Week 1,3,0 – 2 hours,1,1,Rarely,"ChatGPT, Google Gemini, Microsoft Copilot",1 – 3,3,NaN,2,2,False,,About the same,YouTube,2026-01-12 20:20:23,Tamil Nadu,Private University,B.Tech,3rd Year,7.0 – 8.0,2 – 4 hours,"YouTube, ChatGPT / AI tools, WhatsApp / Telegram, Physical notes only",4,,,,,,,,
3393,8ded4921661c4a18e633a572258dbd0f9a2c004f4aa3e9e2057a670d47566de6,2026-01-12 22:33:54,Week 1,5,0 – 2 hours,3,2,Sometimes,"ChatGPT, Perplexity AI, Replit AI",3 – 6,4,Poor internet,3,3,False,,About the same,YouTube,2026-02-03 11:19:03,Kerala,Private University,B.Sc,3rd Year,Prefer not to say,2 – 4 hours,"NPTEL / SWAYAM, WhatsApp / Telegram, Physical notes",3,,,,,,,,
3394,c4fc9686cc1b927682fbf989fe97901e479c7d5a214ce073d7cc6062f4682ed6,2026-01-12 23:15:31,Week 1,2,0 – 2 hours,1,1,Never,"ChatGPT, Google Gemini",1 – 3,1,"Poor internet, No quiet study space",1,1,False,,Slightly worse,"YouTube, WhatsApp / Telegram (for study purposes), Physical Notes",2026-02-23 10:06:40,Andhra Pradesh,Private University,B.Com,3rd Year,6.0 – 7.0,0 – 2 hours,"Coursera / Udemy / edX, ChatGPT / AI tools, Notion / Anki / Obsidian, WhatsApp / Telegram",4,,,,,,,,
3395,c4fc9686cc1b927682fbf989fe97901e479c7d5a214ce073d7cc6062f4682ed6,2026-01-13 19:46:14,Week 2,3,2 – 4 hours,3,3,Rarely,"ChatGPT, Perplexity AI",1 – 3,3,"No quiet study space, Health / stress issues",3,3,False,,About the same,"YouTube, College LMS, Notion / Anki / Obsidian",2026-02-23 10:06:40,Andhra Pradesh,Private University,B.Com,3rd Year,6.0 – 7.0,0 – 2 hours,"Coursera / Udemy / edX, ChatGPT / AI tools, Notion / Anki / Obsidian, WhatsApp / Telegram",4,,,,,,,,
3396,0e155a1241bd00b2d588262223a52e0f8a911a4000092f096e6968dccae9e61b,2026-01-16 12:27:49,Week 1,14,2 – 4 hours,2,2,Rarely,"ChatGPT, Perplexity AI",3 – 6,4,"Mobile-only access, No quiet study space",2,4,False,,Much worse,"YouTube, Notion / Anki / Obsidian, WhatsApp / Telegram (for study purposes)",2026-02-03 11:16:29,Tamil Nadu,IIT / NIT,B.Tech,4th Year,8.0 – 9.0,2 – 4 hours,"ChatGPT / AI tools, College LMS",2,,,,,,,,
3397,ad04e596e1af01ab238040c91de85cefe7f49fb2aabec57135e928a5ee02305e,2026-01-31 11:32:52,Week 1,5,0 – 2 hours,4,4,Often,"ChatGPT, Google Gemini, Claude, Perplexity AI, Notion AI, Replit AI, Canva AI, DALL·E",3 – 6,4,Health / stress issues,4,4,False,80.0,Slightly better,"YouTube, WhatsApp / Telegram (for study purposes)",2026-02-02 13:10:08,Karnataka,IIT / NIT,BBA,Others,7.0 – 8.0,2 – 4 hours,"YouTube, NPTEL / SWAYAM",2,,,,,,,,
3398,6cdee50dedfbbd1a46317cf81321165ab42071b577d2f1514daac32cb4160095,2026-01-31 14:55:23,Week 1,60,4 – 6 hours,4,3,Sometimes,"ChatGPT, Microsoft Copilot, GitHub Copilot, Replit AI",3 – 6,3,"Poor internet, No quiet study space",3,3,False,,Slightly better,"YouTube, WhatsApp / Telegram (for study purposes), Physical Notes",2026-02-02 12:39:28,Gujarat,Private University,B.Tech,3rd Year,8.0 – 9.0,6+ hours,NaN,1,,,,,,,,
3399,9f7b57d47f3cd447af0a85a35c1ce5b1287d471159595088cd7493a849b93059,2026-01-31 16:07:51,Week 1,20,0 – 2 hours,3,1,Never,Google Gemini,3 – 6,5,"Poor internet, No quiet study space",2,5,False,75.0,Slightly worse,"YouTube, Notion / Anki / Obsidian",2026-02-02 12:38:26,Punjab,Central University,B.Tech,1st Year,6.0 – 7.0,4 – 6 hours,"YouTube, NPTEL / SWAYAM, Coursera / Udemy / edX, ChatGPT / AI tools, College LMS, WhatsApp / Telegram",6,,,,,,,,
3400,219d4ac6903fffab5ab1d64d6ed0b331adcc691f0e116fb7f62cefba91f7b0ec,2026-01-31 16:39:48,Week 1,20,4 – 6 hours,3,3,Sometimes,"ChatGPT, Google Gemini",1 – 3,3,Health / stress issues,3,2,False,,Slightly worse,"YouTube, NPTEL / SWAYAM, WhatsApp / Telegram (for study purposes), Physical Notes",2025-12-26 18:34:24,Andhra Pradesh,Private University,B.Tech,3rd Year,9.0+,0 – 2 hours,ChatGPT / AI tools,1,,,,,,,,
3401,ef4aca4b5a9ddc8cfe1cda04eef5cb540a47e603dac29e3f59b7bdd1a387191d,2026-01-31 17:56:30,Week 1,4,2 – 4 hours,1,1,Never,ChatGPT,1 – 3,3,Poor internet,1,1,False,,Much worse,Physical Notes,2026-02-02 12:52:17,Maharashtra,Private University,B.Tech,Others,6.0 – 7.0,2 – 4 hours,"YouTube, ChatGPT / AI tools",2,,,,,,,,
3402,1ad669ada84e5263e09135c0723aae8e30fcb58819e440892efde165dd587a5e,2026-01-31 18:23:25,Week 1,13,0 – 2 hours,1,1,Never,"ChatGPT, Google Gemini, Perplexity AI, Canva AI",6 – 10,3,"Poor internet, Mobile-only access, Health / stress issues",2,3,False,50.0,Slightly worse,"YouTube, College LMS, WhatsApp / Telegram (for study purposes), Physical Notes",2026-02-03 11:18:21,Karnataka,State University,BBA,3rd Year,7.0 – 8.0,2 – 4 hours,"YouTube, Coursera / Udemy / edX",2,,,,,,,,
3403,f5df30de694992a770d857d674587e781574c81ffc40be127f93b6a3d3a95f48,2026-01-31 18:55:41,Week 1,14,0 – 2 hours,1,1,Never,"ChatGPT, Google Gemini, Microsoft Copilot, Perplexity AI",3 – 6,3,"Poor internet, Mobile-only access",2,4,False,,Slightly worse,"YouTube, Coursera / Udemy / edX, College LMS, Physical Notes",2026-02-23 10:05:11,Andhra Pradesh,State University,B.Sc,3rd Year,Prefer not to say,2 – 4 hours,"YouTube, Coursera / Udemy / edX, Notion / Anki / Obsidian, WhatsApp / Telegram, Physical notes",5,,,,,,,,
3404,63c23cf4b390284f3ce1175699f5efa501022ba212fe21be99dc9e2d21deebbf,2026-01-31 18:57:01,Week 1,23,2 – 4 hours,3,3,Sometimes,"ChatGPT, Google Gemini, Microsoft Copilot, Claude, Perplexity AI, Grammarly, QuillBot, GitHub Copilot, Canva AI, Khanmigo (Khan Academy AI)",6 – 10,4,No quiet study space,3,3,False,70.0,About the same,"YouTube, NPTEL / SWAYAM, Coursera / Udemy / edX, College LMS, WhatsApp / Telegram (for study purposes), Physical Notes",2026-02-02 12:38:59,Rajasthan,State University,B.Sc,2nd Year,7.0 – 8.0,4 – 6 hours,"Coursera / Udemy / edX, ChatGPT / AI tools, Notion / Anki / Obsidian, College LMS, Physical notes",5,,,,,,,,
3405,3a16c6fa9dbc26f91e12cdd112bec4f2953a34f47097d3424e3f551bb022a684,2026-01-31 19:00:49,Week 1,26,2 – 4 hours,2,2,Sometimes,"ChatGPT, Google Gemini, Microsoft Copilot, Claude, Perplexity AI, Grammarly, Notion AI, GitHub Copilot, Codeium, Canva AI, DALL·E",3 – 6,3,"Poor internet, Mobile-only access",2,4,False,70.0,Slightly worse,"YouTube, NPTEL / SWAYAM, Coursera / Udemy / edX, College LMS, WhatsApp / Telegram (for study purposes), Physical Notes",2026-01-31 18:44:48,Tamil Nadu,Private University,BBA,1st Year,6.0 – 7.0,0 – 2 hours,"YouTube, Coursera / Udemy / edX, ChatGPT / AI tools, College LMS, WhatsApp / Telegram, Physical notes",6,,,,,,,,
3406,266344e1c50b449d6d5dbec5b4b1af3236f13cc0b97871acccf3da3697283f82,2026-01-31 19:02:01,Week 1,22,2 – 4 hours,3,2,Rarely,"ChatGPT, Google Gemini, Microsoft Copilot, Claude, Perplexity AI, Grammarly, GitHub Copilot, Codeium, Replit AI, Tabnine, Canva AI",6 – 10,4,NaN,3,3,False,80.0,About the same,"YouTube, NPTEL / SWAYAM, Coursera / Udemy / edX, College LMS, WhatsApp / Telegram (for study purposes), Physical Notes",2026-01-16 12:24:26,Tamil Nadu,Private University,B.Tech,3rd Year,9.0+,2 – 4 hours,"YouTube, ChatGPT / AI tools, Notion / Anki / Obsidian, WhatsApp / Telegram",4,,,,,,,,
3407,781a9f368166d71405348c3b65fa0645e7cab12d017be1e369eb8d7a5cd5fb1d,2026-01-31 19:04:48,Week 1,30,2 – 4 hours,3,3,Sometimes,"ChatGPT, Google Gemini, Microsoft Copilot, Claude, QuillBot, Notion AI, GitHub Copilot, Midjourney, Adobe Firefly, Khanmigo (Khan Academy AI)",6 – 10,4,"Poor internet, Health / stress issues",3,5,False,,Slightly worse,"YouTube, NPTEL / SWAYAM, Coursera / Udemy / edX, College LMS, WhatsApp / Telegram (for study purposes), Physical Notes",2026-02-02 12:40:04,Maharashtra,IIT / NIT,B.Com,4th Year,7.0 – 8.0,2 – 4 hours,"YouTube, NPTEL / SWAYAM, Coursera / Udemy / edX, ChatGPT / AI tools, Notion / Anki / Obsidian, College LMS, WhatsApp / Telegram, Physical notes",8,,,,,,,,
3408,384ceb85e96e6aa2ecda396e81a782b00f64a547b8639cec5570f556cec3c71d,2026-01-31 19:05:17,Week 1,60,4 – 6 hours,4,3,Rarely,"ChatGPT, Google Gemini",6 – 10,4,"No quiet study space, Health / stress issues",3,4,False,0.0,About the same,"YouTube, Physical Notes",2026-02-23 10:05:39,Kerala,Private University,B.Com,2nd Year,8.0 – 9.0,4 – 6 hours,"NPTEL / SWAYAM, Coursera / Udemy / edX, College LMS, Physical notes",4,,,,,,,,
3409,e14fc3506630213cf4dbb3dddf035e19aad46cfaf81f1761b7791f1f48a64d67,2026-01-31 19:06:54,Week 1,50,4 – 6 hours,3,3,Often,"ChatGPT, Google Gemini, Microsoft Copilot, Claude, Perplexity AI, GitHub Copilot",6 – 10,5,"Poor internet, No quiet study space",2,5,False,75.0,About the same,"YouTube, College LMS, WhatsApp / Telegram (for study purposes), Physical Notes",2026-02-02 12:45:31,Madhya Pradesh,Central University,B.Tech,3rd Year,8.0 – 9.0,2 – 4 hours,"ChatGPT / AI tools, WhatsApp / Telegram",2,,,,,,,,
3410,86b1b7c8fd97ac6aa33f3f67e3c3652ee35ae2226cc4798385726481eea05f57,2026-01-31 19:10:39,Week 1,40,4 – 6 hours,4,4,Sometimes,"ChatGPT, Google Gemini, Microsoft Copilot, Claude, Perplexity AI, Grammarly, Jasper AI, GitHub Copilot, Replit AI, Canva AI, Adobe Firefly, Khanmigo (Khan Academy AI)",6 – 10,5,NaN,3,3,False,80.0,Slightly better,"YouTube, NPTEL / SWAYAM, College LMS, WhatsApp / Telegram (for study purposes), Physical Notes",2026-01-31 18:50:27,Tamil Nadu,Central University,B.Tech,1st Year,7.0 – 8.0,0 – 2 hours,"YouTube, ChatGPT / AI tools, College LMS, WhatsApp / Telegram",4,,,,,,,,
3411,f72f420debc36def28125c58c71822ce49043914a9406e73923965f87c8cb669,2026-01-31 19:13:43,Week 1,50,6+ hours,3,2,Often,"ChatGPT, Google Gemini, Microsoft Copilot, Claude, Perplexity AI, Grammarly",3 – 6,4,No quiet study space,3,5,False,60.0,About the same,"YouTube, NPTEL / SWAYAM, Coursera / Udemy / edX, College LMS, WhatsApp / Telegram (for study purposes), Physical Notes",2026-01-12 23:37:58,Karnataka,Private University,BA,3rd Year,8.0 – 9.0,0 – 2 hours,"YouTube, ChatGPT / AI tools, WhatsApp / Telegram, Physical notes only",4,,,,,,,,
3412,1ad669ada84e5263e09135c0723aae8e30fcb58819e440892efde165dd587a5e,2026-01-31 19:15:02,Week 1,45,4 – 6 hours,2,2,Rarely,"ChatGPT, Google Gemini, Microsoft Copilot, Claude, Perplexity AI, Grammarly, Codeium, Replit AI, Tabnine, Canva AI",10+,5,NaN,2,4,False,70.0,Slightly worse,"YouTube, Coursera / Udemy / edX, WhatsApp / Telegram (for study purposes), Physical Notes",2026-02-03 11:18:21,Karnataka,State University,BBA,3rd Year,7.0 – 8.0,2 – 4 hours,"YouTube, Coursera / Udemy / edX",2,,,,,,,,
3413,522e39ae01bce33e97b085b9517a3680984adf0d38e718487e3314eb74127ab2,2026-01-31 19:16:03,Week 1,35,2 – 4 hours,2,1,Never,"ChatGPT, Google Gemini",3 – 6,3,"Poor internet, No quiet study space, Health / stress issues",2,5,False,50.0,Slightly worse,"YouTube, WhatsApp / Telegram (for study purposes), Physical Notes",2026-01-31 18:48:52,Tamil Nadu,State University,B.Tech,2nd Year,Below 6.0,0 – 2 hours,"YouTube, ChatGPT / AI tools, WhatsApp / Telegram",3,,,,,,,,
3414,219d4ac6903fffab5ab1d64d6ed0b331adcc691f0e116fb7f62cefba91f7b0ec,2026-01-31 19:17:08,Week 1,49,6+ hours,3,2,Always,"ChatGPT, Google Gemini, Microsoft Copilot, Claude, Perplexity AI, Grammarly, Jasper AI",6 – 10,5,"Poor internet, No quiet study space, Health / stress issues",3,5,False,80.0,About the same,"YouTube, NPTEL / SWAYAM, WhatsApp / Telegram (for study purposes), Physical Notes",2025-12-26 18:34:24,Andhra Pradesh,Private University,B.Tech,3rd Year,9.0+,0 – 2 hours,ChatGPT / AI tools,1,,,,,,,,
3415,8ded4921661c4a18e633a572258dbd0f9a2c004f4aa3e9e2057a670d47566de6,2026-01-31 19:18:01,Week 1,60,6+ hours,4,2,Sometimes,"ChatGPT, Google Gemini, Microsoft Copilot, Claude, Perplexity AI, Grammarly, GitHub Copilot",6 – 10,5,No quiet study space,3,3,False,75.0,About the same,"YouTube, Coursera / Udemy / edX, College LMS, WhatsApp / Telegram (for study purposes), Physical Notes",2026-02-03 11:19:03,Kerala,Private University,B.Sc,3rd Year,Prefer not to say,2 – 4 hours,"NPTEL / SWAYAM, WhatsApp / Telegram, Physical notes",3,,,,,,,,
3416,f72f420debc36def28125c58c71822ce49043914a9406e73923965f87c8cb669,2026-01-31 19:38:23,Week 1,30,2 – 4 hours,3,1,Sometimes,"ChatGPT, Microsoft Copilot, Claude, Perplexity AI, Notion AI",3 – 6,4,"Poor internet, No quiet study space, Health / stress issues",3,5,False,90.0,Slightly worse,"YouTube, WhatsApp / Telegram (for study purposes), Physical Notes",2026-01-12 23:37:58,Karnataka,Private University,BA,3rd Year,8.0 – 9.0,0 – 2 hours,"YouTube, ChatGPT / AI tools, WhatsApp / Telegram, Physical notes only",4,,,,,,,,
3417,5e849a6892d6df48c1362529cab706d619efa96a172b3f715bc1f5ccd5ca61ec,2026-01-31 21:34:43,Week 1,2,0 – 2 hours,3,1,Sometimes,"ChatGPT, Google Gemini, Claude, Perplexity AI, Notion AI",1 – 3,4,"Poor internet, Mobile-only access, No quiet study space, Health / stress issues",3,5,False,80.0,Slightly worse,"YouTube, Notion / Anki / Obsidian, Physical Notes",2026-02-02 13:01:28,Uttar Pradesh,IIT / NIT,BA,Others,8.0 – 9.0,2 – 4 hours,"YouTube, ChatGPT / AI tools",2,,,,,,,,
3418,74d72de1f5b196019d5bbe209db2b90401f5ea949cebbdda60ac6b0f71acb482,2026-01-31 21:35:59,Week 1,22,2 – 4 hours,4,4,Sometimes,"ChatGPT, Google Gemini, Perplexity AI",6 – 10,5,"Poor internet, Mobile-only access, Health / stress issues",4,5,False,,Much better,"YouTube, College LMS, Notion / Anki / Obsidian, WhatsApp / Telegram (for study purposes), Physical Notes",2026-02-02 12:43:28,Madhya Pradesh,Central University,B.Tech,2nd Year,6.0 – 7.0,2 – 4 hours,"YouTube, ChatGPT / AI tools",2,,,,,,,,
3419,781a9f368166d71405348c3b65fa0645e7cab12d017be1e369eb8d7a5cd5fb1d,2026-02-01 20:06:39,Week 1,6,0 – 2 hours,4,1,Never,"ChatGPT, Google Gemini",3 – 6,5,Health / stress issues,5,4,False,80.0,About the same,"YouTube, WhatsApp / Telegram (for study purposes), Physical Notes",2026-02-02 12:40:04,Maharashtra,IIT / NIT,B.Com,4th Year,7.0 – 8.0,2 – 4 hours,"YouTube, NPTEL / SWAYAM, Coursera / Udemy / edX, ChatGPT / AI tools, Notion / Anki / Obsidian, College LMS, WhatsApp / Telegram, Physical notes",8,,,,,,,,
3420,0e155a1241bd00b2d588262223a52e0f8a911a4000092f096e6968dccae9e61b,2026-02-02 00:28:33,Week 1,3,0 – 2 hours,1,1,Rarely,"ChatGPT, Google Gemini, Microsoft Copilot, Claude, Perplexity AI, Grammarly",1 – 3,4,"No quiet study space, Health / stress issues",1,4,False,,About the same,"YouTube, College LMS, WhatsApp / Telegram (for study purposes), Physical Notes",2026-02-03 11:16:29,Tamil Nadu,IIT / NIT,B.Tech,4th Year,8.0 – 9.0,2 – 4 hours,"ChatGPT / AI tools, College LMS",2,,,,,,,,
3421,5e849a6892d6df48c1362529cab706d619efa96a172b3f715bc1f5ccd5ca61ec,2026-02-02 21:55:05,Week 1,12,2 – 4 hours,3,3,Rarely,"ChatGPT, Google Gemini, Claude, Canva AI",3 – 6,3,Mobile-only access,3,3,False,,About the same,"YouTube, Coursera / Udemy / edX",2026-02-02 13:01:28,Uttar Pradesh,IIT / NIT,BA,Others,8.0 – 9.0,2 – 4 hours,"YouTube, ChatGPT / AI tools",2,,,,,,,,
3422,e9f047d3c2da21e5de56f3abab5c156cedf45843e25e1cc9c00e542a0848fb89,2026-02-03 10:30:21,Week 1,20,2 – 4 hours,3,1,Often,"ChatGPT, Google Gemini",10+,5,Health / stress issues,3,4,False,,About the same,YouTube,2026-02-23 10:04:41,Andhra Pradesh,Central University,B.Tech,2nd Year,7.0 – 8.0,0 – 2 hours,"YouTube, NPTEL / SWAYAM, Coursera / Udemy / edX, Notion / Anki / Obsidian, WhatsApp / Telegram",5,,,,,,,,
3423,f90ab6deefe14d178606a393182b36cdc645169d692772666b9c29214c2a4e40,2026-02-03 10:38:09,Week 2,16,0 – 2 hours,5,5,Always,"ChatGPT, Google Gemini, Claude, Perplexity AI, GitHub Copilot",1 – 3,4,No quiet study space,4,4,False,85.0,Much better,"YouTube, Coursera / Udemy / edX, Physical Notes",2026-02-05 21:56:57,Telangana,Private University,B.Tech,3rd Year,7.0 – 8.0,0 – 2 hours,"ChatGPT / AI tools, WhatsApp / Telegram",2,,,,,,,,
3424,cf47f395a464caa7ab1da1745c2d650002296d75e8eac41561b430a83f4382f8,2026-02-03 11:15:07,Week 2,9,0 – 2 hours,3,3,Sometimes,"Claude, Perplexity AI, Grammarly, QuillBot, GitHub Copilot",1 – 3,3,"Poor internet, Mobile-only access",3,3,False,,About the same,"Coursera / Udemy / edX, Notion / Anki / Obsidian",2026-01-31 18:49:58,Tamil Nadu,Central University,B.Sc,3rd Year,7.0 – 8.0,2 – 4 hours,"YouTube, NPTEL / SWAYAM, Coursera / Udemy / edX, ChatGPT / AI tools, Notion / Anki / Obsidian",5,,,,,,,,
3425,266344e1c50b449d6d5dbec5b4b1af3236f13cc0b97871acccf3da3697283f82,2026-02-03 11:16:33,Week 2,5,2 – 4 hours,3,2,Sometimes,"ChatGPT, Google Gemini",6 – 10,3,"Poor internet, Mobile-only access, No quiet study space, Health / stress issues",2,4,False,50.0,Slightly worse,"YouTube, WhatsApp / Telegram (for study purposes)",2026-01-16 12:24:26,Tamil Nadu,Private University,B.Tech,3rd Year,9.0+,2 – 4 hours,"YouTube, ChatGPT / AI tools, Notion / Anki / Obsidian, WhatsApp / Telegram",4,,,,,,,,
3496,48cdb835c278ac6b10eed195f85632896d3be15d20d75197a0b916b2395939a6,2026-02-26 10:09:09,Week 3,15,0 – 2 hours,1,1,Never,"ChatGPT, Google Gemini",1 – 3,2,NaN,1,1,False,,Slightly worse,"YouTube, College LMS, Physical Notes",2026-01-27 00:18:46,Telangana,IIT / NIT,B.Sc,3rd Year,7.0 – 8.0,0 – 2 hours,"YouTube, NPTEL / SWAYAM, ChatGPT / AI tools, WhatsApp / Telegram, Physical notes only",5,,,,,,,,
3426,48cdb835c278ac6b10eed195f85632896d3be15d20d75197a0b916b2395939a6,2026-02-03 11:57:11,Week 1,50,6+ hours,5,5,Often,"ChatGPT, Google Gemini, Perplexity AI, Midjourney, None",10+,5,Health / stress issues,5,5,False,,Slightly better,"YouTube, College LMS, WhatsApp / Telegram (for study purposes)",2026-01-27 00:18:46,Telangana,IIT / NIT,B.Sc,3rd Year,7.0 – 8.0,0 – 2 hours,"YouTube, NPTEL / SWAYAM, ChatGPT / AI tools, WhatsApp / Telegram, Physical notes only",5,,,,,,,,
3427,2b17d11e7d9c1af7a7fed72e60e90a5ee797f0b6e0cc8645592f6fdc2ad13cd2,2026-02-03 11:58:01,Week 2,20,2 – 4 hours,3,3,Rarely,"ChatGPT, Google Gemini, Perplexity AI, Jasper AI",3 – 6,3,Mobile-only access,3,3,False,80.0,Slightly worse,"YouTube, College LMS, WhatsApp / Telegram (for study purposes)",2026-01-31 18:51:00,Tamil Nadu,State University,B.Tech,1st Year,6.0 – 7.0,2 – 4 hours,"YouTube, Coursera / Udemy / edX, ChatGPT / AI tools, Notion / Anki / Obsidian, WhatsApp / Telegram",5,,,,,,,,
3428,a0844c331d7454600df29956fea1f640e9035aa0e376172eded377ff472dedbe,2026-02-03 12:00:28,Week 1,42,4 – 6 hours,4,4,Sometimes,"ChatGPT, Perplexity AI, Tabnine, Canva AI",1 – 3,4,NaN,4,4,False,,About the same,"YouTube, NPTEL / SWAYAM, Notion / Anki / Obsidian, Physical Notes",2026-01-31 18:46:52,Karnataka,Central University,B.Sc,1st Year,7.0 – 8.0,2 – 4 hours,"NPTEL / SWAYAM, Coursera / Udemy / edX, ChatGPT / AI tools, College LMS, WhatsApp / Telegram, Physical notes",6,,,,,,,,
3429,e9f047d3c2da21e5de56f3abab5c156cedf45843e25e1cc9c00e542a0848fb89,2026-02-03 12:05:44,Week 1,38,2 – 4 hours,3,2,Always,"Google Gemini, Perplexity AI, QuillBot, Codeium, Replit AI, Canva AI, Khanmigo (Khan Academy AI)",10+,4,"No quiet study space, None",3,3,False,,Much better,"YouTube, Coursera / Udemy / edX",2026-02-23 10:04:41,Andhra Pradesh,Central University,B.Tech,2nd Year,7.0 – 8.0,0 – 2 hours,"YouTube, NPTEL / SWAYAM, Coursera / Udemy / edX, Notion / Anki / Obsidian, WhatsApp / Telegram",5,,,,,,,,
3430,c4fc9686cc1b927682fbf989fe97901e479c7d5a214ce073d7cc6062f4682ed6,2026-02-03 12:20:13,Week 1,13,0 – 2 hours,3,4,Always,"ChatGPT, Microsoft Copilot, Claude, Grammarly, Notion AI, GitHub Copilot",3 – 6,3,Poor internet,2,3,False,70.0,About the same,"YouTube, NPTEL / SWAYAM, College LMS, WhatsApp / Telegram (for study purposes), Physical Notes",2026-02-23 10:06:40,Andhra Pradesh,Private University,B.Com,3rd Year,6.0 – 7.0,0 – 2 hours,"Coursera / Udemy / edX, ChatGPT / AI tools, Notion / Anki / Obsidian, WhatsApp / Telegram",4,,,,,,,,
3431,8ded4921661c4a18e633a572258dbd0f9a2c004f4aa3e9e2057a670d47566de6,2026-02-03 12:28:44,Week 1,20,0 – 2 hours,3,4,Always,"ChatGPT, Google Gemini, Microsoft Copilot, Claude, Perplexity AI, QuillBot, Canva AI",3 – 6,3,"Poor internet, Mobile-only access, No quiet study space",2,4,False,50.0,Slightly worse,"Coursera / Udemy / edX, WhatsApp / Telegram (for study purposes), Physical Notes",2026-02-03 11:19:03,Kerala,Private University,B.Sc,3rd Year,Prefer not to say,2 – 4 hours,"NPTEL / SWAYAM, WhatsApp / Telegram, Physical notes",3,,,,,,,,
3432,f8ecea41f5799921e46e5d82b8d41d92dba1fca7a66ca63506cc3c0aab382672,2026-02-03 12:29:41,Week 1,60,6+ hours,3,3,Rarely,"ChatGPT, Google Gemini, Microsoft Copilot, Claude, Perplexity AI, Grammarly, QuillBot, Replit AI, Tabnine, Canva AI, DALL·E, Midjourney",6 – 10,3,"Poor internet, Health / stress issues",3,5,False,90.0,Slightly better,"YouTube, NPTEL / SWAYAM, Coursera / Udemy / edX, College LMS",2026-01-27 17:56:30,Uttar Pradesh,Central University,B.Tech,4th Year,7.0 – 8.0,4 – 6 hours,"YouTube, NPTEL / SWAYAM, Coursera / Udemy / edX, ChatGPT / AI tools, Notion / Anki / Obsidian",5,,,,,,,,
3433,a091d9857e1b26dac9ad43d43de3cfab7f19df9cadb73e095b0b4a74a5e9bc3d,2026-02-03 12:42:02,Week 1,25,4 – 6 hours,4,3,Sometimes,"ChatGPT, Google Gemini, Perplexity AI",3 – 6,4,NaN,4,3,False,85.0,Slightly better,"YouTube, Coursera / Udemy / edX, Notion / Anki / Obsidian",2026-01-27 19:47:23,Tamil Nadu,Deemed University,B.Tech,4th Year,9.0+,0 – 2 hours,"YouTube, ChatGPT / AI tools, WhatsApp / Telegram",3,,,,,,,,
3434,b7c45e43b3e4defcfa15c66053995acfb95306f516892ea504b4a561e64a85b9,2026-02-03 12:43:56,Week 1,20,2 – 4 hours,2,2,Rarely,"Claude, Grammarly",1 – 3,2,Poor internet,2,4,False,75.0,Much worse,College LMS,2026-01-31 18:40:13,Tamil Nadu,IIT / NIT,B.Sc,2nd Year,6.0 – 7.0,0 – 2 hours,"YouTube, NPTEL / SWAYAM, ChatGPT / AI tools",3,,,,,,,,
3435,5e849a6892d6df48c1362529cab706d619efa96a172b3f715bc1f5ccd5ca61ec,2026-02-03 12:46:15,Week 1,15,2 – 4 hours,2,2,Never,"ChatGPT, Microsoft Copilot",0,3,Health / stress issues,3,5,False,,About the same,YouTube,2026-02-02 13:01:28,Uttar Pradesh,IIT / NIT,BA,Others,8.0 – 9.0,2 – 4 hours,"YouTube, ChatGPT / AI tools",2,,,,,,,,
3436,e9f047d3c2da21e5de56f3abab5c156cedf45843e25e1cc9c00e542a0848fb89,2026-02-03 12:51:53,Week 1,35,6+ hours,5,4,Sometimes,"ChatGPT, Claude",6 – 10,5,"Mobile-only access, Health / stress issues",4,2,False,85.0,Slightly better,YouTube,2026-02-23 10:04:41,Andhra Pradesh,Central University,B.Tech,2nd Year,7.0 – 8.0,0 – 2 hours,"YouTube, NPTEL / SWAYAM, Coursera / Udemy / edX, Notion / Anki / Obsidian, WhatsApp / Telegram",5,,,,,,,,
3437,522e39ae01bce33e97b085b9517a3680984adf0d38e718487e3314eb74127ab2,2026-02-03 12:53:19,Week 1,15,0 – 2 hours,2,1,Never,NaN,0,1,Poor internet,2,4,False,,About the same,"YouTube, Physical Notes",2026-01-31 18:48:52,Tamil Nadu,State University,B.Tech,2nd Year,Below 6.0,0 – 2 hours,"YouTube, ChatGPT / AI tools, WhatsApp / Telegram",3,,,,,,,,
3438,86b1b7c8fd97ac6aa33f3f67e3c3652ee35ae2226cc4798385726481eea05f57,2026-02-03 12:55:32,Week 1,25,2 – 4 hours,3,3,Often,ChatGPT,3 – 6,3,NaN,3,3,False,78.0,Slightly better,"YouTube, Coursera / Udemy / edX, College LMS",2026-01-31 18:50:27,Tamil Nadu,Central University,B.Tech,1st Year,7.0 – 8.0,0 – 2 hours,"YouTube, ChatGPT / AI tools, College LMS, WhatsApp / Telegram",4,,,,,,,,
3439,16a56bf3b362259b32e3bc7d18a95d94213241560809ad3c4d5ddba644365acb,2026-02-03 17:14:22,Week 3,30,2 – 4 hours,3,2,Often,"ChatGPT, Google Gemini, GitHub Copilot",10+,5,Health / stress issues,4,5,False,,Slightly better,"YouTube, College LMS",2026-02-19 13:19:58,Tamil Nadu,State University,B.Sc,2nd Year,8.0 – 9.0,2 – 4 hours,"YouTube, NPTEL / SWAYAM, Coursera / Udemy / edX, ChatGPT / AI tools, Notion / Anki / Obsidian",5,,,,,,,,
3440,1dd2975d45d1e27948cae456e3827e3b50778c013fecee985fb0422f4a492ba2,2026-02-05 21:45:35,Week 1,0,4 – 6 hours,3,3,Sometimes,"ChatGPT, Google Gemini, Claude, Perplexity AI, Canva AI",1 – 3,3,NaN,3,3,False,,About the same,"YouTube, NPTEL / SWAYAM, Coursera / Udemy / edX, College LMS, WhatsApp / Telegram (for study purposes)",2026-02-19 13:17:59,Andhra Pradesh,State University,B.Tech,2nd Year,7.0 – 8.0,6+ hours,"YouTube, NPTEL / SWAYAM, Coursera / Udemy / edX, ChatGPT / AI tools, Notion / Anki / Obsidian, College LMS, WhatsApp / Telegram, Physical notes",8,,,,,,,,
3441,3a16c6fa9dbc26f91e12cdd112bec4f2953a34f47097d3424e3f551bb022a684,2026-02-05 21:49:41,Week 1,10,0 – 2 hours,5,3,Sometimes,"ChatGPT, Google Gemini, Microsoft Copilot, Perplexity AI, GitHub Copilot, Canva AI, Khanmigo (Khan Academy AI)",1 – 3,3,"Poor internet, Mobile-only access, No quiet study space",3,5,False,94.0,Much better,"YouTube, NPTEL / SWAYAM, Coursera / Udemy / edX, College LMS, Notion / Anki / Obsidian, WhatsApp / Telegram (for study purposes), Physical Notes",2026-01-31 18:44:48,Tamil Nadu,Private University,BBA,1st Year,6.0 – 7.0,0 – 2 hours,"YouTube, Coursera / Udemy / edX, ChatGPT / AI tools, College LMS, WhatsApp / Telegram, Physical notes",6,,,,,,,,
3442,a091d9857e1b26dac9ad43d43de3cfab7f19df9cadb73e095b0b4a74a5e9bc3d,2026-02-05 21:53:36,Week 1,70,2 – 4 hours,1,1,Sometimes,ChatGPT,10+,3,NaN,2,1,False,,Slightly better,"YouTube, WhatsApp / Telegram (for study purposes)",2026-01-27 19:47:23,Tamil Nadu,Deemed University,B.Tech,4th Year,9.0+,0 – 2 hours,"YouTube, ChatGPT / AI tools, WhatsApp / Telegram",3,,,,,,,,
3443,f72f420debc36def28125c58c71822ce49043914a9406e73923965f87c8cb669,2026-02-05 22:29:26,Week 1,0,0 – 2 hours,1,1,Never,"ChatGPT, Google Gemini, Microsoft Copilot",1 – 3,3,"Poor internet, Mobile-only access, No quiet study space, Health / stress issues",1,4,False,70.0,About the same,YouTube,2026-01-12 23:37:58,Karnataka,Private University,BA,3rd Year,8.0 – 9.0,0 – 2 hours,"YouTube, ChatGPT / AI tools, WhatsApp / Telegram, Physical notes only",4,,,,,,,,
3444,1dd2975d45d1e27948cae456e3827e3b50778c013fecee985fb0422f4a492ba2,2026-02-08 10:09:09,Week 2,1,0 – 2 hours,4,1,Never,"ChatGPT, Google Gemini",3 – 6,5,NaN,5,5,False,,About the same,WhatsApp / Telegram (for study purposes),2026-02-19 13:17:59,Andhra Pradesh,State University,B.Tech,2nd Year,7.0 – 8.0,6+ hours,"YouTube, NPTEL / SWAYAM, Coursera / Udemy / edX, ChatGPT / AI tools, Notion / Anki / Obsidian, College LMS, WhatsApp / Telegram, Physical notes",8,,,,,,,,
3445,9c37b8db9c39e670e8422cf5afe252221762450c6f3d1f72c8ef3cdfe0a584e6,2026-02-16 08:39:48,Week 3,4,0 – 2 hours,3,1,Never,ChatGPT,6 – 10,4,NaN,4,3,False,,About the same,"YouTube, WhatsApp / Telegram (for study purposes)",2026-02-23 10:10:44,Tamil Nadu,State University,B.Sc,2nd Year,7.0 – 8.0,2 – 4 hours,"YouTube, NPTEL / SWAYAM, Coursera / Udemy / edX, ChatGPT / AI tools, College LMS",5,,,,,,,,
3446,d2db0cecaf1edf2f34e8fcb492052acd27453600c6cc493e25700d9c3b289761,2026-02-19 09:15:03,Week 2,6,0 – 2 hours,3,3,Rarely,"ChatGPT, Google Gemini, Claude",1 – 3,4,"Poor internet, No quiet study space",4,4,False,80.0,Slightly better,"YouTube, WhatsApp / Telegram (for study purposes), Physical Notes",2026-02-02 12:56:07,Uttar Pradesh,IIT / NIT,Other,2nd Year,Prefer not to say,2 – 4 hours,"YouTube, Coursera / Udemy / edX",2,,,,,,,,
3447,8773494ab4b07b7f7350b8d37e960ba5d05e7caf5ffbb75a943c63465a604b7f,2026-02-19 09:18:05,Week 3,5,0 – 2 hours,2,2,Rarely,"ChatGPT, Google Gemini",1 – 3,2,"Poor internet, No quiet study space, Health / stress issues",2,4,False,60.0,Slightly worse,"NPTEL / SWAYAM, WhatsApp / Telegram (for study purposes), Physical Notes",2026-01-31 18:47:34,Tamil Nadu,IIT / NIT,B.Tech,2nd Year,9.0+,4 – 6 hours,"YouTube, NPTEL / SWAYAM, Coursera / Udemy / edX, ChatGPT / AI tools, College LMS, WhatsApp / Telegram, Physical notes",7,,,,,,,,
3448,b319601b117de5d02e9d335f82997ad5d2c20f041b094bdd7a67411b8ad1543b,2026-02-19 09:19:09,Week 3,6,0 – 2 hours,3,3,Never,"ChatGPT, Google Gemini, Claude, Perplexity AI, GitHub Copilot",3 – 6,3,"Poor internet, No quiet study space",3,3,False,,About the same,"YouTube, Notion / Anki / Obsidian, WhatsApp / Telegram (for study purposes), Physical Notes",2026-01-31 11:34:19,Tamil Nadu,State University,B.Tech,4th Year,8.0 – 9.0,0 – 2 hours,"YouTube, ChatGPT / AI tools, WhatsApp / Telegram",3,,,,,,,,
3449,74d72de1f5b196019d5bbe209db2b90401f5ea949cebbdda60ac6b0f71acb482,2026-02-19 09:20:04,Week 4,7,2 – 4 hours,3,4,Never,"ChatGPT, Google Gemini, Microsoft Copilot, Claude, Perplexity AI",1 – 3,3,Poor internet,3,4,False,,About the same,"YouTube, WhatsApp / Telegram (for study purposes), Physical Notes",2026-02-02 12:43:28,Madhya Pradesh,Central University,B.Tech,2nd Year,6.0 – 7.0,2 – 4 hours,"YouTube, ChatGPT / AI tools",2,,,,,,,,
3450,b319601b117de5d02e9d335f82997ad5d2c20f041b094bdd7a67411b8ad1543b,2026-02-19 09:21:21,Week 4,7,2 – 4 hours,3,3,Never,"ChatGPT, Google Gemini, GitHub Copilot",1 – 3,2,Health / stress issues,2,3,False,70.0,About the same,"YouTube, WhatsApp / Telegram (for study purposes), Physical Notes",2026-01-31 11:34:19,Tamil Nadu,State University,B.Tech,4th Year,8.0 – 9.0,0 – 2 hours,"YouTube, ChatGPT / AI tools, WhatsApp / Telegram",3,,,,,,,,
3451,8ded4921661c4a18e633a572258dbd0f9a2c004f4aa3e9e2057a670d47566de6,2026-02-19 09:22:29,Week 4,5,0 – 2 hours,1,1,Never,ChatGPT,1 – 3,2,Poor internet,2,2,False,,Slightly worse,YouTube,2026-02-03 11:19:03,Kerala,Private University,B.Sc,3rd Year,Prefer not to say,2 – 4 hours,"NPTEL / SWAYAM, WhatsApp / Telegram, Physical notes",3,,,,,,,,
3452,f8041b50a2c1379ae1a539104ac8cfff2e7475d9225620826e59c80d286afe76,2026-02-19 09:23:22,Week 4,8,2 – 4 hours,4,4,Never,"ChatGPT, Google Gemini, Microsoft Copilot, Claude, GitHub Copilot",3 – 6,4,Poor internet,4,4,False,60.0,Slightly better,"YouTube, WhatsApp / Telegram (for study purposes), Physical Notes",2026-01-31 18:25:54,Andhra Pradesh,Private University,B.Sc,3rd Year,7.0 – 8.0,0 – 2 hours,"YouTube, NPTEL / SWAYAM, Notion / Anki / Obsidian, College LMS, WhatsApp / Telegram",5,,,,,,,,
3453,781a9f368166d71405348c3b65fa0645e7cab12d017be1e369eb8d7a5cd5fb1d,2026-02-22 21:39:27,Week 4,6,0 – 2 hours,5,1,Never,ChatGPT,3 – 6,4,Health / stress issues,3,3,False,80.0,Slightly worse,"WhatsApp / Telegram (for study purposes), Physical Notes",2026-02-02 12:40:04,Maharashtra,IIT / NIT,B.Com,4th Year,7.0 – 8.0,2 – 4 hours,"YouTube, NPTEL / SWAYAM, Coursera / Udemy / edX, ChatGPT / AI tools, Notion / Anki / Obsidian, College LMS, WhatsApp / Telegram, Physical notes",8,,,,,,,,
3454,266344e1c50b449d6d5dbec5b4b1af3236f13cc0b97871acccf3da3697283f82,2026-02-23 10:18:52,Week 1,20,2 – 4 hours,3,3,Sometimes,"ChatGPT, Google Gemini, Microsoft Copilot, Claude, Perplexity AI, Grammarly, GitHub Copilot",3 – 6,4,"Poor internet, Mobile-only access, No quiet study space, Health / stress issues",2,2,False,,About the same,"YouTube, NPTEL / SWAYAM, Coursera / Udemy / edX, College LMS, WhatsApp / Telegram (for study purposes)",2026-01-16 12:24:26,Tamil Nadu,Private University,B.Tech,3rd Year,9.0+,2 – 4 hours,"YouTube, ChatGPT / AI tools, Notion / Anki / Obsidian, WhatsApp / Telegram",4,,,,,,,,
3455,5e849a6892d6df48c1362529cab706d619efa96a172b3f715bc1f5ccd5ca61ec,2026-02-23 10:19:54,Week 1,30,2 – 4 hours,3,3,Often,"ChatGPT, Microsoft Copilot, Perplexity AI, Grammarly, QuillBot, Codeium, Tabnine",3 – 6,4,"Poor internet, No quiet study space, Health / stress issues, None",5,4,False,50.0,About the same,"NPTEL / SWAYAM, College LMS, Notion / Anki / Obsidian",2026-02-02 13:01:28,Uttar Pradesh,IIT / NIT,BA,Others,8.0 – 9.0,2 – 4 hours,"YouTube, ChatGPT / AI tools",2,,,,,,,,
3456,b319601b117de5d02e9d335f82997ad5d2c20f041b094bdd7a67411b8ad1543b,2026-02-23 10:20:56,Week 1,35,4 – 6 hours,4,4,Often,"ChatGPT, Google Gemini, Microsoft Copilot, Perplexity AI, Grammarly, QuillBot",6 – 10,4,"Poor internet, No quiet study space, Health / stress issues",3,4,False,75.0,Slightly better,"YouTube, NPTEL / SWAYAM, Coursera / Udemy / edX, College LMS, Physical Notes",2026-01-31 11:34:19,Tamil Nadu,State University,B.Tech,4th Year,8.0 – 9.0,0 – 2 hours,"YouTube, ChatGPT / AI tools, WhatsApp / Telegram",3,,,,,,,,
3457,48cdb835c278ac6b10eed195f85632896d3be15d20d75197a0b916b2395939a6,2026-02-23 10:22:44,Week 1,30,4 – 6 hours,3,3,Sometimes,"ChatGPT, Google Gemini, Microsoft Copilot, Claude, Notion AI, GitHub Copilot, Codeium",3 – 6,4,"Mobile-only access, No quiet study space",2,3,False,,About the same,"NPTEL / SWAYAM, College LMS, Notion / Anki / Obsidian, WhatsApp / Telegram (for study purposes)",2026-01-27 00:18:46,Telangana,IIT / NIT,B.Sc,3rd Year,7.0 – 8.0,0 – 2 hours,"YouTube, NPTEL / SWAYAM, ChatGPT / AI tools, WhatsApp / Telegram, Physical notes only",5,,,,,,,,
3458,3a16c6fa9dbc26f91e12cdd112bec4f2953a34f47097d3424e3f551bb022a684,2026-02-23 10:23:43,Week 1,40,4 – 6 hours,2,2,Never,"ChatGPT, Google Gemini, Microsoft Copilot, Claude, Perplexity AI, Grammarly, QuillBot, Notion AI, Jasper AI, GitHub Copilot, Codeium, Replit AI, Tabnine",3 – 6,3,No quiet study space,3,4,False,59.0,Slightly worse,"YouTube, NPTEL / SWAYAM, College LMS, Notion / Anki / Obsidian, WhatsApp / Telegram (for study purposes)",2026-01-31 18:44:48,Tamil Nadu,Private University,BBA,1st Year,6.0 – 7.0,0 – 2 hours,"YouTube, Coursera / Udemy / edX, ChatGPT / AI tools, College LMS, WhatsApp / Telegram, Physical notes",6,,,,,,,,
3459,2b17d11e7d9c1af7a7fed72e60e90a5ee797f0b6e0cc8645592f6fdc2ad13cd2,2026-02-23 10:35:09,Week 2,45,4 – 6 hours,4,2,Rarely,"ChatGPT, Google Gemini, Microsoft Copilot, Claude, Perplexity AI, Grammarly, Jasper AI, Tabnine, Canva AI, Adobe Firefly",6 – 10,4,Mobile-only access,4,4,False,80.0,Slightly better,"YouTube, Coursera / Udemy / edX, Notion / Anki / Obsidian, Physical Notes",2026-01-31 18:51:00,Tamil Nadu,State University,B.Tech,1st Year,6.0 – 7.0,2 – 4 hours,"YouTube, Coursera / Udemy / edX, ChatGPT / AI tools, Notion / Anki / Obsidian, WhatsApp / Telegram",5,,,,,,,,
3460,f8041b50a2c1379ae1a539104ac8cfff2e7475d9225620826e59c80d286afe76,2026-02-23 10:35:57,Week 2,50,4 – 6 hours,2,2,Rarely,"ChatGPT, Google Gemini, Microsoft Copilot, Claude, Grammarly, Jasper AI, Codeium, Replit AI, DALL·E, Adobe Firefly, Khanmigo (Khan Academy AI)",6 – 10,4,NaN,4,3,False,90.0,Slightly better,"YouTube, NPTEL / SWAYAM, Coursera / Udemy / edX, College LMS, Notion / Anki / Obsidian",2026-01-31 18:25:54,Andhra Pradesh,Private University,B.Sc,3rd Year,7.0 – 8.0,0 – 2 hours,"YouTube, NPTEL / SWAYAM, Notion / Anki / Obsidian, College LMS, WhatsApp / Telegram",5,,,,,,,,
3461,9c37b8db9c39e670e8422cf5afe252221762450c6f3d1f72c8ef3cdfe0a584e6,2026-02-23 10:36:55,Week 2,60,6+ hours,3,3,Sometimes,"ChatGPT, Google Gemini, Microsoft Copilot, Claude, Grammarly, QuillBot, Jasper AI, Codeium, Tabnine, Canva AI, Adobe Firefly",10+,5,Health / stress issues,5,5,False,80.0,Slightly better,"YouTube, NPTEL / SWAYAM, Coursera / Udemy / edX, College LMS, Notion / Anki / Obsidian, WhatsApp / Telegram (for study purposes), Physical Notes",2026-02-23 10:10:44,Tamil Nadu,State University,B.Sc,2nd Year,7.0 – 8.0,2 – 4 hours,"YouTube, NPTEL / SWAYAM, Coursera / Udemy / edX, ChatGPT / AI tools, College LMS",5,,,,,,,,
3462,f8041b50a2c1379ae1a539104ac8cfff2e7475d9225620826e59c80d286afe76,2026-02-23 10:37:44,Week 2,70,6+ hours,3,3,Sometimes,"ChatGPT, Google Gemini, Microsoft Copilot, Claude, Perplexity AI, Grammarly, QuillBot, Notion AI, Codeium, Replit AI, Canva AI, DALL·E, Midjourney, Adobe Firefly",6 – 10,4,"Poor internet, No quiet study space, Health / stress issues",5,4,False,,About the same,"YouTube, NPTEL / SWAYAM, Coursera / Udemy / edX, College LMS, Notion / Anki / Obsidian, WhatsApp / Telegram (for study purposes), Physical Notes",2026-01-31 18:25:54,Andhra Pradesh,Private University,B.Sc,3rd Year,7.0 – 8.0,0 – 2 hours,"YouTube, NPTEL / SWAYAM, Notion / Anki / Obsidian, College LMS, WhatsApp / Telegram",5,,,,,,,,
3463,219d4ac6903fffab5ab1d64d6ed0b331adcc691f0e116fb7f62cefba91f7b0ec,2026-02-23 10:38:39,Week 2,60,6+ hours,3,3,Often,"ChatGPT, Google Gemini, Microsoft Copilot, Claude, Perplexity AI, Grammarly, Jasper AI, GitHub Copilot, Canva AI",6 – 10,3,NaN,4,4,False,75.0,Much better,"YouTube, NPTEL / SWAYAM, Coursera / Udemy / edX, College LMS, Notion / Anki / Obsidian, WhatsApp / Telegram (for study purposes), Physical Notes",2025-12-26 18:34:24,Andhra Pradesh,Private University,B.Tech,3rd Year,9.0+,0 – 2 hours,ChatGPT / AI tools,1,,,,,,,,
3464,c4fc9686cc1b927682fbf989fe97901e479c7d5a214ce073d7cc6062f4682ed6,2026-02-23 10:40:54,Week 2,70,6+ hours,4,1,Often,"ChatGPT, Google Gemini, Microsoft Copilot, Claude, Perplexity AI, Grammarly, QuillBot, Notion AI, GitHub Copilot, DALL·E",10+,4,Health / stress issues,4,4,False,85.0,About the same,"YouTube, NPTEL / SWAYAM, Coursera / Udemy / edX, College LMS, Notion / Anki / Obsidian, WhatsApp / Telegram (for study purposes), Physical Notes",2026-02-23 10:06:40,Andhra Pradesh,Private University,B.Com,3rd Year,6.0 – 7.0,0 – 2 hours,"Coursera / Udemy / edX, ChatGPT / AI tools, Notion / Anki / Obsidian, WhatsApp / Telegram",4,,,,,,,,
3465,132137538b93be89ed6c9815b322a7a0f58530b8c229d1809265140f5cb8c398,2026-02-23 10:42:01,Week 2,65,6+ hours,4,2,Sometimes,"ChatGPT, Google Gemini, Microsoft Copilot, Claude, Perplexity AI, Grammarly, QuillBot, Notion AI, Codeium",6 – 10,4,Health / stress issues,3,3,False,70.0,Much better,"YouTube, NPTEL / SWAYAM, Coursera / Udemy / edX, College LMS, Notion / Anki / Obsidian, WhatsApp / Telegram (for study purposes), Physical Notes",2026-01-13 19:44:22,Tamil Nadu,Deemed University,B.Tech,3rd Year,7.0 – 8.0,2 – 4 hours,"YouTube, ChatGPT / AI tools",2,,,,,,,,
3466,ef4aca4b5a9ddc8cfe1cda04eef5cb540a47e603dac29e3f59b7bdd1a387191d,2026-02-23 10:42:59,Week 2,55,6+ hours,5,5,Always,"ChatGPT, Google Gemini, Microsoft Copilot, Claude, Perplexity AI, Grammarly, QuillBot, Jasper AI, GitHub Copilot, Replit AI",10+,5,No quiet study space,5,5,False,80.0,Slightly better,"YouTube, NPTEL / SWAYAM, Coursera / Udemy / edX, College LMS, WhatsApp / Telegram (for study purposes)",2026-02-02 12:52:17,Maharashtra,Private University,B.Tech,Others,6.0 – 7.0,2 – 4 hours,"YouTube, ChatGPT / AI tools",2,,,,,,,,
3467,74d72de1f5b196019d5bbe209db2b90401f5ea949cebbdda60ac6b0f71acb482,2026-02-23 10:44:12,Week 2,50,6+ hours,5,2,Sometimes,"ChatGPT, Google Gemini, Microsoft Copilot, Claude, Perplexity AI, Grammarly, Notion AI, Codeium, Tabnine, Canva AI",10+,5,Mobile-only access,5,4,False,66.0,Slightly worse,"YouTube, NPTEL / SWAYAM, Coursera / Udemy / edX, College LMS, Notion / Anki / Obsidian, WhatsApp / Telegram (for study purposes), Physical Notes",2026-02-02 12:43:28,Madhya Pradesh,Central University,B.Tech,2nd Year,6.0 – 7.0,2 – 4 hours,"YouTube, ChatGPT / AI tools",2,,,,,,,,
3468,3d83828233d057f5e1e37a4c9e784850077d6638768e69b0f6b5d4e5e2dfc994,2026-02-23 10:45:06,Week 2,60,6+ hours,5,3,Sometimes,"ChatGPT, Google Gemini, Microsoft Copilot, Claude, Perplexity AI, Grammarly, QuillBot, Notion AI, GitHub Copilot, Replit AI, Canva AI, Adobe Firefly",6 – 10,4,"Poor internet, No quiet study space",5,4,False,56.0,Much worse,"YouTube, NPTEL / SWAYAM, Coursera / Udemy / edX, College LMS, Notion / Anki / Obsidian, WhatsApp / Telegram (for study purposes), Physical Notes",2026-01-12 21:41:37,Tamil Nadu,Private University,B.Tech,3rd Year,8.0 – 9.0,0 – 2 hours,"YouTube, ChatGPT / AI tools",2,,,,,,,,
3469,e14fc3506630213cf4dbb3dddf035e19aad46cfaf81f1761b7791f1f48a64d67,2026-02-23 10:46:14,Week 2,56,6+ hours,5,2,Sometimes,"ChatGPT, Google Gemini, Microsoft Copilot, Claude, Perplexity AI, Grammarly, QuillBot, Notion AI",10+,4,"Poor internet, Mobile-only access",3,3,False,60.0,Slightly worse,"YouTube, NPTEL / SWAYAM, Coursera / Udemy / edX, College LMS, Notion / Anki / Obsidian, WhatsApp / Telegram (for study purposes), Physical Notes",2026-02-02 12:45:31,Madhya Pradesh,Central University,B.Tech,3rd Year,8.0 – 9.0,2 – 4 hours,"ChatGPT / AI tools, WhatsApp / Telegram",2,,,,,,,,
3497,8bfc27000534160835a23ec100f95667b3894c6b3e90a6027721d3322ad782dc,2026-02-26 10:10:18,Week 3,10,0 – 2 hours,1,1,Never,ChatGPT,1 – 3,2,NaN,1,1,False,,Much worse,YouTube,2026-02-05 21:46:59,Telangana,Private University,B.Tech,3rd Year,9.0+,0 – 2 hours,"YouTube, ChatGPT / AI tools, Physical notes",3,,,,,,,,
3470,81ddebb1fc0e6b009a5655dea87854093d1374914f03d128e615c955c9007504,2026-02-23 10:47:04,Week 2,60,4 – 6 hours,4,5,Sometimes,"ChatGPT, Google Gemini, Microsoft Copilot, Claude, Perplexity AI, Grammarly, QuillBot, Notion AI, Jasper AI",10+,5,Poor internet,5,5,False,75.0,About the same,"YouTube, College LMS, WhatsApp / Telegram (for study purposes), Physical Notes",2026-01-12 20:20:23,Tamil Nadu,Private University,B.Tech,3rd Year,7.0 – 8.0,2 – 4 hours,"YouTube, ChatGPT / AI tools, WhatsApp / Telegram, Physical notes only",4,,,,,,,,
3471,781a9f368166d71405348c3b65fa0645e7cab12d017be1e369eb8d7a5cd5fb1d,2026-02-23 10:48:16,Week 2,45,4 – 6 hours,5,3,Often,"ChatGPT, Google Gemini, Claude, Perplexity AI, Grammarly",6 – 10,4,Poor internet,5,4,False,90.0,Slightly better,"YouTube, NPTEL / SWAYAM, College LMS, WhatsApp / Telegram (for study purposes)",2026-02-02 12:40:04,Maharashtra,IIT / NIT,B.Com,4th Year,7.0 – 8.0,2 – 4 hours,"YouTube, NPTEL / SWAYAM, Coursera / Udemy / edX, ChatGPT / AI tools, Notion / Anki / Obsidian, College LMS, WhatsApp / Telegram, Physical notes",8,,,,,,,,
3472,f8ecea41f5799921e46e5d82b8d41d92dba1fca7a66ca63506cc3c0aab382672,2026-02-23 10:49:33,Week 3,20,2 – 4 hours,2,2,Rarely,"ChatGPT, Google Gemini",3 – 6,3,Poor internet,2,2,False,,Slightly worse,"YouTube, WhatsApp / Telegram (for study purposes)",2026-01-27 17:56:30,Uttar Pradesh,Central University,B.Tech,4th Year,7.0 – 8.0,4 – 6 hours,"YouTube, NPTEL / SWAYAM, Coursera / Udemy / edX, ChatGPT / AI tools, Notion / Anki / Obsidian",5,,,,,,,,
3473,6cdee50dedfbbd1a46317cf81321165ab42071b577d2f1514daac32cb4160095,2026-02-23 11:07:02,Week 3,40,4 – 6 hours,3,3,Sometimes,"ChatGPT, Google Gemini, Microsoft Copilot, Claude, Perplexity AI, Grammarly",3 – 6,2,NaN,3,3,False,,Slightly worse,"YouTube, College LMS, Notion / Anki / Obsidian",2026-02-02 12:39:28,Gujarat,Private University,B.Tech,3rd Year,8.0 – 9.0,6+ hours,NaN,1,,,,,,,,
3474,e14fc3506630213cf4dbb3dddf035e19aad46cfaf81f1761b7791f1f48a64d67,2026-02-23 11:07:50,Week 3,30,2 – 4 hours,2,2,Rarely,"ChatGPT, Google Gemini, Perplexity AI, Grammarly",1 – 3,2,NaN,3,3,False,,Slightly worse,"YouTube, NPTEL / SWAYAM, Coursera / Udemy / edX, College LMS",2026-02-02 12:45:31,Madhya Pradesh,Central University,B.Tech,3rd Year,8.0 – 9.0,2 – 4 hours,"ChatGPT / AI tools, WhatsApp / Telegram",2,,,,,,,,
3475,63c23cf4b390284f3ce1175699f5efa501022ba212fe21be99dc9e2d21deebbf,2026-02-23 11:08:32,Week 3,30,4 – 6 hours,2,2,Sometimes,"ChatGPT, Google Gemini, Microsoft Copilot, Claude, Perplexity AI",1 – 3,2,Poor internet,2,2,False,,Much worse,"YouTube, NPTEL / SWAYAM, Coursera / Udemy / edX, College LMS",2026-02-02 12:38:59,Rajasthan,State University,B.Sc,2nd Year,7.0 – 8.0,4 – 6 hours,"Coursera / Udemy / edX, ChatGPT / AI tools, Notion / Anki / Obsidian, College LMS, Physical notes",5,,,,,,,,
3476,ace8e293cc91c35e822f9101bc4e97d2ad904d1e130b4402fd6a6642f245665e,2026-02-23 11:09:19,Week 3,30,2 – 4 hours,3,3,Sometimes,"ChatGPT, Google Gemini, Microsoft Copilot, Claude, Perplexity AI, QuillBot",1 – 3,3,NaN,3,3,False,,About the same,"YouTube, NPTEL / SWAYAM, Coursera / Udemy / edX, College LMS",2026-02-23 10:12:43,Kerala,State University,B.Tech,2nd Year,6.0 – 7.0,0 – 2 hours,"NPTEL / SWAYAM, Notion / Anki / Obsidian",2,,,,,,,,
3477,ea6dc2fae8a61411b9d6de51699ca6787330c0036ffedddf4a649648fefe8732,2026-02-23 11:12:41,Week 3,20,2 – 4 hours,3,3,Sometimes,"ChatGPT, Google Gemini, Microsoft Copilot, Claude, Perplexity AI, Grammarly, QuillBot",1 – 3,3,Health / stress issues,2,2,False,,Slightly worse,"YouTube, NPTEL / SWAYAM, Coursera / Udemy / edX, College LMS, Notion / Anki / Obsidian",2026-01-31 18:48:18,Andhra Pradesh,Private University,B.Tech,4th Year,7.0 – 8.0,2 – 4 hours,"YouTube, ChatGPT / AI tools, College LMS, WhatsApp / Telegram",4,,,,,,,,
3478,522e39ae01bce33e97b085b9517a3680984adf0d38e718487e3314eb74127ab2,2026-02-23 11:13:20,Week 3,20,2 – 4 hours,2,2,Rarely,"ChatGPT, Google Gemini, Microsoft Copilot, Claude",1 – 3,2,NaN,3,2,False,,About the same,"YouTube, Coursera / Udemy / edX, Notion / Anki / Obsidian",2026-01-31 18:48:52,Tamil Nadu,State University,B.Tech,2nd Year,Below 6.0,0 – 2 hours,"YouTube, ChatGPT / AI tools, WhatsApp / Telegram",3,,,,,,,,
3479,8ded4921661c4a18e633a572258dbd0f9a2c004f4aa3e9e2057a670d47566de6,2026-02-23 11:14:00,Week 4,10,0 – 2 hours,1,1,Never,"ChatGPT, Google Gemini",1 – 3,2,Poor internet,1,1,False,,Much worse,"YouTube, Coursera / Udemy / edX",2026-02-03 11:19:03,Kerala,Private University,B.Sc,3rd Year,Prefer not to say,2 – 4 hours,"NPTEL / SWAYAM, WhatsApp / Telegram, Physical notes",3,,,,,,,,
3480,e9f047d3c2da21e5de56f3abab5c156cedf45843e25e1cc9c00e542a0848fb89,2026-02-24 12:14:09,Week 2,50,6+ hours,4,4,Sometimes,"ChatGPT, Google Gemini, Microsoft Copilot, Claude, Grammarly, QuillBot, Notion AI, Midjourney, Adobe Firefly, Khanmigo (Khan Academy AI)",6 – 10,5,"Poor internet, Mobile-only access, Health / stress issues",3,3,False,60.0,About the same,"YouTube, NPTEL / SWAYAM, Coursera / Udemy / edX, College LMS, Notion / Anki / Obsidian, WhatsApp / Telegram (for study purposes)",2026-02-23 10:04:41,Andhra Pradesh,Central University,B.Tech,2nd Year,7.0 – 8.0,0 – 2 hours,"YouTube, NPTEL / SWAYAM, Coursera / Udemy / edX, Notion / Anki / Obsidian, WhatsApp / Telegram",5,,,,,,,,
3481,5e849a6892d6df48c1362529cab706d619efa96a172b3f715bc1f5ccd5ca61ec,2026-02-24 12:16:26,Week 2,40,4 – 6 hours,3,3,Sometimes,"ChatGPT, Google Gemini, Microsoft Copilot, Claude, Perplexity AI, Grammarly, QuillBot, GitHub Copilot, Codeium",6 – 10,4,"Poor internet, Mobile-only access, No quiet study space",3,3,False,70.0,Slightly better,"YouTube, NPTEL / SWAYAM, Coursera / Udemy / edX, College LMS, Notion / Anki / Obsidian, Physical Notes",2026-02-02 13:01:28,Uttar Pradesh,IIT / NIT,BA,Others,8.0 – 9.0,2 – 4 hours,"YouTube, ChatGPT / AI tools",2,,,,,,,,
3482,b7c45e43b3e4defcfa15c66053995acfb95306f516892ea504b4a561e64a85b9,2026-02-25 23:11:19,Week 3,4,2 – 4 hours,3,3,Sometimes,"ChatGPT, Microsoft Copilot, QuillBot",1 – 3,3,No quiet study space,3,3,False,,Slightly worse,YouTube,2026-01-31 18:40:13,Tamil Nadu,IIT / NIT,B.Sc,2nd Year,6.0 – 7.0,0 – 2 hours,"YouTube, NPTEL / SWAYAM, ChatGPT / AI tools",3,,,,,,,,
3483,132137538b93be89ed6c9815b322a7a0f58530b8c229d1809265140f5cb8c398,2026-02-26 00:09:17,Week 3,2,0 – 2 hours,2,2,Rarely,ChatGPT,1 – 3,2,Poor internet,2,2,False,,Slightly worse,NaN,2026-01-13 19:44:22,Tamil Nadu,Deemed University,B.Tech,3rd Year,7.0 – 8.0,2 – 4 hours,"YouTube, ChatGPT / AI tools",2,,,,,,,,
3484,1dd2975d45d1e27948cae456e3827e3b50778c013fecee985fb0422f4a492ba2,2026-02-26 00:14:22,Week 2,9,6+ hours,5,5,Often,"ChatGPT, Google Gemini, Claude",3 – 6,4,NaN,4,5,False,,Much better,"YouTube, WhatsApp / Telegram (for study purposes), Physical Notes",2026-02-19 13:17:59,Andhra Pradesh,State University,B.Tech,2nd Year,7.0 – 8.0,6+ hours,"YouTube, NPTEL / SWAYAM, Coursera / Udemy / edX, ChatGPT / AI tools, Notion / Anki / Obsidian, College LMS, WhatsApp / Telegram, Physical notes",8,,,,,,,,
3485,e9f047d3c2da21e5de56f3abab5c156cedf45843e25e1cc9c00e542a0848fb89,2026-02-26 00:14:46,Week 1,68,4 – 6 hours,4,4,Often,"ChatGPT, Google Gemini, Microsoft Copilot, Claude, Perplexity AI",10+,5,NaN,4,4,False,,Slightly better,YouTube,2026-02-23 10:04:41,Andhra Pradesh,Central University,B.Tech,2nd Year,7.0 – 8.0,0 – 2 hours,"YouTube, NPTEL / SWAYAM, Coursera / Udemy / edX, Notion / Anki / Obsidian, WhatsApp / Telegram",5,,,,,,,,
3486,8773494ab4b07b7f7350b8d37e960ba5d05e7caf5ffbb75a943c63465a604b7f,2026-02-26 00:16:28,Week 2,68,6+ hours,5,5,Always,"ChatGPT, Google Gemini, Microsoft Copilot, Claude, Perplexity AI",10+,5,NaN,5,5,False,80.0,Much better,"YouTube, College LMS, WhatsApp / Telegram (for study purposes), Physical Notes",2026-01-31 18:47:34,Tamil Nadu,IIT / NIT,B.Tech,2nd Year,9.0+,4 – 6 hours,"YouTube, NPTEL / SWAYAM, Coursera / Udemy / edX, ChatGPT / AI tools, College LMS, WhatsApp / Telegram, Physical notes",7,,,,,,,,
3487,781a9f368166d71405348c3b65fa0645e7cab12d017be1e369eb8d7a5cd5fb1d,2026-02-26 00:17:35,Week 3,50,4 – 6 hours,3,3,Sometimes,ChatGPT,3 – 6,4,NaN,2,2,False,,Slightly worse,YouTube,2026-02-02 12:40:04,Maharashtra,IIT / NIT,B.Com,4th Year,7.0 – 8.0,2 – 4 hours,"YouTube, NPTEL / SWAYAM, Coursera / Udemy / edX, ChatGPT / AI tools, Notion / Anki / Obsidian, College LMS, WhatsApp / Telegram, Physical notes",8,,,,,,,,
3488,74d72de1f5b196019d5bbe209db2b90401f5ea949cebbdda60ac6b0f71acb482,2026-02-26 00:18:16,Week 4,2,0 – 2 hours,2,2,Rarely,NaN,0,1,NaN,1,1,False,,Much worse,NaN,2026-02-02 12:43:28,Madhya Pradesh,Central University,B.Tech,2nd Year,6.0 – 7.0,2 – 4 hours,"YouTube, ChatGPT / AI tools",2,,,,,,,,
3489,caf626adf6b1139006e560ca8cc80b33ca449dfd93d89557b2b5dca8a09ea07f,2026-02-26 00:18:30,Week 4,40,2 – 4 hours,3,3,Never,ChatGPT,1 – 3,3,NaN,3,1,False,,Much worse,YouTube,2026-02-23 10:06:05,Karnataka,Private University,BA,3rd Year,7.0 – 8.0,2 – 4 hours,"YouTube, NPTEL / SWAYAM, Coursera / Udemy / edX, ChatGPT / AI tools, Notion / Anki / Obsidian, WhatsApp / Telegram",6,,,,,,,,
3490,86b1b7c8fd97ac6aa33f3f67e3c3652ee35ae2226cc4798385726481eea05f57,2026-02-26 09:56:15,Week 1,67,6+ hours,4,4,Often,"ChatGPT, Google Gemini, Microsoft Copilot, Claude, Perplexity AI",6 – 10,4,NaN,4,4,False,,Slightly better,"YouTube, College LMS, WhatsApp / Telegram (for study purposes), Physical Notes",2026-01-31 18:50:27,Tamil Nadu,Central University,B.Tech,1st Year,7.0 – 8.0,0 – 2 hours,"YouTube, ChatGPT / AI tools, College LMS, WhatsApp / Telegram",4,,,,,,,,
3491,3d83828233d057f5e1e37a4c9e784850077d6638768e69b0f6b5d4e5e2dfc994,2026-02-26 09:57:57,Week 2,69,6+ hours,5,5,Always,"ChatGPT, Google Gemini, Microsoft Copilot, Claude, Perplexity AI, Canva AI",10+,5,NaN,5,5,False,80.0,Much better,"YouTube, College LMS, WhatsApp / Telegram (for study purposes), Physical Notes",2026-01-12 21:41:37,Tamil Nadu,Private University,B.Tech,3rd Year,8.0 – 9.0,0 – 2 hours,"YouTube, ChatGPT / AI tools",2,,,,,,,,
3492,32b68dc8923730efba7e69129bcc4d5555495cc9359174e99e3d50570ce6de44,2026-02-26 10:04:30,Week 3,46,4 – 6 hours,3,3,Sometimes,"ChatGPT, Microsoft Copilot",3 – 6,2,NaN,3,2,False,,Slightly worse,"YouTube, College LMS, WhatsApp / Telegram (for study purposes), Physical Notes",2026-01-31 14:55:58,Kerala,State University,B.Sc,1st Year,7.0 – 8.0,0 – 2 hours,"YouTube, ChatGPT / AI tools, College LMS, WhatsApp / Telegram",4,,,,,,,,
3493,3d83828233d057f5e1e37a4c9e784850077d6638768e69b0f6b5d4e5e2dfc994,2026-02-26 10:05:56,Week 3,20,2 – 4 hours,2,2,Never,"ChatGPT, Google Gemini",1 – 3,2,NaN,2,1,False,,Slightly better,YouTube,2026-01-12 21:41:37,Tamil Nadu,Private University,B.Tech,3rd Year,8.0 – 9.0,0 – 2 hours,"YouTube, ChatGPT / AI tools",2,,,,,,,,
3494,16a56bf3b362259b32e3bc7d18a95d94213241560809ad3c4d5ddba644365acb,2026-02-26 10:07:56,Week 3,10,0 – 2 hours,1,1,Never,"ChatGPT, Google Gemini",1 – 3,2,NaN,1,1,False,,Much worse,"YouTube, College LMS",2026-02-19 13:19:58,Tamil Nadu,State University,B.Sc,2nd Year,8.0 – 9.0,2 – 4 hours,"YouTube, NPTEL / SWAYAM, Coursera / Udemy / edX, ChatGPT / AI tools, Notion / Anki / Obsidian",5,,,,,,,,
3495,e14fc3506630213cf4dbb3dddf035e19aad46cfaf81f1761b7791f1f48a64d67,2026-02-26 10:07:59,Week 3,17,6+ hours,3,3,Sometimes,"ChatGPT, Perplexity AI",6 – 10,4,NaN,4,3,False,,About the same,"YouTube, WhatsApp / Telegram (for study purposes), Physical Notes",2026-02-02 12:45:31,Madhya Pradesh,Central University,B.Tech,3rd Year,8.0 – 9.0,2 – 4 hours,"ChatGPT / AI tools, WhatsApp / Telegram",2,,,,,,,,
3498,f72f420debc36def28125c58c71822ce49043914a9406e73923965f87c8cb669,2026-02-26 10:11:24,Week 3,10,0 – 2 hours,2,2,Never,"ChatGPT, Google Gemini",1 – 3,1,NaN,2,1,False,,Much worse,YouTube,2026-01-12 23:37:58,Karnataka,Private University,BA,3rd Year,8.0 – 9.0,0 – 2 hours,"YouTube, ChatGPT / AI tools, WhatsApp / Telegram, Physical notes only",4,,,,,,,,
3499,8ded4921661c4a18e633a572258dbd0f9a2c004f4aa3e9e2057a670d47566de6,2026-02-26 10:12:20,Week 3,10,2 – 4 hours,1,1,Never,ChatGPT,1 – 3,1,NaN,1,2,False,,Slightly worse,YouTube,2026-02-03 11:19:03,Kerala,Private University,B.Sc,3rd Year,Prefer not to say,2 – 4 hours,"NPTEL / SWAYAM, WhatsApp / Telegram, Physical notes",3,,,,,,,,
3500,5e849a6892d6df48c1362529cab706d619efa96a172b3f715bc1f5ccd5ca61ec,2026-02-26 10:13:20,Week 3,10,2 – 4 hours,1,1,Never,"ChatGPT, Google Gemini",1 – 3,2,NaN,2,1,False,,Slightly worse,YouTube,2026-02-02 13:01:28,Uttar Pradesh,IIT / NIT,BA,Others,8.0 – 9.0,2 – 4 hours,"YouTube, ChatGPT / AI tools",2,,,,,,,,
3501,27d91473394ea1f8f97a8f1740492902f4ab1abbfe0b003e4536904eaba6dca0,2026-02-26 10:14:20,Week 3,10,0 – 2 hours,1,1,Never,ChatGPT,1 – 3,2,NaN,2,1,False,,Much worse,YouTube,2026-01-31 18:43:28,Tamil Nadu,IIT / NIT,B.Tech,3rd Year,7.0 – 8.0,2 – 4 hours,"YouTube, NPTEL / SWAYAM, Coursera / Udemy / edX, ChatGPT / AI tools, Notion / Anki / Obsidian, College LMS, WhatsApp / Telegram, Physical notes",8,,,,,,,,
3502,74d72de1f5b196019d5bbe209db2b90401f5ea949cebbdda60ac6b0f71acb482,2026-02-26 10:14:42,Week 4,10,6+ hours,2,2,Sometimes,"ChatGPT, Google Gemini",3 – 6,4,No quiet study space,3,3,False,,About the same,"YouTube, Coursera / Udemy / edX",2026-02-02 12:43:28,Madhya Pradesh,Central University,B.Tech,2nd Year,6.0 – 7.0,2 – 4 hours,"YouTube, ChatGPT / AI tools",2,,,,,,,,
3503,a0844c331d7454600df29956fea1f640e9035aa0e376172eded377ff472dedbe,2026-02-26 10:15:38,Week 3,8,2 – 4 hours,1,1,Never,Google Gemini,1 – 3,1,NaN,1,1,False,,Slightly worse,YouTube,2026-01-31 18:46:52,Karnataka,Central University,B.Sc,1st Year,7.0 – 8.0,2 – 4 hours,"NPTEL / SWAYAM, Coursera / Udemy / edX, ChatGPT / AI tools, College LMS, WhatsApp / Telegram, Physical notes",6,,,,,,,,
3504,27d91473394ea1f8f97a8f1740492902f4ab1abbfe0b003e4536904eaba6dca0,2026-02-26 10:17:37,Week 3,9,0 – 2 hours,1,2,Never,ChatGPT,1 – 3,1,NaN,1,1,False,,Slightly worse,YouTube,2026-01-31 18:43:28,Tamil Nadu,IIT / NIT,B.Tech,3rd Year,7.0 – 8.0,2 – 4 hours,"YouTube, NPTEL / SWAYAM, Coursera / Udemy / edX, ChatGPT / AI tools, Notion / Anki / Obsidian, College LMS, WhatsApp / Telegram, Physical notes",8,,,,,,,,
3505,6cdee50dedfbbd1a46317cf81321165ab42071b577d2f1514daac32cb4160095,2026-02-26 10:18:30,Week 3,6,0 – 2 hours,1,1,Never,ChatGPT,1 – 3,1,NaN,1,1,False,,Much worse,YouTube,2026-02-02 12:39:28,Gujarat,Private University,B.Tech,3rd Year,8.0 – 9.0,6+ hours,NaN,1,,,,,,,,
3506,16a56bf3b362259b32e3bc7d18a95d94213241560809ad3c4d5ddba644365acb,2026-02-26 10:19:45,Week 3,8,0 – 2 hours,1,1,Never,ChatGPT,0,1,NaN,1,1,False,,Much worse,YouTube,2026-02-19 13:19:58,Tamil Nadu,State University,B.Sc,2nd Year,8.0 – 9.0,2 – 4 hours,"YouTube, NPTEL / SWAYAM, Coursera / Udemy / edX, ChatGPT / AI tools, Notion / Anki / Obsidian",5,,,,,,,,
3507,49c29b44c0f2dba949371e3de5aaea4ace47ef333c771bda5ab86551a01e7a7d,2026-02-26 10:21:01,Week 3,35,2 – 4 hours,2,2,Rarely,Google Gemini,1 – 3,1,NaN,1,2,False,,Slightly worse,YouTube,2026-02-02 12:49:39,Uttar Pradesh,Central University,B.Tech,Others,8.0 – 9.0,2 – 4 hours,"YouTube, ChatGPT / AI tools",2,,,,,,,,
3508,ace8e293cc91c35e822f9101bc4e97d2ad904d1e130b4402fd6a6642f245665e,2026-02-26 10:21:57,Week 3,5,0 – 2 hours,1,1,Never,ChatGPT,0,1,NaN,1,1,False,,Much worse,YouTube,2026-02-23 10:12:43,Kerala,State University,B.Tech,2nd Year,6.0 – 7.0,0 – 2 hours,"NPTEL / SWAYAM, Notion / Anki / Obsidian",2,,,,,,,,
3509,b7c45e43b3e4defcfa15c66053995acfb95306f516892ea504b4a561e64a85b9,2026-02-26 10:22:53,Week 3,5,0 – 2 hours,1,1,Never,ChatGPT,1 – 3,2,NaN,1,1,False,,Much worse,YouTube,2026-01-31 18:40:13,Tamil Nadu,IIT / NIT,B.Sc,2nd Year,6.0 – 7.0,0 – 2 hours,"YouTube, NPTEL / SWAYAM, ChatGPT / AI tools",3,,,,,,,,
3510,cf47f395a464caa7ab1da1745c2d650002296d75e8eac41561b430a83f4382f8,2026-02-26 10:23:52,Week 3,6,0 – 2 hours,1,1,Never,Google Gemini,0,1,NaN,1,1,False,,Much worse,YouTube,2026-01-31 18:49:58,Tamil Nadu,Central University,B.Sc,3rd Year,7.0 – 8.0,2 – 4 hours,"YouTube, NPTEL / SWAYAM, Coursera / Udemy / edX, ChatGPT / AI tools, Notion / Anki / Obsidian",5,,,,,,,,
3511,781a9f368166d71405348c3b65fa0645e7cab12d017be1e369eb8d7a5cd5fb1d,2026-02-26 10:25:56,Week 3,2,0 – 2 hours,1,1,Never,ChatGPT,1 – 3,1,NaN,1,1,False,,Slightly worse,YouTube,2026-02-02 12:40:04,Maharashtra,IIT / NIT,B.Com,4th Year,7.0 – 8.0,2 – 4 hours,"YouTube, NPTEL / SWAYAM, Coursera / Udemy / edX, ChatGPT / AI tools, Notion / Anki / Obsidian, College LMS, WhatsApp / Telegram, Physical notes",8,,,,,,,,
3512,6cdee50dedfbbd1a46317cf81321165ab42071b577d2f1514daac32cb4160095,2026-02-26 10:27:04,Week 3,4,0 – 2 hours,1,1,Never,"Claude, GitHub Copilot",1 – 3,1,NaN,1,1,False,,Much worse,YouTube,2026-02-02 12:39:28,Gujarat,Private University,B.Tech,3rd Year,8.0 – 9.0,6+ hours,NaN,1,,,,,,,,
3513,74d72de1f5b196019d5bbe209db2b90401f5ea949cebbdda60ac6b0f71acb482,2026-02-26 10:28:22,Week 3,4,0 – 2 hours,1,1,Never,ChatGPT,0,1,NaN,1,1,False,,Much worse,YouTube,2026-02-02 12:43:28,Madhya Pradesh,Central University,B.Tech,2nd Year,6.0 – 7.0,2 – 4 hours,"YouTube, ChatGPT / AI tools",2,,,,,,,,
3514,81ddebb1fc0e6b009a5655dea87854093d1374914f03d128e615c955c9007504,2026-02-26 10:29:45,Week 3,6,0 – 2 hours,1,1,Never,Claude,1 – 3,1,NaN,2,1,False,,Much worse,YouTube,2026-01-12 20:20:23,Tamil Nadu,Private University,B.Tech,3rd Year,7.0 – 8.0,2 – 4 hours,"YouTube, ChatGPT / AI tools, WhatsApp / Telegram, Physical notes only",4,,,,,,,,
3515,522e39ae01bce33e97b085b9517a3680984adf0d38e718487e3314eb74127ab2,2026-02-26 10:30:56,Week 3,10,0 – 2 hours,1,1,Never,NaN,0,1,NaN,1,1,False,,Much worse,NaN,2026-01-31 18:48:52,Tamil Nadu,State University,B.Tech,2nd Year,Below 6.0,0 – 2 hours,"YouTube, ChatGPT / AI tools, WhatsApp / Telegram",3,,,,,,,,
3516,b319601b117de5d02e9d335f82997ad5d2c20f041b094bdd7a67411b8ad1543b,2026-02-26 10:32:20,Week 3,8,0 – 2 hours,1,1,Never,Google Gemini,1 – 3,1,NaN,1,1,False,,Much worse,YouTube,2026-01-31 11:34:19,Tamil Nadu,State University,B.Tech,4th Year,8.0 – 9.0,0 – 2 hours,"YouTube, ChatGPT / AI tools, WhatsApp / Telegram",3,,,,,,,,
3517,b7c45e43b3e4defcfa15c66053995acfb95306f516892ea504b4a561e64a85b9,2026-02-26 10:33:22,Week 3,9,0 – 2 hours,1,1,Never,ChatGPT,0,1,NaN,1,1,False,,Much worse,YouTube,2026-01-31 18:40:13,Tamil Nadu,IIT / NIT,B.Sc,2nd Year,6.0 – 7.0,0 – 2 hours,"YouTube, NPTEL / SWAYAM, ChatGPT / AI tools",3,,,,,,,,
3518,26234105c87439e0dc4fb999632d3a5406775cc0728c26840e4a6b26d071341b,2026-02-26 10:35:00,Week 3,10,0 – 2 hours,1,1,Never,ChatGPT,0,1,NaN,1,1,False,,Much worse,YouTube,2026-01-12 20:18:58,Tamil Nadu,Private University,B.Tech,2nd Year,6.0 – 7.0,0 – 2 hours,"YouTube, ChatGPT / AI tools, College LMS",3,,,,,,,,
3519,794e3ecad2e18d7bce8d1013a9e08fe529cc63443905f9864cedec22f7a9459b,2026-02-26 10:36:24,Week 3,3,0 – 2 hours,1,1,Never,Google Gemini,1 – 3,1,NaN,1,1,False,,Much worse,YouTube,2025-12-27 12:35:23,Tamil Nadu,Deemed University,B.Tech,3rd Year,6.0 – 7.0,0 – 2 hours,"YouTube, ChatGPT / AI tools",2,,,,,,,,
3520,219d4ac6903fffab5ab1d64d6ed0b331adcc691f0e116fb7f62cefba91f7b0ec,2026-02-26 10:37:39,Week 3,20,2 – 4 hours,2,2,Rarely,Google Gemini,1 – 3,2,NaN,2,2,False,,Much worse,NaN,2025-12-26 18:34:24,Andhra Pradesh,Private University,B.Tech,3rd Year,9.0+,0 – 2 hours,ChatGPT / AI tools,1,,,,,,,,
3521,c4fc9686cc1b927682fbf989fe97901e479c7d5a214ce073d7cc6062f4682ed6,2026-02-26 10:39:41,Week 3,22,4 – 6 hours,1,2,Rarely,ChatGPT,1 – 3,2,NaN,2,1,False,,Much worse,YouTube,2026-02-23 10:06:40,Andhra Pradesh,Private University,B.Com,3rd Year,6.0 – 7.0,0 – 2 hours,"Coursera / Udemy / edX, ChatGPT / AI tools, Notion / Anki / Obsidian, WhatsApp / Telegram",4,,,,,,,,
3522,f5df30de694992a770d857d674587e781574c81ffc40be127f93b6a3d3a95f48,2026-02-26 10:41:38,Week 3,15,2 – 4 hours,2,3,Rarely,ChatGPT,3 – 6,3,NaN,2,3,False,80.0,Slightly worse,"College LMS, WhatsApp / Telegram (for study purposes)",2026-02-23 10:05:11,Andhra Pradesh,State University,B.Sc,3rd Year,Prefer not to say,2 – 4 hours,"YouTube, Coursera / Udemy / edX, Notion / Anki / Obsidian, WhatsApp / Telegram, Physical notes",5,,,,,,,,
3523,ad04e596e1af01ab238040c91de85cefe7f49fb2aabec57135e928a5ee02305e,2026-02-26 10:43:58,Week 3,30,4 – 6 hours,1,2,Rarely,Microsoft Copilot,0,1,NaN,2,1,False,,Slightly worse,YouTube,2026-02-02 13:10:08,Karnataka,IIT / NIT,BBA,Others,7.0 – 8.0,2 – 4 hours,"YouTube, NPTEL / SWAYAM",2,,,,,,,,
3524,522e39ae01bce33e97b085b9517a3680984adf0d38e718487e3314eb74127ab2,2026-02-26 10:45:14,Week 3,10,2 – 4 hours,2,2,Never,Google Gemini,1 – 3,2,Poor internet,2,2,False,,Slightly worse,YouTube,2026-01-31 18:48:52,Tamil Nadu,State University,B.Tech,2nd Year,Below 6.0,0 – 2 hours,"YouTube, ChatGPT / AI tools, WhatsApp / Telegram",3,,,,,,,,
3525,8bfc27000534160835a23ec100f95667b3894c6b3e90a6027721d3322ad782dc,2026-02-26 10:47:11,Week 3,10,2 – 4 hours,1,2,Never,ChatGPT,1 – 3,2,Poor internet,1,1,False,,Slightly worse,YouTube,2026-02-05 21:46:59,Telangana,Private University,B.Tech,3rd Year,9.0+,0 – 2 hours,"YouTube, ChatGPT / AI tools, Physical notes",3,,,,,,,,
3526,2b17d11e7d9c1af7a7fed72e60e90a5ee797f0b6e0cc8645592f6fdc2ad13cd2,2026-02-26 10:47:57,Week 3,10,2 – 4 hours,2,1,Never,Google Gemini,0,1,Mobile-only access,2,1,False,,Slightly worse,YouTube,2026-01-31 18:51:00,Tamil Nadu,State University,B.Tech,1st Year,6.0 – 7.0,2 – 4 hours,"YouTube, Coursera / Udemy / edX, ChatGPT / AI tools, Notion / Anki / Obsidian, WhatsApp / Telegram",5,,,,,,,,
3527,81ddebb1fc0e6b009a5655dea87854093d1374914f03d128e615c955c9007504,2026-02-26 10:48:51,Week 3,39,4 – 6 hours,2,2,Sometimes,Google Gemini,6 – 10,3,Health / stress issues,2,2,False,,Slightly worse,YouTube,2026-01-12 20:20:23,Tamil Nadu,Private University,B.Tech,3rd Year,7.0 – 8.0,2 – 4 hours,"YouTube, ChatGPT / AI tools, WhatsApp / Telegram, Physical notes only",4,,,,,,,,
3528,3a16c6fa9dbc26f91e12cdd112bec4f2953a34f47097d3424e3f551bb022a684,2026-02-26 10:50:06,Week 3,10,0 – 2 hours,2,1,Rarely,ChatGPT,1 – 3,1,No quiet study space,2,2,False,,Much worse,YouTube,2026-01-31 18:44:48,Tamil Nadu,Private University,BBA,1st Year,6.0 – 7.0,0 – 2 hours,"YouTube, Coursera / Udemy / edX, ChatGPT / AI tools, College LMS, WhatsApp / Telegram, Physical notes",6,,,,,,,,
3529,e8386eec4c2f671d625ec0a877e0c9af57a196443df6751cfd908bc4bb188c51,2026-02-26 10:51:30,Week 3,20,4 – 6 hours,2,2,Rarely,Google Gemini,1 – 3,2,Mobile-only access,2,2,False,,Slightly worse,YouTube,2026-01-31 18:42:45,Kerala,State University,B.Com,2nd Year,Prefer not to say,2 – 4 hours,"YouTube, NPTEL / SWAYAM, Coursera / Udemy / edX, Notion / Anki / Obsidian, Physical notes",5,,,,,,,,
3530,caf626adf6b1139006e560ca8cc80b33ca449dfd93d89557b2b5dca8a09ea07f,2026-02-26 10:52:28,Week 3,30,4 – 6 hours,1,2,Rarely,"ChatGPT, Google Gemini, Microsoft Copilot, Claude",6 – 10,2,NaN,3,3,False,,Slightly worse,"YouTube, College LMS",2026-02-23 10:06:05,Karnataka,Private University,BA,3rd Year,7.0 – 8.0,2 – 4 hours,"YouTube, NPTEL / SWAYAM, Coursera / Udemy / edX, ChatGPT / AI tools, Notion / Anki / Obsidian, WhatsApp / Telegram",6,,,,,,,,
3531,32b68dc8923730efba7e69129bcc4d5555495cc9359174e99e3d50570ce6de44,2026-02-26 10:53:22,Week 3,20,2 – 4 hours,2,3,Rarely,"ChatGPT, Google Gemini",1 – 3,3,NaN,2,2,False,,Slightly worse,YouTube,2026-01-31 14:55:58,Kerala,State University,B.Sc,1st Year,7.0 – 8.0,0 – 2 hours,"YouTube, ChatGPT / AI tools, College LMS, WhatsApp / Telegram",4,,,,,,,,
3532,a091d9857e1b26dac9ad43d43de3cfab7f19df9cadb73e095b0b4a74a5e9bc3d,2026-02-26 10:54:35,Week 3,20,2 – 4 hours,1,1,Never,ChatGPT,1 – 3,2,NaN,2,2,False,,Much worse,YouTube,2026-01-27 19:47:23,Tamil Nadu,Deemed University,B.Tech,4th Year,9.0+,0 – 2 hours,"YouTube, ChatGPT / AI tools, WhatsApp / Telegram",3,,,,,,,,
3533,6cdee50dedfbbd1a46317cf81321165ab42071b577d2f1514daac32cb4160095,2026-02-26 10:56:13,Week 3,10,0 – 2 hours,1,1,Never,NaN,0,1,NaN,1,1,False,,Much worse,NaN,2026-02-02 12:39:28,Gujarat,Private University,B.Tech,3rd Year,8.0 – 9.0,6+ hours,NaN,1,,,,,,,,
3534,3d83828233d057f5e1e37a4c9e784850077d6638768e69b0f6b5d4e5e2dfc994,2026-02-26 10:56:57,Week 3,8,2 – 4 hours,1,1,Never,ChatGPT,1 – 3,2,Poor internet,2,2,False,,Much worse,NPTEL / SWAYAM,2026-01-12 21:41:37,Tamil Nadu,Private University,B.Tech,3rd Year,8.0 – 9.0,0 – 2 hours,"YouTube, ChatGPT / AI tools",2,,,,,,,,
3535,48cdb835c278ac6b10eed195f85632896d3be15d20d75197a0b916b2395939a6,2026-02-26 10:57:55,Week 3,19,2 – 4 hours,2,2,Rarely,Google Gemini,0,1,Mobile-only access,2,1,False,,Slightly worse,YouTube,2026-01-27 00:18:46,Telangana,IIT / NIT,B.Sc,3rd Year,7.0 – 8.0,0 – 2 hours,"YouTube, NPTEL / SWAYAM, ChatGPT / AI tools, WhatsApp / Telegram, Physical notes only",5,,,,,,,,
3536,ef4aca4b5a9ddc8cfe1cda04eef5cb540a47e603dac29e3f59b7bdd1a387191d,2026-02-26 10:58:59,Week 3,10,2 – 4 hours,1,2,Rarely,Google Gemini,3 – 6,1,Poor internet,1,2,False,,Much worse,YouTube,2026-02-02 12:52:17,Maharashtra,Private University,B.Tech,Others,6.0 – 7.0,2 – 4 hours,"YouTube, ChatGPT / AI tools",2,,,,,,,,
3537,cf47f395a464caa7ab1da1745c2d650002296d75e8eac41561b430a83f4382f8,2026-02-26 10:59:46,Week 3,20,2 – 4 hours,3,2,Rarely,Google Gemini,0,2,Poor internet,1,2,False,,Much worse,YouTube,2026-01-31 18:49:58,Tamil Nadu,Central University,B.Sc,3rd Year,7.0 – 8.0,2 – 4 hours,"YouTube, NPTEL / SWAYAM, Coursera / Udemy / edX, ChatGPT / AI tools, Notion / Anki / Obsidian",5,,,,,,,,
3538,81ddebb1fc0e6b009a5655dea87854093d1374914f03d128e615c955c9007504,2026-02-26 11:01:22,Week 3,10,0 – 2 hours,2,1,Rarely,ChatGPT,1 – 3,3,NaN,2,2,False,,Slightly worse,YouTube,2026-01-12 20:20:23,Tamil Nadu,Private University,B.Tech,3rd Year,7.0 – 8.0,2 – 4 hours,"YouTube, ChatGPT / AI tools, WhatsApp / Telegram, Physical notes only",4,,,,,,,,
3539,3a16c6fa9dbc26f91e12cdd112bec4f2953a34f47097d3424e3f551bb022a684,2026-02-26 11:02:50,Week 3,6,0 – 2 hours,1,1,Never,ChatGPT,1 – 3,1,Poor internet,2,1,False,,Much worse,YouTube,2026-01-31 18:44:48,Tamil Nadu,Private University,BBA,1st Year,6.0 – 7.0,0 – 2 hours,"YouTube, Coursera / Udemy / edX, ChatGPT / AI tools, College LMS, WhatsApp / Telegram, Physical notes",6,,,,,,,,
3540,f8041b50a2c1379ae1a539104ac8cfff2e7475d9225620826e59c80d286afe76,2026-02-26 11:03:53,Week 3,10,2 – 4 hours,1,1,Never,ChatGPT,1 – 3,2,NaN,1,2,False,,Much worse,YouTube,2026-01-31 18:25:54,Andhra Pradesh,Private University,B.Sc,3rd Year,7.0 – 8.0,0 – 2 hours,"YouTube, NPTEL / SWAYAM, Notion / Anki / Obsidian, College LMS, WhatsApp / Telegram",5,,,,,,,,
3541,f90ab6deefe14d178606a393182b36cdc645169d692772666b9c29214c2a4e40,2026-02-26 11:05:33,Week 3,10,0 – 2 hours,1,1,Rarely,ChatGPT,1 – 3,1,NaN,2,1,False,,Much worse,YouTube,2026-02-05 21:56:57,Telangana,Private University,B.Tech,3rd Year,7.0 – 8.0,0 – 2 hours,"ChatGPT / AI tools, WhatsApp / Telegram",2,,,,,,,,
3542,b9c03c59028b4485073ac377b7c14dfe728898b0dccd931ebc2eea5d5b1d746a,2026-02-26 11:06:33,Week 3,10,2 – 4 hours,2,1,Rarely,Microsoft Copilot,1 – 3,2,Poor internet,2,2,False,,Much worse,YouTube,2025-12-27 14:52:29,Tamil Nadu,Central University,B.Tech,3rd Year,8.0 – 9.0,2 – 4 hours,"ChatGPT / AI tools, College LMS, WhatsApp / Telegram",3,,,,,,,,
3543,b9c03c59028b4485073ac377b7c14dfe728898b0dccd931ebc2eea5d5b1d746a,2026-02-26 11:07:47,Week 4,30,2 – 4 hours,2,3,Sometimes,"ChatGPT, Google Gemini, Microsoft Copilot",3 – 6,3,No quiet study space,3,2,False,,Slightly worse,"YouTube, College LMS",2025-12-27 14:52:29,Tamil Nadu,Central University,B.Tech,3rd Year,8.0 – 9.0,2 – 4 hours,"ChatGPT / AI tools, College LMS, WhatsApp / Telegram",3,,,,,,,,
3544,f8ecea41f5799921e46e5d82b8d41d92dba1fca7a66ca63506cc3c0aab382672,2026-02-26 11:08:33,Week 4,35,2 – 4 hours,3,3,Sometimes,"ChatGPT, Google Gemini, Microsoft Copilot, Claude",3 – 6,3,NaN,3,2,False,,Slightly better,"YouTube, Physical Notes",2026-01-27 17:56:30,Uttar Pradesh,Central University,B.Tech,4th Year,7.0 – 8.0,4 – 6 hours,"YouTube, NPTEL / SWAYAM, Coursera / Udemy / edX, ChatGPT / AI tools, Notion / Anki / Obsidian",5,,,,,,,,
3545,8bfc27000534160835a23ec100f95667b3894c6b3e90a6027721d3322ad782dc,2026-02-26 11:09:51,Week 4,43,4 – 6 hours,3,3,Sometimes,"ChatGPT, Google Gemini, Microsoft Copilot",3 – 6,2,NaN,3,2,False,,Slightly better,"YouTube, WhatsApp / Telegram (for study purposes)",2026-02-05 21:46:59,Telangana,Private University,B.Tech,3rd Year,9.0+,0 – 2 hours,"YouTube, ChatGPT / AI tools, Physical notes",3,,,,,,,,
3546,e14fc3506630213cf4dbb3dddf035e19aad46cfaf81f1761b7791f1f48a64d67,2026-02-26 11:10:57,Week 4,40,4 – 6 hours,3,3,Sometimes,"ChatGPT, Google Gemini, Microsoft Copilot, Claude",6 – 10,3,NaN,2,3,False,,Slightly better,"YouTube, WhatsApp / Telegram (for study purposes), Physical Notes",2026-02-02 12:45:31,Madhya Pradesh,Central University,B.Tech,3rd Year,8.0 – 9.0,2 – 4 hours,"ChatGPT / AI tools, WhatsApp / Telegram",2,,,,,,,,
3547,c4fc9686cc1b927682fbf989fe97901e479c7d5a214ce073d7cc6062f4682ed6,2026-02-26 11:12:09,Week 4,30,4 – 6 hours,3,2,Often,"ChatGPT, Google Gemini, Microsoft Copilot, Claude, Perplexity AI",3 – 6,3,NaN,3,2,False,,Slightly better,"YouTube, College LMS",2026-02-23 10:06:40,Andhra Pradesh,Private University,B.Com,3rd Year,6.0 – 7.0,0 – 2 hours,"Coursera / Udemy / edX, ChatGPT / AI tools, Notion / Anki / Obsidian, WhatsApp / Telegram",4,,,,,,,,
3548,48cdb835c278ac6b10eed195f85632896d3be15d20d75197a0b916b2395939a6,2026-02-26 11:13:04,Week 4,45,4 – 6 hours,3,3,Sometimes,"ChatGPT, Google Gemini, Microsoft Copilot",3 – 6,3,NaN,2,3,False,,Slightly better,"YouTube, WhatsApp / Telegram (for study purposes)",2026-01-27 00:18:46,Telangana,IIT / NIT,B.Sc,3rd Year,7.0 – 8.0,0 – 2 hours,"YouTube, NPTEL / SWAYAM, ChatGPT / AI tools, WhatsApp / Telegram, Physical notes only",5,,,,,,,,
3549,a091d9857e1b26dac9ad43d43de3cfab7f19df9cadb73e095b0b4a74a5e9bc3d,2026-02-26 11:13:57,Week 4,40,4 – 6 hours,4,3,Sometimes,"ChatGPT, Google Gemini, Microsoft Copilot",3 – 6,2,NaN,4,3,False,,Slightly better,YouTube,2026-01-27 19:47:23,Tamil Nadu,Deemed University,B.Tech,4th Year,9.0+,0 – 2 hours,"YouTube, ChatGPT / AI tools, WhatsApp / Telegram",3,,,,,,,,
3550,ef4aca4b5a9ddc8cfe1cda04eef5cb540a47e603dac29e3f59b7bdd1a387191d,2026-02-26 11:14:45,Week 4,30,4 – 6 hours,2,4,Sometimes,"ChatGPT, Google Gemini, Microsoft Copilot",3 – 6,3,NaN,3,2,False,,Slightly better,"YouTube, Physical Notes",2026-02-02 12:52:17,Maharashtra,Private University,B.Tech,Others,6.0 – 7.0,2 – 4 hours,"YouTube, ChatGPT / AI tools",2,,,,,,,,
3551,cf47f395a464caa7ab1da1745c2d650002296d75e8eac41561b430a83f4382f8,2026-02-26 11:16:21,Week 4,20,2 – 4 hours,3,4,Sometimes,"ChatGPT, Google Gemini, Microsoft Copilot",3 – 6,3,NaN,2,3,False,,Slightly better,"YouTube, WhatsApp / Telegram (for study purposes)",2026-01-31 18:49:58,Tamil Nadu,Central University,B.Sc,3rd Year,7.0 – 8.0,2 – 4 hours,"YouTube, NPTEL / SWAYAM, Coursera / Udemy / edX, ChatGPT / AI tools, Notion / Anki / Obsidian",5,,,,,,,,
3552,c4fc9686cc1b927682fbf989fe97901e479c7d5a214ce073d7cc6062f4682ed6,2026-02-26 11:17:11,Week 4,43,4 – 6 hours,3,3,Rarely,"ChatGPT, Google Gemini, Microsoft Copilot, Claude",3 – 6,2,NaN,3,3,False,,Slightly better,"NPTEL / SWAYAM, Physical Notes",2026-02-23 10:06:40,Andhra Pradesh,Private University,B.Com,3rd Year,6.0 – 7.0,0 – 2 hours,"Coursera / Udemy / edX, ChatGPT / AI tools, Notion / Anki / Obsidian, WhatsApp / Telegram",4,,,,,,,,
3553,266344e1c50b449d6d5dbec5b4b1af3236f13cc0b97871acccf3da3697283f82,2026-02-26 11:18:19,Week 4,45,4 – 6 hours,4,3,Rarely,"ChatGPT, Google Gemini, Microsoft Copilot",3 – 6,3,NaN,2,3,False,,Slightly better,YouTube,2026-01-16 12:24:26,Tamil Nadu,Private University,B.Tech,3rd Year,9.0+,2 – 4 hours,"YouTube, ChatGPT / AI tools, Notion / Anki / Obsidian, WhatsApp / Telegram",4,,,,,,,,
3554,5e849a6892d6df48c1362529cab706d619efa96a172b3f715bc1f5ccd5ca61ec,2026-02-26 11:19:46,Week 4,42,4 – 6 hours,3,3,Sometimes,"ChatGPT, Google Gemini, Microsoft Copilot",6 – 10,2,NaN,3,3,False,,Slightly better,"YouTube, Physical Notes",2026-02-02 13:01:28,Uttar Pradesh,IIT / NIT,BA,Others,8.0 – 9.0,2 – 4 hours,"YouTube, ChatGPT / AI tools",2,,,,,,,,
3555,16a56bf3b362259b32e3bc7d18a95d94213241560809ad3c4d5ddba644365acb,2026-02-26 11:20:45,Week 4,41,4 – 6 hours,3,2,Sometimes,"ChatGPT, Google Gemini, Microsoft Copilot, Claude",3 – 6,3,NaN,4,3,False,,Slightly better,"YouTube, Physical Notes",2026-02-19 13:19:58,Tamil Nadu,State University,B.Sc,2nd Year,8.0 – 9.0,2 – 4 hours,"YouTube, NPTEL / SWAYAM, Coursera / Udemy / edX, ChatGPT / AI tools, Notion / Anki / Obsidian",5,,,,,,,,
3556,522e39ae01bce33e97b085b9517a3680984adf0d38e718487e3314eb74127ab2,2026-02-26 11:21:36,Week 4,46,4 – 6 hours,3,3,Sometimes,"ChatGPT, Google Gemini, Microsoft Copilot",6 – 10,3,NaN,3,3,False,,Slightly better,"YouTube, Physical Notes",2026-01-31 18:48:52,Tamil Nadu,State University,B.Tech,2nd Year,Below 6.0,0 – 2 hours,"YouTube, ChatGPT / AI tools, WhatsApp / Telegram",3,,,,,,,,
3557,cf47f395a464caa7ab1da1745c2d650002296d75e8eac41561b430a83f4382f8,2026-02-26 11:22:26,Week 4,35,4 – 6 hours,3,3,Rarely,"ChatGPT, Google Gemini, Microsoft Copilot, Claude",3 – 6,3,NaN,2,3,False,,Slightly better,College LMS,2026-01-31 18:49:58,Tamil Nadu,Central University,B.Sc,3rd Year,7.0 – 8.0,2 – 4 hours,"YouTube, NPTEL / SWAYAM, Coursera / Udemy / edX, ChatGPT / AI tools, Notion / Anki / Obsidian",5,,,,,,,,
3558,27d91473394ea1f8f97a8f1740492902f4ab1abbfe0b003e4536904eaba6dca0,2026-02-26 11:23:50,Week 4,43,4 – 6 hours,3,2,Sometimes,"ChatGPT, Google Gemini, Microsoft Copilot, Claude",3 – 6,2,NaN,4,4,False,,Slightly better,"YouTube, Physical Notes",2026-01-31 18:43:28,Tamil Nadu,IIT / NIT,B.Tech,3rd Year,7.0 – 8.0,2 – 4 hours,"YouTube, NPTEL / SWAYAM, Coursera / Udemy / edX, ChatGPT / AI tools, Notion / Anki / Obsidian, College LMS, WhatsApp / Telegram, Physical notes",8,,,,,,,,
3559,63c23cf4b390284f3ce1175699f5efa501022ba212fe21be99dc9e2d21deebbf,2026-02-26 11:24:37,Week 4,35,4 – 6 hours,2,3,Rarely,"ChatGPT, Google Gemini, Microsoft Copilot",1 – 3,2,NaN,3,4,False,,Slightly worse,"YouTube, Physical Notes",2026-02-02 12:38:59,Rajasthan,State University,B.Sc,2nd Year,7.0 – 8.0,4 – 6 hours,"Coursera / Udemy / edX, ChatGPT / AI tools, Notion / Anki / Obsidian, College LMS, Physical notes",5,,,,,,,,
3560,266344e1c50b449d6d5dbec5b4b1af3236f13cc0b97871acccf3da3697283f82,2026-02-26 11:26:41,Week 4,34,2 – 4 hours,2,3,Sometimes,"ChatGPT, Google Gemini, Microsoft Copilot, Claude, Perplexity AI",3 – 6,3,NaN,3,3,False,,Slightly better,"YouTube, Physical Notes",2026-01-16 12:24:26,Tamil Nadu,Private University,B.Tech,3rd Year,9.0+,2 – 4 hours,"YouTube, ChatGPT / AI tools, Notion / Anki / Obsidian, WhatsApp / Telegram",4,,,,,,,,
3561,5e849a6892d6df48c1362529cab706d619efa96a172b3f715bc1f5ccd5ca61ec,2026-02-26 11:27:38,Week 4,35,4 – 6 hours,3,3,Sometimes,"ChatGPT, Google Gemini, Microsoft Copilot",3 – 6,3,NaN,2,2,False,,Slightly better,"YouTube, Physical Notes",2026-02-02 13:01:28,Uttar Pradesh,IIT / NIT,BA,Others,8.0 – 9.0,2 – 4 hours,"YouTube, ChatGPT / AI tools",2,,,,,,,,
3562,f72f420debc36def28125c58c71822ce49043914a9406e73923965f87c8cb669,2026-02-26 11:28:27,Week 4,34,2 – 4 hours,2,2,Sometimes,"ChatGPT, Google Gemini, Microsoft Copilot",6 – 10,3,NaN,3,3,False,,Slightly worse,"YouTube, WhatsApp / Telegram (for study purposes)",2026-01-12 23:37:58,Karnataka,Private University,BA,3rd Year,8.0 – 9.0,0 – 2 hours,"YouTube, ChatGPT / AI tools, WhatsApp / Telegram, Physical notes only",4,,,,,,,,
3563,1dd2975d45d1e27948cae456e3827e3b50778c013fecee985fb0422f4a492ba2,2026-02-26 11:29:18,Week 4,35,4 – 6 hours,3,3,Rarely,"ChatGPT, Google Gemini, Microsoft Copilot, Claude",3 – 6,2,NaN,2,3,False,,Slightly better,"YouTube, Physical Notes",2026-02-19 13:17:59,Andhra Pradesh,State University,B.Tech,2nd Year,7.0 – 8.0,6+ hours,"YouTube, NPTEL / SWAYAM, Coursera / Udemy / edX, ChatGPT / AI tools, Notion / Anki / Obsidian, College LMS, WhatsApp / Telegram, Physical notes",8,,,,,,,,
3564,e9f047d3c2da21e5de56f3abab5c156cedf45843e25e1cc9c00e542a0848fb89,2026-02-26 11:30:03,Week 4,45,4 – 6 hours,3,2,Sometimes,"ChatGPT, Google Gemini, Microsoft Copilot",3 – 6,3,NaN,2,3,False,,Slightly worse,"YouTube, WhatsApp / Telegram (for study purposes)",2026-02-23 10:04:41,Andhra Pradesh,Central University,B.Tech,2nd Year,7.0 – 8.0,0 – 2 hours,"YouTube, NPTEL / SWAYAM, Coursera / Udemy / edX, Notion / Anki / Obsidian, WhatsApp / Telegram",5,,,,,,,,
3565,8ded4921661c4a18e633a572258dbd0f9a2c004f4aa3e9e2057a670d47566de6,2026-02-26 11:30:50,Week 4,45,4 – 6 hours,3,2,Sometimes,"ChatGPT, Google Gemini, Microsoft Copilot",6 – 10,2,NaN,2,3,False,,Slightly better,"YouTube, Physical Notes",2026-02-03 11:19:03,Kerala,Private University,B.Sc,3rd Year,Prefer not to say,2 – 4 hours,"NPTEL / SWAYAM, WhatsApp / Telegram, Physical notes",3,,,,,,,,
3566,63c23cf4b390284f3ce1175699f5efa501022ba212fe21be99dc9e2d21deebbf,2026-02-26 11:31:43,Week 4,34,4 – 6 hours,3,3,Sometimes,"ChatGPT, Google Gemini, Microsoft Copilot, Claude, Perplexity AI",3 – 6,4,NaN,3,2,False,,Slightly better,"YouTube, Physical Notes",2026-02-02 12:38:59,Rajasthan,State University,B.Sc,2nd Year,7.0 – 8.0,4 – 6 hours,"Coursera / Udemy / edX, ChatGPT / AI tools, Notion / Anki / Obsidian, College LMS, Physical notes",5,,,,,,,,
3567,0e155a1241bd00b2d588262223a52e0f8a911a4000092f096e6968dccae9e61b,2026-02-26 11:32:30,Week 4,45,4 – 6 hours,4,2,Sometimes,"ChatGPT, Google Gemini, Microsoft Copilot",3 – 6,3,NaN,2,3,False,,Slightly better,"YouTube, Physical Notes",2026-02-03 11:16:29,Tamil Nadu,IIT / NIT,B.Tech,4th Year,8.0 – 9.0,2 – 4 hours,"ChatGPT / AI tools, College LMS",2,,,,,,,,
3568,86b1b7c8fd97ac6aa33f3f67e3c3652ee35ae2226cc4798385726481eea05f57,2026-02-26 11:33:22,Week 4,46,4 – 6 hours,3,2,Sometimes,"ChatGPT, Google Gemini, Microsoft Copilot, QuillBot",3 – 6,3,NaN,2,2,False,,Slightly better,"YouTube, College LMS",2026-01-31 18:50:27,Tamil Nadu,Central University,B.Tech,1st Year,7.0 – 8.0,0 – 2 hours,"YouTube, ChatGPT / AI tools, College LMS, WhatsApp / Telegram",4,,,,,,,,
3569,781a9f368166d71405348c3b65fa0645e7cab12d017be1e369eb8d7a5cd5fb1d,2026-02-26 11:34:07,Week 4,33,2 – 4 hours,3,2,Sometimes,"ChatGPT, Google Gemini, Microsoft Copilot, Grammarly, QuillBot",3 – 6,3,NaN,3,3,False,,Slightly better,"YouTube, College LMS",2026-02-02 12:40:04,Maharashtra,IIT / NIT,B.Com,4th Year,7.0 – 8.0,2 – 4 hours,"YouTube, NPTEL / SWAYAM, Coursera / Udemy / edX, ChatGPT / AI tools, Notion / Anki / Obsidian, College LMS, WhatsApp / Telegram, Physical notes",8,,,,,,,,
3570,2b17d11e7d9c1af7a7fed72e60e90a5ee797f0b6e0cc8645592f6fdc2ad13cd2,2026-02-26 11:34:51,Week 4,43,4 – 6 hours,3,2,Sometimes,"ChatGPT, Google Gemini, Grammarly, QuillBot",3 – 6,2,NaN,3,3,False,,Slightly better,"YouTube, WhatsApp / Telegram (for study purposes)",2026-01-31 18:51:00,Tamil Nadu,State University,B.Tech,1st Year,6.0 – 7.0,2 – 4 hours,"YouTube, Coursera / Udemy / edX, ChatGPT / AI tools, Notion / Anki / Obsidian, WhatsApp / Telegram",5,,,,,,,,
3571,3d83828233d057f5e1e37a4c9e784850077d6638768e69b0f6b5d4e5e2dfc994,2026-02-26 11:35:36,Week 4,42,4 – 6 hours,3,3,Often,"ChatGPT, Google Gemini, GitHub Copilot",6 – 10,3,NaN,2,3,False,,Slightly better,"YouTube, WhatsApp / Telegram (for study purposes)",2026-01-12 21:41:37,Tamil Nadu,Private University,B.Tech,3rd Year,8.0 – 9.0,0 – 2 hours,"YouTube, ChatGPT / AI tools",2,,,,,,,,
3572,b319601b117de5d02e9d335f82997ad5d2c20f041b094bdd7a67411b8ad1543b,2026-02-26 11:36:40,Week 4,46,4 – 6 hours,3,3,Rarely,"ChatGPT, Google Gemini, Microsoft Copilot, Claude, Perplexity AI, QuillBot, GitHub Copilot",3 – 6,3,NaN,3,3,False,,Slightly better,"YouTube, College LMS",2026-01-31 11:34:19,Tamil Nadu,State University,B.Tech,4th Year,8.0 – 9.0,0 – 2 hours,"YouTube, ChatGPT / AI tools, WhatsApp / Telegram",3,,,,,,,,
3573,d2db0cecaf1edf2f34e8fcb492052acd27453600c6cc493e25700d9c3b289761,2026-02-26 11:37:27,Week 4,44,4 – 6 hours,3,3,Sometimes,"ChatGPT, Google Gemini, Microsoft Copilot",3 – 6,2,NaN,3,3,False,,Slightly better,"YouTube, WhatsApp / Telegram (for study purposes), Physical Notes",2026-02-02 12:56:07,Uttar Pradesh,IIT / NIT,Other,2nd Year,Prefer not to say,2 – 4 hours,"YouTube, Coursera / Udemy / edX",2,,,,,,,,
3574,8ded4921661c4a18e633a572258dbd0f9a2c004f4aa3e9e2057a670d47566de6,2026-02-26 11:38:16,Week 4,32,4 – 6 hours,2,2,Sometimes,"ChatGPT, Google Gemini, Microsoft Copilot",3 – 6,3,NaN,3,1,False,,Slightly better,"YouTube, Physical Notes",2026-02-03 11:19:03,Kerala,Private University,B.Sc,3rd Year,Prefer not to say,2 – 4 hours,"NPTEL / SWAYAM, WhatsApp / Telegram, Physical notes",3,,,,,,,,
3575,27d91473394ea1f8f97a8f1740492902f4ab1abbfe0b003e4536904eaba6dca0,2026-02-26 11:39:09,Week 4,43,4 – 6 hours,3,2,Sometimes,"ChatGPT, Google Gemini, Microsoft Copilot",1 – 3,2,NaN,2,2,False,,Slightly better,"YouTube, WhatsApp / Telegram (for study purposes)",2026-01-31 18:43:28,Tamil Nadu,IIT / NIT,B.Tech,3rd Year,7.0 – 8.0,2 – 4 hours,"YouTube, NPTEL / SWAYAM, Coursera / Udemy / edX, ChatGPT / AI tools, Notion / Anki / Obsidian, College LMS, WhatsApp / Telegram, Physical notes",8,,,,,,,,
3576,ace8e293cc91c35e822f9101bc4e97d2ad904d1e130b4402fd6a6642f245665e,2026-02-26 11:39:55,Week 4,44,4 – 6 hours,3,3,Rarely,"ChatGPT, Google Gemini, Microsoft Copilot",3 – 6,4,NaN,3,3,False,,Slightly better,"YouTube, WhatsApp / Telegram (for study purposes)",2026-02-23 10:12:43,Kerala,State University,B.Tech,2nd Year,6.0 – 7.0,0 – 2 hours,"NPTEL / SWAYAM, Notion / Anki / Obsidian",2,,,,,,,,
3577,27d91473394ea1f8f97a8f1740492902f4ab1abbfe0b003e4536904eaba6dca0,2026-02-26 11:40:43,Week 4,44,4 – 6 hours,3,3,Sometimes,"ChatGPT, Google Gemini, Microsoft Copilot",3 – 6,3,NaN,3,2,False,,Slightly better,"YouTube, WhatsApp / Telegram (for study purposes)",2026-01-31 18:43:28,Tamil Nadu,IIT / NIT,B.Tech,3rd Year,7.0 – 8.0,2 – 4 hours,"YouTube, NPTEL / SWAYAM, Coursera / Udemy / edX, ChatGPT / AI tools, Notion / Anki / Obsidian, College LMS, WhatsApp / Telegram, Physical notes",8,,,,,,,,
3578,c4fc9686cc1b927682fbf989fe97901e479c7d5a214ce073d7cc6062f4682ed6,2026-02-26 11:41:27,Week 4,33,2 – 4 hours,3,2,Sometimes,"ChatGPT, Google Gemini, Microsoft Copilot",3 – 6,2,NaN,4,1,False,,Slightly better,"YouTube, WhatsApp / Telegram (for study purposes)",2026-02-23 10:06:40,Andhra Pradesh,Private University,B.Com,3rd Year,6.0 – 7.0,0 – 2 hours,"Coursera / Udemy / edX, ChatGPT / AI tools, Notion / Anki / Obsidian, WhatsApp / Telegram",4,,,,,,,,
3579,ace8e293cc91c35e822f9101bc4e97d2ad904d1e130b4402fd6a6642f245665e,2026-02-26 11:42:25,Week 4,47,4 – 6 hours,3,3,Rarely,"ChatGPT, Google Gemini, Microsoft Copilot",3 – 6,2,NaN,3,3,False,,Slightly better,"YouTube, WhatsApp / Telegram (for study purposes)",2026-02-23 10:12:43,Kerala,State University,B.Tech,2nd Year,6.0 – 7.0,0 – 2 hours,"NPTEL / SWAYAM, Notion / Anki / Obsidian",2,,,,,,,,
3580,27d91473394ea1f8f97a8f1740492902f4ab1abbfe0b003e4536904eaba6dca0,2026-02-26 11:43:07,Week 4,55,4 – 6 hours,3,4,Rarely,"ChatGPT, Google Gemini, Microsoft Copilot, Claude",6 – 10,3,NaN,3,3,False,,Slightly better,"YouTube, WhatsApp / Telegram (for study purposes)",2026-01-31 18:43:28,Tamil Nadu,IIT / NIT,B.Tech,3rd Year,7.0 – 8.0,2 – 4 hours,"YouTube, NPTEL / SWAYAM, Coursera / Udemy / edX, ChatGPT / AI tools, Notion / Anki / Obsidian, College LMS, WhatsApp / Telegram, Physical notes",8,,,,,,,,
3581,9f7b57d47f3cd447af0a85a35c1ce5b1287d471159595088cd7493a849b93059,2026-02-26 11:44:03,Week 4,54,4 – 6 hours,3,3,Rarely,"ChatGPT, Google Gemini, Microsoft Copilot",1 – 3,4,NaN,3,3,False,,Slightly better,"YouTube, WhatsApp / Telegram (for study purposes)",2026-02-02 12:38:26,Punjab,Central University,B.Tech,1st Year,6.0 – 7.0,4 – 6 hours,"YouTube, NPTEL / SWAYAM, Coursera / Udemy / edX, ChatGPT / AI tools, College LMS, WhatsApp / Telegram",6,,,,,,,,
3582,b7c45e43b3e4defcfa15c66053995acfb95306f516892ea504b4a561e64a85b9,2026-02-26 11:45:19,Week 4,50,4 – 6 hours,3,3,Rarely,"ChatGPT, Google Gemini, Microsoft Copilot, Claude, Perplexity AI",1 – 3,2,NaN,3,4,False,,Slightly better,"YouTube, WhatsApp / Telegram (for study purposes), Physical Notes",2026-01-31 18:40:13,Tamil Nadu,IIT / NIT,B.Sc,2nd Year,6.0 – 7.0,0 – 2 hours,"YouTube, NPTEL / SWAYAM, ChatGPT / AI tools",3,,,,,,,,
3583,97b26b3698560201c1218be1d50871d93f4ae1f4a79deeb268b0ba686e43fdeb,2026-02-26 11:46:12,Week 4,33,2 – 4 hours,2,3,Sometimes,"ChatGPT, Google Gemini, Microsoft Copilot",3 – 6,2,NaN,4,3,False,,Slightly better,"YouTube, WhatsApp / Telegram (for study purposes), Physical Notes",2025-12-26 07:18:01,Tamil Nadu,Deemed University,B.Tech,3rd Year,8.0 – 9.0,0 – 2 hours,"ChatGPT / AI tools, College LMS, WhatsApp / Telegram",3,,,,,,,,
3584,1dd2975d45d1e27948cae456e3827e3b50778c013fecee985fb0422f4a492ba2,2026-02-26 11:47:09,Week 4,44,4 – 6 hours,2,3,Rarely,"ChatGPT, Google Gemini, Microsoft Copilot, Claude",3 – 6,3,NaN,3,2,False,,Slightly better,"YouTube, Physical Notes",2026-02-19 13:17:59,Andhra Pradesh,State University,B.Tech,2nd Year,7.0 – 8.0,6+ hours,"YouTube, NPTEL / SWAYAM, Coursera / Udemy / edX, ChatGPT / AI tools, Notion / Anki / Obsidian, College LMS, WhatsApp / Telegram, Physical notes",8,,,,,,,,
3585,26234105c87439e0dc4fb999632d3a5406775cc0728c26840e4a6b26d071341b,2026-02-26 11:47:59,Week 4,44,4 – 6 hours,3,3,Often,"ChatGPT, Google Gemini, Microsoft Copilot, Claude",3 – 6,3,NaN,3,3,False,,Slightly better,"YouTube, WhatsApp / Telegram (for study purposes)",2026-01-12 20:18:58,Tamil Nadu,Private University,B.Tech,2nd Year,6.0 – 7.0,0 – 2 hours,"YouTube, ChatGPT / AI tools, College LMS",3,,,,,,,,
3586,7b5c4bd7d59556f437489bc9729a8c19655b90085e45e8dff621cf66913fc521,2026-02-26 11:48:57,Week 4,41,4 – 6 hours,3,2,Sometimes,"ChatGPT, Google Gemini, Microsoft Copilot, Claude",3 – 6,3,NaN,4,3,False,,Slightly better,"YouTube, WhatsApp / Telegram (for study purposes)",2026-02-23 10:13:22,Kerala,State University,B.Tech,3rd Year,Prefer not to say,2 – 4 hours,"YouTube, NPTEL / SWAYAM, Coursera / Udemy / edX, ChatGPT / AI tools, Notion / Anki / Obsidian, College LMS, WhatsApp / Telegram, Physical notes",8,,,,,,,,
3587,74d72de1f5b196019d5bbe209db2b90401f5ea949cebbdda60ac6b0f71acb482,2026-02-26 11:50:14,Week 4,33,2 – 4 hours,2,3,Rarely,"ChatGPT, Google Gemini, Microsoft Copilot",3 – 6,1,NaN,2,2,False,,Slightly better,"YouTube, College LMS",2026-02-02 12:43:28,Madhya Pradesh,Central University,B.Tech,2nd Year,6.0 – 7.0,2 – 4 hours,"YouTube, ChatGPT / AI tools",2,,,,,,,,
3588,522e39ae01bce33e97b085b9517a3680984adf0d38e718487e3314eb74127ab2,2026-02-26 11:51:05,Week 4,44,4 – 6 hours,2,3,Sometimes,"ChatGPT, Google Gemini, Microsoft Copilot",3 – 6,3,NaN,2,2,False,,Slightly better,"YouTube, College LMS, WhatsApp / Telegram (for study purposes)",2026-01-31 18:48:52,Tamil Nadu,State University,B.Tech,2nd Year,Below 6.0,0 – 2 hours,"YouTube, ChatGPT / AI tools, WhatsApp / Telegram",3,,,,,,,,
3589,266344e1c50b449d6d5dbec5b4b1af3236f13cc0b97871acccf3da3697283f82,2026-02-26 11:51:53,Week 4,43,4 – 6 hours,3,2,Sometimes,"ChatGPT, Google Gemini, Microsoft Copilot",3 – 6,2,NaN,3,2,False,,Slightly better,"YouTube, WhatsApp / Telegram (for study purposes)",2026-01-16 12:24:26,Tamil Nadu,Private University,B.Tech,3rd Year,9.0+,2 – 4 hours,"YouTube, ChatGPT / AI tools, Notion / Anki / Obsidian, WhatsApp / Telegram",4,,,,,,,,
3590,781a9f368166d71405348c3b65fa0645e7cab12d017be1e369eb8d7a5cd5fb1d,2026-02-26 11:52:52,Week 4,45,4 – 6 hours,2,2,Sometimes,"ChatGPT, QuillBot",3 – 6,3,NaN,3,3,False,,Slightly better,"YouTube, College LMS",2026-02-02 12:40:04,Maharashtra,IIT / NIT,B.Com,4th Year,7.0 – 8.0,2 – 4 hours,"YouTube, NPTEL / SWAYAM, Coursera / Udemy / edX, ChatGPT / AI tools, Notion / Anki / Obsidian, College LMS, WhatsApp / Telegram, Physical notes",8,,,,,,,,
3591,2b17d11e7d9c1af7a7fed72e60e90a5ee797f0b6e0cc8645592f6fdc2ad13cd2,2026-02-26 11:53:38,Week 4,44,2 – 4 hours,3,3,Rarely,"ChatGPT, Google Gemini, Microsoft Copilot, Claude",3 – 6,3,NaN,3,2,False,,Slightly better,"YouTube, WhatsApp / Telegram (for study purposes)",2026-01-31 18:51:00,Tamil Nadu,State University,B.Tech,1st Year,6.0 – 7.0,2 – 4 hours,"YouTube, Coursera / Udemy / edX, ChatGPT / AI tools, Notion / Anki / Obsidian, WhatsApp / Telegram",5,,,,,,,,
3592,7b5c4bd7d59556f437489bc9729a8c19655b90085e45e8dff621cf66913fc521,2026-02-26 16:28:05,Week 1,0,0 – 2 hours,1,1,Never,"ChatGPT, Google Gemini, Microsoft Copilot",1 – 3,4,Health / stress issues,1,2,False,,About the same,YouTube,2026-02-23 10:13:22,Kerala,State University,B.Tech,3rd Year,Prefer not to say,2 – 4 hours,"YouTube, NPTEL / SWAYAM, Coursera / Udemy / edX, ChatGPT / AI tools, Notion / Anki / Obsidian, College LMS, WhatsApp / Telegram, Physical notes",8,,,,,,,,
3593,27d91473394ea1f8f97a8f1740492902f4ab1abbfe0b003e4536904eaba6dca0,2026-03-01 20:17:48,Week 6,5,0 – 2 hours,4,1,Never,ChatGPT,3 – 6,4,NaN,4,4,False,,About the same,WhatsApp / Telegram (for study purposes),2026-01-31 18:43:28,Tamil Nadu,IIT / NIT,B.Tech,3rd Year,7.0 – 8.0,2 – 4 hours,"YouTube, NPTEL / SWAYAM, Coursera / Udemy / edX, ChatGPT / AI tools, Notion / Anki / Obsidian, College LMS, WhatsApp / Telegram, Physical notes",8,,,,,,,,
3594,e14fc3506630213cf4dbb3dddf035e19aad46cfaf81f1761b7791f1f48a64d67,2026-03-05 16:57:48,Week 1,7,2 – 4 hours,2,2,Never,"ChatGPT, Google Gemini, Claude, QuillBot",3 – 6,2,"No quiet study space, Health / stress issues",2,2,False,70.0,Much worse,NaN,2026-02-02 12:45:31,Madhya Pradesh,Central University,B.Tech,3rd Year,8.0 – 9.0,2 – 4 hours,"ChatGPT / AI tools, WhatsApp / Telegram",2,,,,,,,,
3595,49c29b44c0f2dba949371e3de5aaea4ace47ef333c771bda5ab86551a01e7a7d,2026-03-05 16:58:48,Week 1,4,2 – 4 hours,3,3,Sometimes,"ChatGPT, Google Gemini",3 – 6,3,Mobile-only access,2,2,False,,Slightly worse,College LMS,2026-02-02 12:49:39,Uttar Pradesh,Central University,B.Tech,Others,8.0 – 9.0,2 – 4 hours,"YouTube, ChatGPT / AI tools",2,,,,,,,,
3596,c4fc9686cc1b927682fbf989fe97901e479c7d5a214ce073d7cc6062f4682ed6,2026-03-05 16:59:42,Week 1,4,2 – 4 hours,3,2,Rarely,"ChatGPT, Google Gemini",1 – 3,2,"Poor internet, Mobile-only access",2,2,False,,Slightly worse,"NPTEL / SWAYAM, College LMS",2026-02-23 10:06:40,Andhra Pradesh,Private University,B.Com,3rd Year,6.0 – 7.0,0 – 2 hours,"Coursera / Udemy / edX, ChatGPT / AI tools, Notion / Anki / Obsidian, WhatsApp / Telegram",4,,,,,,,,
3597,81ddebb1fc0e6b009a5655dea87854093d1374914f03d128e615c955c9007504,2026-03-05 17:00:39,Week 1,3,2 – 4 hours,2,3,Rarely,"ChatGPT, Google Gemini",3 – 6,2,"Mobile-only access, No quiet study space",2,2,False,,Slightly worse,"YouTube, NPTEL / SWAYAM, Coursera / Udemy / edX",2026-01-12 20:20:23,Tamil Nadu,Private University,B.Tech,3rd Year,7.0 – 8.0,2 – 4 hours,"YouTube, ChatGPT / AI tools, WhatsApp / Telegram, Physical notes only",4,,,,,,,,
3598,3a16c6fa9dbc26f91e12cdd112bec4f2953a34f47097d3424e3f551bb022a684,2026-03-05 17:01:25,Week 1,3,2 – 4 hours,2,2,Rarely,"ChatGPT, Google Gemini",1 – 3,2,"Poor internet, Mobile-only access",2,2,False,,Slightly worse,"YouTube, NPTEL / SWAYAM, Coursera / Udemy / edX",2026-01-31 18:44:48,Tamil Nadu,Private University,BBA,1st Year,6.0 – 7.0,0 – 2 hours,"YouTube, Coursera / Udemy / edX, ChatGPT / AI tools, College LMS, WhatsApp / Telegram, Physical notes",6,,,,,,,,
3599,48cdb835c278ac6b10eed195f85632896d3be15d20d75197a0b916b2395939a6,2026-03-05 17:03:10,Week 2,6,2 – 4 hours,2,2,Sometimes,"ChatGPT, Google Gemini, Claude",3 – 6,3,"Poor internet, Mobile-only access, No quiet study space",3,3,False,,About the same,"YouTube, NPTEL / SWAYAM, College LMS",2026-01-27 00:18:46,Telangana,IIT / NIT,B.Sc,3rd Year,7.0 – 8.0,0 – 2 hours,"YouTube, NPTEL / SWAYAM, ChatGPT / AI tools, WhatsApp / Telegram, Physical notes only",5,,,,,,,,
3600,ace8e293cc91c35e822f9101bc4e97d2ad904d1e130b4402fd6a6642f245665e,2026-03-05 17:04:26,Week 2,13,2 – 4 hours,3,4,Often,"ChatGPT, Google Gemini",6 – 10,5,"No quiet study space, Health / stress issues, None",5,5,False,,Slightly better,"YouTube, NPTEL / SWAYAM",2026-02-23 10:12:43,Kerala,State University,B.Tech,2nd Year,6.0 – 7.0,0 – 2 hours,"NPTEL / SWAYAM, Notion / Anki / Obsidian",2,,,,,,,,
3601,48cdb835c278ac6b10eed195f85632896d3be15d20d75197a0b916b2395939a6,2026-03-05 17:05:29,Week 1,30,4 – 6 hours,4,4,Always,"ChatGPT, Claude, Canva AI",6 – 10,3,Health / stress issues,3,3,False,80.0,Slightly worse,YouTube,2026-01-27 00:18:46,Telangana,IIT / NIT,B.Sc,3rd Year,7.0 – 8.0,0 – 2 hours,"YouTube, NPTEL / SWAYAM, ChatGPT / AI tools, WhatsApp / Telegram, Physical notes only",5,,,,,,,,
3602,32b68dc8923730efba7e69129bcc4d5555495cc9359174e99e3d50570ce6de44,2026-03-05 17:06:14,Week 2,20,6+ hours,5,5,Often,"ChatGPT, Google Gemini",6 – 10,4,"Poor internet, Mobile-only access",4,4,False,,Slightly better,"YouTube, NPTEL / SWAYAM, Coursera / Udemy / edX",2026-01-31 14:55:58,Kerala,State University,B.Sc,1st Year,7.0 – 8.0,0 – 2 hours,"YouTube, ChatGPT / AI tools, College LMS, WhatsApp / Telegram",4,,,,,,,,
3603,2b17d11e7d9c1af7a7fed72e60e90a5ee797f0b6e0cc8645592f6fdc2ad13cd2,2026-03-05 17:07:04,Week 2,20,6+ hours,5,5,Sometimes,"ChatGPT, Google Gemini, Microsoft Copilot, Claude",6 – 10,4,"Poor internet, Mobile-only access",5,5,False,,About the same,"YouTube, College LMS",2026-01-31 18:51:00,Tamil Nadu,State University,B.Tech,1st Year,6.0 – 7.0,2 – 4 hours,"YouTube, Coursera / Udemy / edX, ChatGPT / AI tools, Notion / Anki / Obsidian, WhatsApp / Telegram",5,,,,,,,,
3604,522e39ae01bce33e97b085b9517a3680984adf0d38e718487e3314eb74127ab2,2026-03-05 17:07:50,Week 3,3,0 – 2 hours,2,1,Never,"ChatGPT, Google Gemini",1 – 3,1,Poor internet,1,1,False,,Much worse,College LMS,2026-01-31 18:48:52,Tamil Nadu,State University,B.Tech,2nd Year,Below 6.0,0 – 2 hours,"YouTube, ChatGPT / AI tools, WhatsApp / Telegram",3,,,,,,,,
3605,ef4aca4b5a9ddc8cfe1cda04eef5cb540a47e603dac29e3f59b7bdd1a387191d,2026-03-05 17:08:35,Week 3,2,0 – 2 hours,2,2,Rarely,Google Gemini,1 – 3,2,"Mobile-only access, No quiet study space",2,1,False,,Slightly worse,Coursera / Udemy / edX,2026-02-02 12:52:17,Maharashtra,Private University,B.Tech,Others,6.0 – 7.0,2 – 4 hours,"YouTube, ChatGPT / AI tools",2,,,,,,,,
3606,ace8e293cc91c35e822f9101bc4e97d2ad904d1e130b4402fd6a6642f245665e,2026-03-05 17:08:36,Week 1,39,4 – 6 hours,4,3,Sometimes,"ChatGPT, Claude",6 – 10,4,Poor internet,4,4,False,,Slightly better,"YouTube, College LMS",2026-02-23 10:12:43,Kerala,State University,B.Tech,2nd Year,6.0 – 7.0,0 – 2 hours,"NPTEL / SWAYAM, Notion / Anki / Obsidian",2,,,,,,,,
3607,f8ecea41f5799921e46e5d82b8d41d92dba1fca7a66ca63506cc3c0aab382672,2026-03-05 17:09:59,Week 3,5,0 – 2 hours,2,2,Rarely,Google Gemini,1 – 3,2,Poor internet,2,3,False,,Much worse,NPTEL / SWAYAM,2026-01-27 17:56:30,Uttar Pradesh,Central University,B.Tech,4th Year,7.0 – 8.0,4 – 6 hours,"YouTube, NPTEL / SWAYAM, Coursera / Udemy / edX, ChatGPT / AI tools, Notion / Anki / Obsidian",5,,,,,,,,
3608,ace8e293cc91c35e822f9101bc4e97d2ad904d1e130b4402fd6a6642f245665e,2026-03-05 17:10:05,Week 1,22,4 – 6 hours,4,4,Never,"ChatGPT, Google Gemini",6 – 10,4,Poor internet,4,3,False,66.0,About the same,NPTEL / SWAYAM,2026-02-23 10:12:43,Kerala,State University,B.Tech,2nd Year,6.0 – 7.0,0 – 2 hours,"NPTEL / SWAYAM, Notion / Anki / Obsidian",2,,,,,,,,
3609,f8ecea41f5799921e46e5d82b8d41d92dba1fca7a66ca63506cc3c0aab382672,2026-03-05 17:11:27,Week 3,3,2 – 4 hours,1,2,Rarely,"Claude, QuillBot",1 – 3,3,"Poor internet, Mobile-only access, No quiet study space, Health / stress issues, None",2,2,False,,Slightly worse,"Notion / Anki / Obsidian, Physical Notes",2026-01-27 17:56:30,Uttar Pradesh,Central University,B.Tech,4th Year,7.0 – 8.0,4 – 6 hours,"YouTube, NPTEL / SWAYAM, Coursera / Udemy / edX, ChatGPT / AI tools, Notion / Anki / Obsidian",5,,,,,,,,
3610,26234105c87439e0dc4fb999632d3a5406775cc0728c26840e4a6b26d071341b,2026-03-05 17:11:45,Week 2,35,4 – 6 hours,4,4,Often,"ChatGPT, Perplexity AI",6 – 10,4,Mobile-only access,4,4,False,75.0,About the same,"YouTube, NPTEL / SWAYAM",2026-01-12 20:18:58,Tamil Nadu,Private University,B.Tech,2nd Year,6.0 – 7.0,0 – 2 hours,"YouTube, ChatGPT / AI tools, College LMS",3,,,,,,,,
3611,ef4aca4b5a9ddc8cfe1cda04eef5cb540a47e603dac29e3f59b7bdd1a387191d,2026-03-05 17:13:19,Week 3,8,2 – 4 hours,2,3,Never,"ChatGPT, Google Gemini, Microsoft Copilot, Claude, Perplexity AI, Grammarly, QuillBot, Notion AI, Jasper AI, GitHub Copilot, Codeium, Replit AI, Tabnine, Canva AI, DALL·E, Midjourney, Adobe Firefly, Khanmigo (Khan Academy AI)",1 – 3,1,"Poor internet, Mobile-only access, No quiet study space, Health / stress issues",1,1,False,,Much worse,"YouTube, NPTEL / SWAYAM, Coursera / Udemy / edX, College LMS, Notion / Anki / Obsidian, WhatsApp / Telegram (for study purposes), Physical Notes",2026-02-02 12:52:17,Maharashtra,Private University,B.Tech,Others,6.0 – 7.0,2 – 4 hours,"YouTube, ChatGPT / AI tools",2,,,,,,,,
3612,2b17d11e7d9c1af7a7fed72e60e90a5ee797f0b6e0cc8645592f6fdc2ad13cd2,2026-03-05 17:14:13,Week 2,49,4 – 6 hours,5,4,Often,"ChatGPT, Google Gemini",6 – 10,4,"Poor internet, Health / stress issues",4,5,False,70.0,Much better,"YouTube, NPTEL / SWAYAM",2026-01-31 18:51:00,Tamil Nadu,State University,B.Tech,1st Year,6.0 – 7.0,2 – 4 hours,"YouTube, Coursera / Udemy / edX, ChatGPT / AI tools, Notion / Anki / Obsidian, WhatsApp / Telegram",5,,,,,,,,
3613,f72f420debc36def28125c58c71822ce49043914a9406e73923965f87c8cb669,2026-03-05 17:14:43,Week 4,0,0 – 2 hours,4,1,Rarely,"ChatGPT, Google Gemini, Claude, Perplexity AI",3 – 6,3,"Poor internet, Mobile-only access, No quiet study space, Health / stress issues",2,1,False,,Much worse,"College LMS, Notion / Anki / Obsidian",2026-01-12 23:37:58,Karnataka,Private University,BA,3rd Year,8.0 – 9.0,0 – 2 hours,"YouTube, ChatGPT / AI tools, WhatsApp / Telegram, Physical notes only",4,,,,,,,,
3614,5e849a6892d6df48c1362529cab706d619efa96a172b3f715bc1f5ccd5ca61ec,2026-03-05 17:15:01,Week 2,55,4 – 6 hours,5,5,Always,"ChatGPT, Google Gemini",6 – 10,4,"Mobile-only access, No quiet study space",5,5,False,88.0,Much better,"YouTube, NPTEL / SWAYAM",2026-02-02 13:01:28,Uttar Pradesh,IIT / NIT,BA,Others,8.0 – 9.0,2 – 4 hours,"YouTube, ChatGPT / AI tools",2,,,,,,,,
3615,f90ab6deefe14d178606a393182b36cdc645169d692772666b9c29214c2a4e40,2026-03-05 17:15:53,Week 4,8,0 – 2 hours,3,2,Rarely,"ChatGPT, Claude",1 – 3,3,"Mobile-only access, No quiet study space",3,2,False,,Much worse,"YouTube, NPTEL / SWAYAM, Coursera / Udemy / edX, College LMS",2026-02-05 21:56:57,Telangana,Private University,B.Tech,3rd Year,7.0 – 8.0,0 – 2 hours,"ChatGPT / AI tools, WhatsApp / Telegram",2,,,,,,,,
3616,f8ecea41f5799921e46e5d82b8d41d92dba1fca7a66ca63506cc3c0aab382672,2026-03-05 17:17:21,Week 4,14,0 – 2 hours,2,2,Rarely,"ChatGPT, Google Gemini",1 – 3,2,"Poor internet, Mobile-only access",2,2,False,,Much worse,"NPTEL / SWAYAM, Coursera / Udemy / edX, WhatsApp / Telegram (for study purposes)",2026-01-27 17:56:30,Uttar Pradesh,Central University,B.Tech,4th Year,7.0 – 8.0,4 – 6 hours,"YouTube, NPTEL / SWAYAM, Coursera / Udemy / edX, ChatGPT / AI tools, Notion / Anki / Obsidian",5,,,,,,,,
3617,132137538b93be89ed6c9815b322a7a0f58530b8c229d1809265140f5cb8c398,2026-03-05 17:18:14,Week 4,4,2 – 4 hours,2,2,Sometimes,"ChatGPT, Google Gemini, Microsoft Copilot",3 – 6,2,"Poor internet, Mobile-only access, No quiet study space",3,3,False,,Slightly worse,"YouTube, College LMS",2026-01-13 19:44:22,Tamil Nadu,Deemed University,B.Tech,3rd Year,7.0 – 8.0,2 – 4 hours,"YouTube, ChatGPT / AI tools",2,,,,,,,,
3618,a0844c331d7454600df29956fea1f640e9035aa0e376172eded377ff472dedbe,2026-03-05 17:19:01,Week 4,10,2 – 4 hours,3,2,Never,"ChatGPT, Google Gemini, Microsoft Copilot, Claude",3 – 6,2,"Poor internet, Mobile-only access, No quiet study space, Health / stress issues",2,3,False,,Slightly worse,NaN,2026-01-31 18:46:52,Karnataka,Central University,B.Sc,1st Year,7.0 – 8.0,2 – 4 hours,"NPTEL / SWAYAM, Coursera / Udemy / edX, ChatGPT / AI tools, College LMS, WhatsApp / Telegram, Physical notes",6,,,,,,,,
3619,caf626adf6b1139006e560ca8cc80b33ca449dfd93d89557b2b5dca8a09ea07f,2026-03-05 17:19:53,Week 3,70,6+ hours,5,5,Always,"ChatGPT, Google Gemini",10+,5,NaN,5,3,False,77.0,Slightly better,YouTube,2026-02-23 10:06:05,Karnataka,Private University,BA,3rd Year,7.0 – 8.0,2 – 4 hours,"YouTube, NPTEL / SWAYAM, Coursera / Udemy / edX, ChatGPT / AI tools, Notion / Anki / Obsidian, WhatsApp / Telegram",6,,,,,,,,
3620,ad04e596e1af01ab238040c91de85cefe7f49fb2aabec57135e928a5ee02305e,2026-03-05 17:20:52,Week 4,59,6+ hours,5,5,Always,"ChatGPT, Google Gemini",10+,5,Health / stress issues,5,5,False,78.0,Much better,"YouTube, NPTEL / SWAYAM",2026-02-02 13:10:08,Karnataka,IIT / NIT,BBA,Others,7.0 – 8.0,2 – 4 hours,"YouTube, NPTEL / SWAYAM",2,,,,,,,,
3621,ad04e596e1af01ab238040c91de85cefe7f49fb2aabec57135e928a5ee02305e,2026-03-05 17:21:43,Week 4,50,6+ hours,5,5,Sometimes,"ChatGPT, Google Gemini",10+,5,Poor internet,5,5,False,50.0,Slightly worse,YouTube,2026-02-02 13:10:08,Karnataka,IIT / NIT,BBA,Others,7.0 – 8.0,2 – 4 hours,"YouTube, NPTEL / SWAYAM",2,,,,,,,,
3622,3d83828233d057f5e1e37a4c9e784850077d6638768e69b0f6b5d4e5e2dfc994,2026-03-05 17:22:39,Week 4,3,0 – 2 hours,1,1,Never,ChatGPT,1 – 3,2,Poor internet,1,1,False,34.0,Much worse,YouTube,2026-01-12 21:41:37,Tamil Nadu,Private University,B.Tech,3rd Year,8.0 – 9.0,0 – 2 hours,"YouTube, ChatGPT / AI tools",2,,,,,,,,
3623,f5df30de694992a770d857d674587e781574c81ffc40be127f93b6a3d3a95f48,2026-03-09 20:29:56,Week 7,1,0 – 2 hours,2,2,Never,ChatGPT,3 – 6,4,NaN,4,4,False,80.0,About the same,NaN,2026-02-23 10:05:11,Andhra Pradesh,State University,B.Sc,3rd Year,Prefer not to say,2 – 4 hours,"YouTube, Coursera / Udemy / edX, Notion / Anki / Obsidian, WhatsApp / Telegram, Physical notes",5,,,,,,,,
